$SPEC_ID:
MEASURE 387.
$SPEC_REM:
DET# 1
DETDESC# MCB 25
AP# Maestro Version 6.05
$DATE_MEA:
04/10/2003 06:49:15
$MEAS_TIM:
200 202
$DATA:
0 1023
       0
       0
       0
       0
       0
       0
       0
       0
       0
       0
       0
       0
       0
       0
       0
       0
       0
       0
       0
       0
       0
       0
       0
       0
       0
       0
       0
       0
       0
       0
       0
       0
       0
       0
       0
       0
       0
       0
       0
       0
       0
       0
       0
       0
       5
       7
       7
      11
      12
       5
      16
      14
       9
      15
      13
      12
      14
      11
      13
      15
      13
      15
       7
      10
      10
      16
       9
       7
      14
       8
      12
      11
       5
      12
      15
       6
      11
      12
      13
       7
       8
      12
      14
      14
      11
       9
       8
      10
      15
      11
      11
      13
      14
      10
       9
       8
      11
      16
      14
      11
      19
      16
      16
      12
      14
      11
      17
      13
       9
       6
       9
      19
      14
      10
       8
      19
      15
      11
      18
      10
       7
       8
       9
      11
      17
      12
      10
      13
      15
      10
      11
      10
       8
       9
      16
      16
      11
      15
      10
      19
       7
       8
       9
      12
      11
      14
      13
       9
      15
      13
      14
       9
      10
      13
      13
      12
      14
      12
      11
      14
      10
      15
      22
      13
      12
       9
       8
      12
      13
       9
       8
       9
      18
      20
      16
      13
      22
      15
      13
      15
      17
      12
       8
      16
      10
      13
       8
      12
      15
      15
      12
      10
      14
      17
      15
      13
      12
      11
      22
      13
      14
       8
      19
      11
      14
       8
      14
      21
       8
       9
      14
      10
      11
      12
      10
       9
      15
      21
      11
      18
      16
      16
      13
       6
      13
      16
      13
      16
      14
      11
      12
      12
      10
      14
      12
      24
      19
      19
      17
      20
      22
      24
      16
      20
      13
      14
      12
      17
      18
      14
      17
      14
      11
      25
      19
      19
      16
      19
      16
      15
      22
      15
      16
      20
      17
      18
      22
       7
      15
      10
      14
      13
      18
      20
      17
       9
      20
      15
      22
      19
      15
      11
      15
      14
      14
      11
      14
      15
      11
      15
      16
      19
      12
      18
      13
      15
      14
      13
      10
      22
      15
       9
      14
      15
       8
      12
      18
      14
       9
      14
      12
       8
      10
      10
      14
      12
       8
      12
      13
      10
      17
       9
       8
      10
       8
      11
       9
       8
      17
      13
       8
      13
      12
       8
       8
      10
      16
      11
      15
      12
      14
      11
      16
      11
      14
       9
      12
      10
      11
      13
      10
      13
      12
      15
      11
      17
      11
       9
       9
      11
      11
      11
       8
      12
      15
      15
      11
       6
       8
       8
      14
      13
      14
       8
       7
      16
       9
      14
      19
      12
      15
      13
      11
      13
      21
      16
       9
       7
      15
       7
       7
      15
      10
      11
      17
      16
       9
      12
      10
      14
      14
      12
      13
      10
      19
      14
      11
      20
       8
      19
      19
       8
      12
      11
      11
      17
      11
      10
      12
      14
      10
      15
      15
      20
      12
      13
      11
      13
      16
      18
      14
      16
      10
      10
      14
      11
      17
      17
      12
       9
      16
      13
      13
      15
       7
      12
      10
      12
       8
      13
       7
      12
       8
       7
       9
       9
       9
       5
       6
       7
       7
       6
      10
       5
      13
      10
       7
       8
       5
       2
       7
       4
       8
       8
       5
       3
       4
       2
       2
       5
       4
       6
       2
       4
       4
       7
       3
       1
       3
       3
       4
       2
       1
       5
       3
       5
       2
       5
       3
       4
       1
       3
       1
       1
       5
       3
       1
       3
       5
       2
       1
       3
       1
       3
       0
       1
       0
       1
       2
       0
       2
       0
       1
       2
       1
       1
       1
       1
       2
       0
       2
       4
       0
       2
       2
       3
       2
       2
       2
       3
       2
       3
       1
       3
       1
       5
       3
       1
       1
       1
       0
       1
       0
       3
       1
       1
       3
       3
       2
       3
       0
       1
       2
       0
       3
       2
       0
       0
       1
       0
       1
       0
       1
       0
       1
       1
       2
       3
       3
       0
       2
       0
       1
       0
       2
       0
       2
       2
       0
       0
       1
       2
       0
       1
       0
       0
       4
       2
       1
       0
       3
       1
       1
       1
       1
       2
       1
       1
       0
       3
       1
       3
       3
       4
       2
       1
       3
       2
       2
       3
       3
       2
       2
       2
       2
       1
       3
       6
       4
       5
      10
       7
       8
       8
       5
       4
      10
       8
      11
       5
      11
      14
      14
      21
      17
      15
      18
      24
      21
      14
      27
      25
      27
      42
      37
      52
      49
      38
      37
      43
      55
      39
      55
      48
      61
      65
      73
      64
      72
      73
      72
      77
      97
      84
      80
      73
      88
      74
      95
      75
      92
      99
      87
      90
      92
      91
      87
      92
     107
      89
     108
     108
     111
      77
     107
      92
     105
     101
      96
     100
      78
      96
      89
     105
      86
      82
      79
      76
      77
      63
      81
      62
      64
      66
      54
      47
      54
      32
      46
      39
      40
      35
      29
      28
      27
      28
      23
      19
      26
      19
      22
      20
      15
      11
      13
      15
       6
      11
      11
       5
       6
      15
       5
       7
      10
       2
       3
       1
       9
       1
       0
       2
       2
       0
       2
       0
       2
       2
       0
       0
       0
       1
       1
       0
       2
       1
       0
       1
       0
       0
       0
       0
       1
       0
       0
       0
       0
       0
       0
       0
       0
       0
       0
       0
       0
       0
       0
       0
       0
       0
       1
       1
       0
       0
       1
       0
       0
       0
       0
       0
       1
       0
       0
       0
       0
       0
       0
       1
       0
       1
       0
       1
       0
       0
       0
       0
       0
       0
       0
       0
       0
       1
       0
       0
       0
       0
       0
       0
       0
       1
       1
       1
       1
       0
       0
       0
       0
       0
       0
       0
       0
       0
       0
       1
       0
       1
       0
       0
       0
       0
       0
       0
       1
       0
       0
       0
       0
       2
       0
       0
       1
       0
       1
       0
       0
       0
       0
       0
       0
       0
       0
       0
       1
       0
       0
       0
       1
       0
       1
       0
       0
       1
       0
       1
       0
       0
       0
       0
       1
       0
       0
       0
       2
       0
       0
       0
       0
       0
       0
       0
       0
       0
       0
       0
       0
       0
       0
       0
       1
       0
       0
       0
       1
       0
       0
       0
       0
       0
       0
       0
       0
       0
       0
       0
       1
       0
       0
       0
       0
       1
       0
       0
       0
       0
       0
       0
       1
       0
       0
       0
       0
       0
       0
       0
       0
       0
       0
       0
       0
       2
       0
       0
       0
       0
       1
       0
       0
       0
       0
       0
       0
       0
       0
       0
       0
       0
       0
       0
       0
       0
       0
       0
       0
       0
       0
       0
       0
       0
       0
       0
       0
       0
       0
       0
       0
       0
       0
       0
       0
       0
       0
       0
       0
       0
       0
       0
       0
       0
       0
       0
       0
       0
       0
       0
       0
       0
       0
       0
       0
       0
       0
       0
       0
       0
       0
       0
       0
       0
       0
       0
       0
       0
       0
       0
$ROI:
3
95 97
514 605
940 948
$PRESETS:
Live Time
200
0
$ENER_FIT:
-289.438599 1.280702
$MCA_CAL:
3
-2.894386E+002 1.280702E+000 0.000000E+000
$SHAPE_CAL:
3
0.000000E+000 0.000000E+000 0.000000E+000
