$SPEC_ID:
MEASURE 387.
$SPEC_REM:
DET# 1
DETDESC# MCB 25
AP# Maestro Version 6.05
$DATE_MEA:
04/10/2003 06:57:30
$MEAS_TIM:
200 202
$DATA:
0 1023
       0
       0
       0
       0
       0
       0
       0
       0
       0
       0
       0
       0
       0
       0
       0
       0
       0
       0
       0
       0
       0
       0
       0
       0
       0
       0
       0
       0
       0
       0
       0
       0
       0
       0
       0
       0
       0
       0
       0
       0
       0
       0
       0
       0
      14
      20
      16
      16
      36
      19
      33
      18
      16
      20
      19
      32
      28
      24
      21
      19
      23
      24
      31
      30
      31
      21
      21
      28
      24
      33
      26
      30
      26
      21
      28
      14
      23
      23
      24
      29
      32
      29
      32
      21
      19
      22
      23
      22
      27
      20
      32
      29
      25
      22
      37
      28
      30
      33
      22
      30
      24
      33
      27
      27
      21
      23
      24
      27
      21
      26
      25
      21
      37
      29
      30
      18
      28
      23
      29
      30
      35
      28
      20
      20
      33
      24
      44
      21
      25
      22
      23
      27
      26
      20
      25
      21
      40
      30
      33
      23
      25
      21
      27
      33
      16
      26
      22
      17
      22
      33
      33
      31
      33
      29
      28
      26
      30
      25
      32
      16
      33
      33
      22
      23
      24
      28
      22
      37
      28
      29
      22
      26
      28
      28
      24
      33
      23
      32
      29
      26
      27
      34
      28
      25
      34
      32
      16
      30
      29
      39
      18
      17
      22
      34
      18
      31
      25
      33
      30
      28
      31
      41
      27
      30
      25
      30
      28
      25
      32
      32
      28
      28
      28
      34
      25
      25
      34
      28
      20
      29
      32
      20
      31
      26
      31
      27
      26
      28
      51
      32
      25
      36
      34
      41
      31
      25
      23
      27
      34
      46
      34
      21
      22
      41
      39
      24
      36
      28
      32
      31
      32
      42
      43
      41
      37
      37
      33
      39
      42
      30
      33
      32
      27
      30
      41
      30
      31
      28
      37
      39
      31
      40
      37
      37
      33
      35
      35
      29
      31
      31
      22
      31
      37
      32
      34
      38
      27
      31
      28
      35
      33
      24
      18
      28
      30
      33
      21
      44
      28
      28
      21
      27
      23
      33
      40
      29
      19
      30
      21
      26
      31
      37
      29
      24
      31
      29
      29
      38
      39
      32
      27
      28
      34
      29
      39
      22
      31
      30
      21
      26
      26
      29
      25
      25
      25
      29
      30
      26
      32
      29
      35
      21
      22
      34
      25
      25
      27
      29
      29
      24
      26
      34
      25
      27
      34
      24
      30
      28
      23
      36
      27
      37
      22
      38
      39
      18
      15
      31
      32
      23
      24
      18
      28
      37
      29
      37
      27
      27
      32
      28
      25
      29
      35
      30
      26
      23
      25
      34
      29
      37
      16
      30
      27
      38
      27
      30
      36
      34
      32
      19
      25
      32
      31
      34
      28
      32
      29
      36
      22
      26
      35
      35
      33
      34
      30
      34
      34
      22
      35
      36
      29
      27
      23
      22
      28
      19
      27
      27
      28
      32
      33
      24
      26
      20
      29
      24
      28
      30
      20
      25
      31
      40
      19
      25
      11
      25
      25
      26
      24
      19
      28
      29
      18
      18
      18
      17
      17
      21
      17
      12
       8
      14
      20
      22
      20
       7
      11
      11
       8
       5
       7
      13
      13
      10
      15
       6
      14
       5
       8
       6
       7
       6
       7
       2
      12
       8
       3
       2
       5
      11
      11
       4
       5
       8
       5
      14
       8
       5
       3
       3
       4
       8
       6
      11
       5
       2
      11
       6
       8
       5
       7
       6
       4
       6
       2
       2
       7
       6
       9
       3
       3
       9
       2
       7
       4
       5
       3
       1
       0
       6
       4
       2
       0
       4
       4
       5
       2
       2
       2
       3
      10
       3
       1
       2
       1
       3
       1
       3
       7
       3
       4
       1
       2
       1
       3
       1
       1
       3
       4
       1
       1
       3
       3
       2
       0
       2
       1
       2
       4
       5
       5
       8
       2
       1
       2
       1
       6
       3
       2
       2
       2
       1
       6
       1
       3
       0
       3
       4
       4
       2
       2
       4
       0
       0
       4
       3
       1
       4
       1
       4
       6
       4
       4
       3
       3
       3
       0
       3
       3
       4
       4
       5
       1
       4
       0
       1
       1
       2
       5
       6
       3
       4
       7
       7
       3
      16
       9
       6
       6
       9
       7
      10
      16
      12
      12
      20
      17
      21
      16
      27
      32
      29
      31
      34
      43
      31
      54
      48
      55
      52
      64
      58
      80
      69
      94
     100
     116
     107
     105
     136
     115
     115
     137
     123
     142
     178
     171
     168
     183
     174
     196
     202
     198
     195
     220
     225
     225
     248
     281
     254
     248
     242
     255
     288
     291
     298
     277
     308
     334
     274
     274
     307
     291
     314
     293
     312
     277
     260
     276
     273
     261
     252
     263
     261
     242
     255
     230
     214
     204
     179
     190
     196
     158
     193
     161
     157
     146
     156
     144
     107
     111
     110
     119
      88
      95
      89
      90
      69
      81
      58
      64
      66
      51
      46
      45
      30
      24
      33
      24
      17
      31
      24
      22
      24
      12
      17
      15
      13
      10
      11
       5
       5
       4
       3
       3
       5
       0
       1
       1
       1
       3
       1
       2
       2
       1
       4
       2
       1
       1
       0
       2
       1
       0
       0
       0
       1
       1
       1
       0
       0
       1
       0
       1
       1
       0
       0
       0
       0
       0
       0
       0
       1
       0
       0
       0
       0
       1
       1
       0
       0
       1
       0
       0
       1
       1
       1
       0
       0
       0
       1
       0
       0
       0
       1
       0
       0
       1
       0
       0
       0
       0
       1
       0
       0
       0
       0
       0
       0
       0
       0
       0
       0
       0
       0
       0
       0
       0
       1
       0
       0
       0
       0
       0
       0
       0
       0
       2
       1
       0
       0
       0
       0
       0
       0
       0
       1
       0
       0
       0
       1
       0
       0
       0
       0
       1
       0
       0
       0
       0
       0
       0
       1
       0
       0
       1
       0
       1
       0
       0
       0
       0
       0
       1
       0
       0
       1
       2
       1
       0
       0
       0
       0
       0
       0
       0
       0
       0
       1
       0
       0
       0
       0
       1
       0
       0
       0
       0
       0
       0
       0
       0
       1
       0
       0
       0
       0
       2
       1
       1
       0
       0
       0
       1
       0
       0
       0
       0
       0
       0
       1
       0
       0
       1
       0
       0
       0
       0
       3
       0
       1
       1
       0
       0
       0
       1
       1
       0
       1
       1
       0
       0
       1
       1
       0
       2
       0
       0
       0
       0
       0
       0
       0
       0
       0
       0
       0
       0
       0
       0
       0
       0
       0
       0
       0
       0
       0
       0
       0
       0
       0
       0
       0
       0
       0
       0
       0
       0
       0
       0
       0
       0
       0
       0
       0
       0
       0
       0
       0
       0
       0
       0
       0
       0
       0
       0
       0
       0
       0
       0
       0
       0
       0
       0
       0
       0
       0
       0
       0
       0
       0
       0
       0
       0
       0
$ROI:
3
95 97
514 605
940 948
$PRESETS:
Live Time
200
0
$ENER_FIT:
-289.438599 1.280702
$MCA_CAL:
3
-2.894386E+002 1.280702E+000 0.000000E+000
$SHAPE_CAL:
3
0.000000E+000 0.000000E+000 0.000000E+000
