$SPEC_ID:
MEASURE 002.
$SPEC_REM:
DET# 1
DETDESC# MCB 25
AP# Maestro Version 6.05
$DATE_MEA:
04/12/2003 06:42:43
$MEAS_TIM:
200 203
$DATA:
0 1023
       0
       0
       0
       0
       0
       0
       0
       0
       0
       0
       0
       0
       0
       0
       0
       0
       0
       0
       0
       0
       0
       0
       0
       0
       0
       0
       0
       0
       0
       0
       0
       0
       0
       0
       0
       0
       0
       0
       0
       0
       0
       0
       0
       0
       0
       0
       0
       0
       0
       0
       0
       0
       0
       0
       0
       0
       0
       0
       0
       0
       0
       0
       0
       0
       0
       0
       0
       0
       0
       0
       0
       0
       0
       0
       0
       0
       0
       0
       0
       0
       0
       0
       0
       0
       0
       0
       0
       0
       0
       0
       0
       0
       0
       0
       0
       0
       0
       0
       0
       0
       0
       0
       0
       0
       0
       0
       0
       0
       0
       0
       0
       0
       0
       0
       0
       0
       0
       0
       0
       0
       0
       0
       0
       0
       0
       0
       0
       0
       0
       0
       0
       0
       0
       0
       0
       0
       0
       0
       0
       0
       0
       0
       0
       0
       0
       0
       0
       0
       0
       0
       0
       0
       0
       0
       0
       0
       0
       0
       0
       0
       0
       0
       0
       0
       0
       0
       0
       0
       0
       0
       0
       0
       0
       0
       0
       0
       0
       0
       0
       7
     516
     645
     629
     632
     638
     642
     661
     572
     561
     603
     603
     593
     609
     595
     617
     633
     632
     625
     643
     618
     630
     647
     650
     626
     656
     614
     652
     655
     644
     659
     675
     688
     704
     675
     708
     699
     703
     671
     716
     740
     694
     763
     707
     739
     675
     735
     713
     700
     719
     688
     711
     706
     681
     669
     690
     694
     661
     641
     653
     661
     644
     650
     630
     630
     644
     628
     562
     660
     569
     624
     644
     601
     559
     642
     584
     581
     568
     563
     600
     526
     577
     528
     556
     596
     584
     540
     598
     504
     557
     556
     524
     565
     544
     560
     562
     570
     511
     538
     536
     567
     488
     529
     513
     491
     516
     482
     506
     510
     477
     534
     499
     477
     489
     494
     454
     484
     461
     512
     488
     471
     446
     447
     477
     483
     388
     446
     416
     421
     492
     458
     442
     417
     472
     439
     448
     456
     412
     449
     414
     438
     411
     402
     410
     383
     426
     439
     413
     375
     411
     387
     436
     365
     388
     407
     399
     413
     421
     391
     344
     376
     353
     376
     344
     384
     381
     328
     332
     381
     353
     404
     348
     394
     392
     370
     367
     364
     372
     355
     366
     353
     387
     365
     324
     332
     342
     350
     346
     360
     377
     367
     344
     372
     336
     348
     323
     329
     307
     319
     308
     367
     331
     331
     368
     305
     299
     316
     295
     296
     273
     325
     326
     313
     325
     307
     272
     300
     301
     302
     295
     276
     256
     259
     264
     241
     252
     252
     263
     256
     241
     210
     222
     236
     235
     212
     225
     223
     217
     204
     218
     188
     195
     195
     220
     191
     197
     189
     205
     186
     192
     201
     179
     219
     184
     191
     171
     168
     162
     172
     150
     153
     170
     169
     157
     140
     168
     165
     187
     142
     160
     178
     159
     151
     145
     150
     123
     120
     140
     126
     146
     146
     148
     144
     151
     141
     141
     146
     137
     129
     143
     129
     133
     125
     135
     126
     135
     128
     124
     104
     118
      95
     133
     136
     120
     117
     136
     116
     124
     138
     115
     104
     125
     101
     136
     107
     110
     115
     134
     124
     123
     100
     109
     119
     107
     118
     118
     115
     107
     123
     112
     111
     110
     124
     112
     108
     105
     116
     140
     124
      91
     101
      99
     104
     116
     136
     108
     118
     124
     103
     118
     123
     148
     101
     121
     128
     119
     118
     125
     112
     123
     119
     107
     140
     131
     147
     124
     146
     144
     128
     124
     160
     149
     156
     151
     179
     175
     182
     187
     192
     183
     202
     186
     212
     238
     228
     256
     262
     268
     297
     324
     353
     338
     346
     369
     412
     384
     407
     457
     466
     495
     552
     551
     610
     620
     691
     623
     724
     745
     722
     763
     797
     821
     918
     914
     940
     986
    1030
    1077
    1058
    1117
    1206
    1161
    1230
    1153
    1291
    1287
    1243
    1305
    1366
    1282
    1339
    1421
    1348
    1312
    1328
    1336
    1306
    1277
    1252
    1290
    1249
    1273
    1282
    1149
    1209
    1120
    1155
    1068
    1071
     987
    1023
     965
     928
     896
     840
     764
     788
     697
     681
     617
     613
     573
     588
     532
     529
     457
     441
     413
     380
     372
     339
     278
     294
     268
     236
     237
     182
     163
     168
     166
     154
     118
     132
     136
     105
     113
     110
     107
     109
      75
      82
      69
      73
      58
      64
      62
      66
      72
      67
      73
      51
      44
      57
      46
      42
      50
      50
      54
      49
      41
      52
      74
      51
      50
      55
      47
      52
      60
      36
      41
      45
      52
      57
      46
      41
      50
      46
      43
      35
      49
      62
      35
      39
      56
      32
      64
      35
      36
      36
      42
      41
      39
      47
      41
      56
      39
      41
      55
      46
      41
      55
      53
      49
      37
      58
      48
      36
      49
      49
      47
      39
      44
      51
      43
      35
      33
      37
      40
      40
      38
      48
      45
      36
      48
      40
      37
      48
      53
      42
      41
      39
      30
      43
      43
      29
      39
      32
      49
      42
      29
      48
      42
      41
      32
      42
      44
      47
      39
      37
      37
      38
      43
      39
      50
      34
      32
      47
      47
      44
      34
      43
      48
      49
      51
      48
      38
      41
      44
      59
      46
      52
      50
      47
      40
      45
      57
      55
      43
      59
      45
      39
      44
      45
      50
      45
      33
      60
      38
      34
      47
      41
      44
      51
      40
      49
      31
      33
      40
      34
      35
      48
      45
      34
      53
      38
      54
      42
      36
      47
      40
      51
      38
      50
      47
      40
      44
      35
      37
      38
      41
      39
      42
      41
      34
      45
      49
      59
      46
      33
      50
      48
      40
      31
      35
      39
      48
      44
      44
      37
      37
      47
      44
      41
      34
      37
      49
      55
      49
      46
      51
      40
      54
      31
      49
      50
      43
      34
      50
      49
      35
      41
      42
      55
      37
      39
      41
      41
      34
      40
      30
      50
      38
      51
      44
      33
      43
      36
      37
      44
      36
      44
      52
      50
      38
      39
      56
      45
      44
      37
      42
      46
      49
      46
      46
      36
      37
      43
      35
      50
      50
      42
      56
      30
      41
      37
      43
      54
      50
      45
      44
      58
      44
      46
      46
      46
      51
      51
      44
      48
      45
      34
      55
      41
      50
      41
      33
      20
       0
       0
       0
       0
       0
       0
       0
       0
       0
       0
       0
       0
       0
       0
       0
       0
       0
       0
       0
       0
       0
       0
       0
       0
       0
       0
       0
       0
       0
       0
       0
       0
       0
       0
       0
       0
       0
       0
       0
       0
       0
       0
       0
       0
       0
       0
       0
       0
       0
       0
       0
       0
       0
       0
       0
       0
       0
       0
       0
       0
       0
       0
       0
       0
       0
       0
       0
       0
$ROI:
4
95 97
514 605
653 730
940 948
$PRESETS:
Live Time
200
0
$ENER_FIT:
-289.438599 1.280702
$MCA_CAL:
3
-2.894386E+002 1.280702E+000 0.000000E+000
$SHAPE_CAL:
3
0.000000E+000 0.000000E+000 0.000000E+000
