$SPEC_ID:
MEASURE 002.
$SPEC_REM:
DET# 1
DETDESC# MCB 25
AP# Maestro Version 6.05
$DATE_MEA:
04/12/2003 06:13:37
$MEAS_TIM:
200 203
$DATA:
0 1023
       0
       0
       0
       0
       0
       0
       0
       0
       0
       0
       0
       0
       0
       0
       0
       0
       0
       0
       0
       0
       0
       0
       0
       0
       0
       0
       0
       0
       0
       0
       0
       0
       0
       0
       0
       0
       0
       0
       0
       0
       0
       0
       0
       0
       0
       0
       0
       0
       0
       0
       0
       0
       0
       0
       0
       0
       0
       0
       0
       0
       0
       0
       0
       0
       0
       0
       0
       0
       0
       0
       0
       0
       0
       0
       0
       0
       0
       0
       0
       0
       0
       0
       0
       0
       0
       0
       0
       0
       0
       0
       0
       0
       0
       0
       0
       0
       0
       0
       0
       0
       0
       0
       0
       0
       0
       0
       0
       0
       0
       0
       0
       0
       0
       0
       0
       0
       0
       0
       0
       0
       0
       0
       0
       0
       0
       0
       0
       0
       0
       0
       0
       0
       0
       0
       0
       0
       0
       0
       0
       0
       0
       0
       0
       0
       0
       0
       0
       0
       0
       0
       0
       0
       0
       0
       0
       0
       0
       0
       0
       0
       0
       0
       0
       0
       0
       0
       0
       0
       0
       0
       0
       0
       0
       0
       0
       0
       0
       0
       0
      81
     564
     778
     779
     791
     758
     780
     825
     779
     747
     789
     780
     838
     742
     832
     772
     772
     807
     797
     785
     781
     776
     781
     741
     736
     750
     803
     812
     793
     730
     774
     786
     783
     778
     774
     733
     740
     734
     725
     714
     722
     750
     704
     746
     710
     757
     698
     695
     702
     657
     687
     652
     683
     677
     654
     703
     624
     659
     653
     627
     652
     613
     630
     605
     587
     618
     646
     660
     612
     627
     602
     629
     579
     576
     621
     617
     578
     553
     537
     534
     529
     586
     575
     576
     573
     574
     503
     511
     537
     564
     499
     533
     548
     522
     470
     524
     480
     542
     501
     491
     490
     508
     487
     464
     511
     465
     497
     457
     458
     480
     506
     468
     446
     469
     460
     456
     481
     458
     419
     440
     446
     427
     431
     455
     461
     480
     461
     447
     418
     450
     425
     423
     422
     402
     392
     443
     437
     444
     430
     422
     406
     460
     424
     422
     377
     373
     391
     397
     372
     386
     366
     348
     406
     369
     378
     391
     358
     403
     334
     338
     369
     318
     331
     352
     360
     291
     341
     314
     317
     308
     313
     288
     339
     270
     303
     294
     299
     291
     279
     258
     278
     260
     229
     256
     253
     256
     240
     245
     221
     250
     251
     231
     211
     234
     239
     233
     220
     200
     216
     213
     209
     221
     208
     206
     198
     170
     205
     211
     214
     201
     206
     211
     189
     195
     182
     186
     190
     174
     209
     187
     187
     194
     153
     180
     183
     160
     152
     150
     190
     160
     135
     157
     156
     152
     169
     151
     155
     152
     172
     158
     146
     151
     158
     155
     136
     139
     146
     134
     164
     131
     142
     145
     164
     147
     150
     140
     148
     151
     140
     125
     143
     148
     150
     148
     131
     146
     127
     173
     142
     136
     145
     149
     136
     143
     138
     137
     150
     149
     141
     157
     156
     152
     163
     150
     125
     143
     182
     171
     163
     171
     216
     183
     191
     194
     193
     193
     209
     243
     217
     252
     213
     226
     277
     260
     292
     312
     324
     310
     366
     374
     364
     416
     400
     375
     430
     483
     474
     516
     531
     540
     595
     569
     663
     656
     675
     612
     742
     719
     816
     760
     839
     821
     859
     913
     906
     908
     926
    1021
     994
    1041
    1006
    1006
    1071
    1138
    1152
    1050
    1116
    1144
    1166
    1154
    1201
    1188
    1162
    1189
    1205
    1196
    1236
    1134
    1153
    1162
    1117
    1150
    1178
    1074
    1093
    1050
    1021
    1087
     995
    1026
     936
     931
     949
     892
     862
     816
     811
     791
     742
     759
     721
     656
     645
     653
     580
     624
     552
     559
     548
     519
     481
     442
     433
     421
     375
     392
     388
     376
     324
     318
     282
     283
     256
     229
     260
     217
     215
     207
     213
     159
     194
     178
     174
     150
     136
     172
     138
     119
     113
      93
     111
     103
     104
      97
      79
      94
      85
      77
      74
      63
      80
      68
      77
      61
      58
      62
      48
      61
      68
      68
      56
      56
      53
      62
      59
      56
      57
      59
      60
      41
      50
      46
      53
      45
      54
      63
      67
      46
      54
      51
      59
      43
      56
      59
      46
      66
      53
      47
      49
      53
      50
      61
      43
      63
      39
      52
      44
      60
      42
      48
      55
      54
      47
      59
      65
      55
      55
      51
      52
      62
      45
      38
      50
      62
      55
      52
      39
      63
      45
      50
      50
      50
      42
      56
      46
      43
      44
      51
      48
      57
      49
      39
      61
      42
      49
      51
      45
      42
      58
      59
      52
      64
      40
      48
      49
      53
      42
      45
      45
      51
      44
      47
      53
      47
      62
      48
      49
      37
      58
      42
      50
      43
      54
      54
      42
      55
      53
      37
      40
      47
      45
      51
      49
      54
      49
      51
      48
      36
      57
      52
      40
      55
      60
      52
      52
      53
      54
      34
      49
      45
      57
      66
      57
      59
      54
      51
      65
      48
      46
      54
      50
      42
      48
      46
      53
      50
      50
      47
      51
      50
      58
      54
      43
      54
      61
      37
      41
      49
      58
      59
      61
      57
      70
      47
      45
      57
      45
      46
      49
      49
      51
      57
      60
      48
      51
      44
      59
      43
      49
      57
      40
      39
      39
      58
      46
      58
      51
      42
      51
      53
      48
      41
      38
      58
      54
      48
      41
      67
      45
      51
      56
      52
      41
      57
      48
      62
      55
      60
      51
      49
      52
      58
      55
      54
      57
      52
      42
      46
      43
      44
      52
      53
      49
      49
      50
      53
      56
      51
      49
      48
      43
      45
      47
      56
      48
      66
      52
      46
      45
      57
      49
      43
      33
      46
      53
      36
      56
      46
      53
      53
      62
      50
      56
      64
      51
      55
      59
      55
      59
      50
      59
      44
      48
      50
      47
      60
      48
      61
      47
      56
      51
      56
      75
      53
      45
      69
      49
      59
      61
      45
      50
      52
      49
      70
      66
      61
      55
      64
      65
      59
      57
      61
      59
      59
      53
      58
      48
      69
      54
      42
      57
      44
      49
      69
      45
      54
      49
      63
      64
      49
      49
      53
      64
      55
      52
      65
      46
      56
      57
      63
      55
      64
      57
      46
      63
      51
      62
      50
      49
      48
      53
      47
      63
      56
      65
      52
      23
       0
       0
       0
       0
       0
       0
       0
       0
       0
       0
       0
       0
       0
       0
       0
       0
       0
       0
       0
       0
       0
       0
       0
       0
       0
       0
       0
       0
       0
       0
       0
       0
       0
       0
       0
       0
       0
       0
       0
       0
       0
       0
       0
       0
       0
       0
       0
       0
       0
       0
       0
       0
       0
       0
       0
       0
       0
       0
       0
       0
       0
       0
       0
       0
       0
       0
       0
       0
$ROI:
4
95 97
514 605
653 730
940 948
$PRESETS:
Live Time
200
0
$ENER_FIT:
-289.438599 1.280702
$MCA_CAL:
3
-2.894386E+002 1.280702E+000 0.000000E+000
$SHAPE_CAL:
3
0.000000E+000 0.000000E+000 0.000000E+000
