$SPEC_ID:
MEASURE 524.
$SPEC_REM:
DET# 1
DETDESC# MCB 25
AP# Maestro Version 6.05
$DATE_MEA:
04/05/2003 07:42:14
$MEAS_TIM:
200 201
$DATA:
0 1023
       0
       0
       0
       0
       0
       0
       0
       0
       0
       0
       0
       0
       0
       0
       0
       0
       0
       0
       0
       0
       0
       0
       0
       0
       0
       0
       0
       0
       0
       0
       0
       0
       0
       0
       0
       0
       0
       0
       0
       0
       0
       0
       0
       0
       0
       0
       0
       0
       0
       0
       0
       0
       0
       0
       0
       0
       0
       0
       0
       0
       0
       0
       0
       0
       0
       0
       0
       0
       0
       0
       0
       0
       0
       0
       0
       0
       0
       0
       0
       0
       0
       0
       0
       0
       0
       0
       0
       0
       0
       0
       0
       0
       0
       0
       0
       0
       0
       0
       0
       0
       0
       0
       0
       0
       0
       0
       0
       0
       0
       0
       0
       0
       0
       0
       0
       0
       0
       0
       0
       0
       0
       0
       0
       0
       0
       0
       0
       0
       0
       0
       0
       0
       0
       0
       0
       0
       0
       0
       0
       0
       0
       0
       0
       0
       0
       0
       0
       0
       0
       0
       0
       0
       0
       0
       0
       0
       0
       0
       0
       0
       0
       0
       0
       0
       0
       0
       0
       0
       0
       0
       0
       0
       0
       0
       0
       0
       0
       0
       0
       0
       0
       0
       0
       0
       0
       0
       0
       0
       0
       0
       0
       0
       0
       0
       0
       0
       0
       0
       0
       0
       0
       0
       0
       0
       0
       0
       0
       0
       0
       0
       0
       0
       0
       0
       0
       0
       0
       0
       0
       0
       0
       0
       0
       0
       0
       0
       0
       0
       0
       0
       0
       0
       0
       0
       0
       0
       0
       0
       0
       0
       0
       0
       0
       0
       0
       0
       0
       0
       0
       0
       0
       0
       0
       0
       0
       0
       0
       0
       0
       0
       0
       0
       0
       0
       0
       0
       0
       0
       0
       0
       0
       0
       0
       0
       0
       0
       0
       0
       0
       0
       0
       0
       0
       0
       0
       0
       0
       0
       0
       0
       0
       0
       0
       0
       0
       0
       0
       0
       0
       0
       0
       0
       0
       0
       0
       0
       0
       0
       0
       0
       0
       0
       0
       0
       0
       0
       0
       0
       0
       0
       0
       0
       0
       0
       0
       0
       0
       0
       0
       0
       0
       0
       0
       0
       0
       0
       0
       0
       0
       0
       0
       0
       0
       0
       0
       0
       0
       0
       0
       0
       0
       0
       0
       0
       0
       0
       0
       0
       0
       0
       0
       0
       0
       0
       0
       0
       0
       0
       0
       0
       0
       0
       0
       0
       0
       0
       0
       0
       0
       0
       0
       0
       0
       0
       0
       0
       0
       0
       0
       0
       0
       0
       0
       0
       0
       0
       0
       0
       0
       0
       0
       0
       0
       0
       0
       1
      20
      26
      20
      26
      26
      29
      25
      19
      20
      29
      17
      16
      19
      17
      26
      14
      14
      10
      21
       6
      17
      17
      12
      13
      13
      13
      11
      12
      16
       7
      14
       9
       9
       8
      14
       8
      16
      16
       4
       9
       7
      13
       7
      10
       9
       9
      14
       6
       8
       6
       6
       7
       6
      14
       9
       6
       5
      10
      12
      11
       7
       5
       4
       6
       8
       6
       7
       9
       2
       3
       7
       8
       5
       2
       6
       5
       6
       6
       5
       3
       3
       8
       2
       3
       4
       5
       3
       4
       7
       5
       9
       1
       3
       4
       3
       2
       2
       4
       4
       1
       8
      10
       6
       7
       4
       5
       4
       3
       5
       3
       6
       3
       4
       1
       6
       0
       6
       2
       7
       0
       7
       6
       5
       2
       6
       8
       6
       4
       7
       5
       3
       5
       8
       8
       4
       5
      10
       8
      12
      16
       8
       7
      10
      13
       9
      11
      25
      15
      24
      31
      30
      37
      39
      43
      53
      60
      59
      57
      64
      95
      88
     101
     105
     104
     119
     135
     133
     164
     176
     177
     176
     207
     235
     240
     236
     256
     262
     314
     314
     336
     347
     371
     394
     353
     400
     400
     431
     403
     467
     482
     539
     546
     546
     570
     523
     591
     561
     585
     567
     581
     596
     575
     582
     601
     582
     584
     589
     546
     557
     515
     560
     533
     455
     480
     481
     450
     426
     449
     422
     394
     365
     345
     345
     316
     294
     316
     279
     235
     254
     215
     189
     205
     147
     159
     142
     134
     126
     124
     102
     119
      85
      82
      65
      57
      51
      52
      36
      42
      35
      19
      22
      24
      17
      14
      15
      16
      18
       9
      10
       9
       5
       6
       4
       7
       2
       2
       3
       3
       3
       7
       3
       2
       0
       2
       1
       1
       3
       0
       0
       1
       1
       0
       2
       1
       1
       0
       2
       1
       1
       3
       0
       1
       0
       0
       1
       1
       1
       2
       1
       0
       0
       0
       0
       1
       0
       0
       1
       0
       0
       0
       0
       0
       0
       0
       1
       0
       1
       1
       1
       1
       1
       0
       0
       0
       2
       0
       0
       0
       0
       2
       1
       1
       1
       0
       0
       0
       0
       0
       1
       1
       0
       1
       1
       0
       0
       1
       1
       1
       0
       1
       1
       0
       1
       2
       0
       0
       2
       0
       0
       1
       1
       0
       1
       1
       0
       0
       0
       1
       0
       1
       0
       2
       2
       1
       0
       0
       0
       0
       0
       1
       1
       1
       0
       3
       1
       0
       1
       0
       0
       1
       0
       0
       1
       3
       0
       2
       0
       1
       1
       1
       0
       0
       0
       1
       3
       1
       0
       0
       1
       0
       0
       0
       0
       1
       0
       2
       1
       0
       1
       0
       0
       0
       0
       0
       0
       0
       1
       0
       0
       0
       0
       1
       1
       0
       0
       0
       0
       0
       0
       2
       0
       1
       1
       1
       0
       0
       1
       1
       0
       0
       0
       0
       0
       0
       0
       0
       0
       0
       0
       0
       0
       0
       0
       0
       0
       0
       0
       0
       0
       0
       0
       0
       0
       0
       0
       0
       0
       0
       0
       0
       0
       0
       0
       0
       0
       0
       0
       0
       0
       0
       0
       0
       0
       0
       0
       0
       0
       0
       0
       0
       0
       0
       0
       0
       0
       0
       0
       0
       0
       0
       0
       0
       0
       0
       0
       0
       0
       0
       0
       0
       0
       0
       0
       0
       0
       0
       0
       0
       0
       0
       0
       0
       0
       0
       0
       0
       0
       0
       0
       0
       0
       0
       0
       0
       0
       0
       0
       0
       0
       0
       0
       0
       0
       0
       0
       0
       0
       0
       0
       0
       0
       0
       0
       0
       0
       0
       0
       0
       0
       0
       0
       0
       0
       0
       0
       0
       0
       0
       0
       0
       0
       0
       0
       0
       0
       0
       0
       0
       0
       0
       0
       0
       0
       0
       0
       0
       0
       0
       0
       0
       0
       0
       0
       0
       0
       0
       0
       0
       0
       0
       0
       0
       0
       0
       0
       0
       0
       0
$ROI:
2
95 97
514 605
$PRESETS:
Live Time
200
0
$ENER_FIT:
-289.438599 1.280702
$MCA_CAL:
3
-2.894386E+002 1.280702E+000 0.000000E+000
$SHAPE_CAL:
3
0.000000E+000 0.000000E+000 0.000000E+000
