$SPEC_ID:
MEASURE 524.
$SPEC_REM:
DET# 1
DETDESC# MCB 25
AP# Maestro Version 6.05
$DATE_MEA:
04/05/2003 07:34:04
$MEAS_TIM:
200 201
$DATA:
0 1023
       0
       0
       0
       0
       0
       0
       0
       0
       0
       0
       0
       0
       0
       0
       0
       0
       0
       0
       0
       0
       0
       0
       0
       0
       0
       0
       0
       0
       0
       0
       0
       0
       0
       0
       0
       0
       0
       0
       0
       0
       0
       0
       0
       0
       0
       0
       0
       0
       0
       0
       0
       0
       0
       0
       0
       0
       0
       0
       0
       0
       0
       0
       0
       0
       0
       0
       0
       0
       0
       0
       0
       0
       0
       0
       0
       0
       0
       0
       0
       0
       0
       0
       0
       0
       0
       0
       0
       0
       0
       0
       0
       0
       0
       0
       0
       0
       0
       0
       0
       0
       0
       0
       0
       0
       0
       0
       0
       0
       0
       0
       0
       0
       0
       0
       0
       0
       0
       0
       0
       0
       0
       0
       0
       0
       0
       0
       0
       0
       0
       0
       0
       0
       0
       0
       0
       0
       0
       0
       0
       0
       0
       0
       0
       0
       0
       0
       0
       0
       0
       0
       0
       0
       0
       0
       0
       0
       0
       0
       0
       0
       0
       0
       0
       0
       0
       0
       0
       0
       0
       0
       0
       0
       0
       0
       0
       0
       0
       0
       0
       0
       0
       0
       0
       0
       0
       0
       0
       0
       0
       0
       0
       0
       0
       0
       0
       0
       0
       0
       0
       0
       0
       0
       0
       0
       0
       0
       0
       0
       0
       0
       0
       0
       0
       0
       0
       0
       0
       0
       0
       0
       0
       0
       0
       0
       0
       0
       0
       0
       0
       0
       0
       0
       0
       0
       0
       0
       0
       0
       0
       0
       0
       0
       0
       0
       0
       0
       0
       0
       0
       0
       0
       0
       0
       0
       0
       0
       0
       0
       0
       0
       0
       0
       0
       0
       0
       0
       0
       0
       0
       0
       0
       0
       0
       0
       0
       0
       0
       0
       0
       0
       0
       0
       0
       0
       0
       0
       0
       0
       0
       0
       0
       0
       0
       0
       0
       0
       0
       0
       0
       0
       0
       0
       0
       0
       0
       0
       0
       0
       0
       0
       0
       0
       0
       0
       0
       0
       0
       0
       0
       0
       0
       0
       0
       0
       0
       0
       0
       0
       0
       0
       0
       0
       0
       0
       0
       0
       0
       0
       0
       0
       0
       0
       0
       0
       0
       0
       0
       0
       0
       0
       0
       0
       0
       0
       0
       0
       0
       0
       0
       0
       0
       0
       0
       0
       0
       0
       0
       0
       0
       0
       0
       0
       0
       0
       0
       0
       0
       0
       0
       0
       0
       0
       0
       0
       0
       0
       0
       0
       0
       0
       0
       0
       0
       0
       0
       0
       0
       0
       0
       0
       0
       0
       0
       0
       0
       0
      21
      27
      27
      27
      34
      21
      28
      20
      22
      20
      13
      23
      16
      15
      11
      23
      15
      11
      21
      17
      12
      19
      20
      15
      13
      13
      19
      14
      12
      15
       9
      12
       6
      13
      13
      10
       6
      16
      14
      12
       7
       7
      10
       6
      10
       6
       4
      10
      11
       9
      12
      12
       7
       7
       4
       5
       4
      10
       4
       7
       4
       9
       5
       6
       5
       7
       4
       5
       5
       6
       8
       3
       8
       4
       4
       8
       4
       4
       2
       8
       2
       6
      10
       4
       7
       3
       4
       3
       2
       4
       3
       2
       5
       5
       6
       4
       4
       8
       3
       6
       4
       2
       7
       7
       1
       7
       4
       6
       3
       8
      10
       6
       4
       7
       4
      10
       5
       5
       2
       3
       5
       3
       4
       9
       5
       8
       8
       4
       9
      10
       7
       9
      10
       5
      12
       6
       6
       8
       6
      13
       8
      17
      19
      19
      19
      16
      17
      26
      25
      20
      25
      37
      43
      40
      44
      47
      60
      59
      78
      88
      88
      85
     120
     103
     106
     137
     134
     172
     130
     189
     221
     212
     225
     243
     251
     270
     299
     355
     320
     336
     328
     377
     405
     428
     441
     432
     451
     469
     457
     509
     502
     570
     553
     562
     575
     565
     573
     641
     615
     597
     626
     669
     613
     619
     639
     590
     566
     595
     590
     621
     574
     606
     502
     527
     521
     521
     480
     465
     443
     377
     415
     375
     325
     365
     329
     297
     278
     283
     262
     217
     198
     190
     166
     152
     156
     161
     117
     110
     119
      99
     102
      65
      75
      60
      58
      41
      42
      42
      50
      33
      20
      34
      25
      20
      19
      17
      17
       7
      16
       8
       4
       9
       4
       1
       6
       6
       3
       2
       3
       1
       1
       1
       2
       3
       1
       2
       1
       2
       0
       1
       2
       1
       1
       0
       2
       1
       1
       1
       2
       2
       1
       0
       0
       0
       2
       1
       0
       4
       1
       1
       1
       0
       1
       0
       3
       0
       0
       1
       0
       2
       2
       1
       1
       2
       2
       0
       0
       0
       0
       2
       0
       0
       1
       2
       0
       1
       0
       1
       0
       1
       0
       2
       1
       0
       0
       0
       1
       1
       0
       1
       1
       0
       1
       1
       0
       0
       0
       0
       1
       0
       1
       1
       0
       0
       3
       0
       1
       0
       2
       0
       2
       2
       0
       1
       1
       3
       0
       0
       0
       0
       1
       0
       1
       0
       2
       0
       0
       0
       0
       0
       0
       2
       1
       0
       3
       0
       0
       1
       1
       1
       1
       0
       1
       0
       0
       1
       1
       0
       1
       0
       1
       1
       0
       1
       0
       0
       0
       0
       1
       0
       0
       1
       0
       0
       0
       0
       1
       2
       0
       0
       1
       0
       1
       2
       3
       1
       0
       2
       2
       0
       0
       0
       1
       1
       0
       0
       1
       3
       2
       0
       1
       1
       0
       2
       1
       0
       0
       0
       1
       0
       0
       0
       0
       0
       0
       0
       0
       0
       0
       0
       0
       0
       0
       0
       0
       0
       0
       0
       0
       0
       0
       0
       0
       0
       0
       0
       0
       0
       0
       0
       0
       0
       0
       0
       0
       0
       0
       0
       0
       0
       0
       0
       0
       0
       0
       0
       0
       0
       0
       0
       0
       0
       0
       0
       0
       0
       0
       0
       0
       0
       0
       0
       0
       0
       0
       0
       0
       0
       0
       0
       0
       0
       0
       0
       0
       0
       0
       0
       0
       0
       0
       0
       0
       0
       0
       0
       0
       0
       0
       0
       0
       0
       0
       0
       0
       0
       0
       0
       0
       0
       0
       0
       0
       0
       0
       0
       0
       0
       0
       0
       0
       0
       0
       0
       0
       0
       0
       0
       0
       0
       0
       0
       0
       0
       0
       0
       0
       0
       0
       0
       0
       0
       0
       0
       0
       0
       0
       0
       0
       0
       0
       0
       0
       0
       0
       0
       0
       0
       0
       0
       0
       0
       0
       0
       0
       0
       0
       0
       0
       0
       0
       0
       0
       0
       0
       0
       0
       0
$ROI:
2
95 97
514 605
$PRESETS:
Live Time
200
0
$ENER_FIT:
-289.438599 1.280702
$MCA_CAL:
3
-2.894386E+002 1.280702E+000 0.000000E+000
$SHAPE_CAL:
3
0.000000E+000 0.000000E+000 0.000000E+000
