$SPEC_ID:
MEASURE 524.
$SPEC_REM:
DET# 1
DETDESC# MCB 25
AP# Maestro Version 6.05
$DATE_MEA:
04/05/2003 07:38:12
$MEAS_TIM:
200 201
$DATA:
0 1023
       0
       0
       0
       0
       0
       0
       0
       0
       0
       0
       0
       0
       0
       0
       0
       0
       0
       0
       0
       0
       0
       0
       0
       0
       0
       0
       0
       0
       0
       0
       0
       0
       0
       0
       0
       0
       0
       0
       0
       0
       0
       0
       0
       0
       0
       0
       0
       0
       0
       0
       0
       0
       0
       0
       0
       0
       0
       0
       0
       0
       0
       0
       0
       0
       0
       0
       0
       0
       0
       0
       0
       0
       0
       0
       0
       0
       0
       0
       0
       0
       0
       0
       0
       0
       0
       0
       0
       0
       0
       0
       0
       0
       0
       0
       0
       0
       0
       0
       0
       0
       0
       0
       0
       0
       0
       0
       0
       0
       0
       0
       0
       0
       0
       0
       0
       0
       0
       0
       0
       0
       0
       0
       0
       0
       0
       0
       0
       0
       0
       0
       0
       0
       0
       0
       0
       0
       0
       0
       0
       0
       0
       0
       0
       0
       0
       0
       0
       0
       0
       0
       0
       0
       0
       0
       0
       0
       0
       0
       0
       0
       0
       0
       0
       0
       0
       0
       0
       0
       0
       0
       0
       0
       0
       0
       0
       0
       0
       0
       0
       0
       0
       0
       0
       0
       0
       0
       0
       0
       0
       0
       0
       0
       0
       0
       0
       0
       0
       0
       0
       0
       0
       0
       0
       0
       0
       0
       0
       0
       0
       0
       0
       0
       0
       0
       0
       0
       0
       0
       0
       0
       0
       0
       0
       0
       0
       0
       0
       0
       0
       0
       0
       0
       0
       0
       0
       0
       0
       0
       0
       0
       0
       0
       0
       0
       0
       0
       0
       0
       0
       0
       0
       0
       0
       0
       0
       0
       0
       0
       0
       0
       0
       0
       0
       0
       0
       0
       0
       0
       0
       0
       0
       0
       0
       0
       0
       0
       0
       0
       0
       0
       0
       0
       0
       0
       0
       0
       0
       0
       0
       0
       0
       0
       0
       0
       0
       0
       0
       0
       0
       0
       0
       0
       0
       0
       0
       0
       0
       0
       0
       0
       0
       0
       0
       0
       0
       0
       0
       0
       0
       0
       0
       0
       0
       0
       0
       0
       0
       0
       0
       0
       0
       0
       0
       0
       0
       0
       0
       0
       0
       0
       0
       0
       0
       0
       0
       0
       0
       0
       0
       0
       0
       0
       0
       0
       0
       0
       0
       0
       0
       0
       0
       0
       0
       0
       0
       0
       0
       0
       0
       0
       0
       0
       0
       0
       0
       0
       0
       0
       0
       0
       0
       0
       0
       0
       0
       0
       0
       0
       0
       0
       0
       0
       0
       0
       0
       0
       0
       0
       0
       0
       0
       0
       0
       0
       0
       1
      22
      30
      19
      28
      22
      26
      19
      20
      17
      11
      19
      26
      14
      14
      15
      18
      16
      14
      14
      17
      11
      19
      11
      13
      14
      10
      13
      11
       8
      10
       9
      17
      14
      11
      10
      15
       8
       9
       9
       1
       4
      11
       7
       8
       8
       3
       3
       7
       8
       6
      11
       7
       5
       7
       4
       5
       5
       8
       8
       7
       7
       3
      10
       5
       6
       5
       3
       8
       4
      10
       4
       1
       5
       7
       3
       6
      10
      10
       4
       4
       6
       7
       3
       3
       3
       5
       5
       4
       6
       4
       4
       6
       2
       2
       4
       8
       8
       4
       7
       5
       3
       4
       5
       7
       7
       7
       6
       4
       4
       4
       2
       6
       3
       4
       7
       4
      10
       5
       6
       2
       4
       3
       6
       5
       5
       7
       5
       5
       6
       7
       3
       6
       4
      11
       9
       6
      10
      15
       8
      11
      18
      12
      12
      12
      12
      13
      25
      22
      26
      26
      41
      40
      43
      34
      56
      48
      54
      59
      78
      66
     102
     109
     114
     118
     129
     150
     137
     156
     165
     165
     181
     220
     210
     234
     239
     265
     281
     305
     311
     325
     325
     346
     378
     372
     449
     440
     456
     465
     470
     487
     541
     520
     587
     545
     535
     615
     633
     572
     559
     594
     589
     601
     575
     613
     593
     587
     602
     575
     552
     561
     554
     522
     487
     503
     506
     497
     449
     483
     426
     387
     385
     374
     353
     339
     318
     330
     236
     236
     244
     254
     211
     199
     173
     169
     159
     169
     121
     122
     112
      83
      89
      74
      70
      54
      68
      55
      44
      32
      35
      28
      31
      25
      23
      29
      19
      13
      10
      15
       8
       5
       6
      10
       5
       9
       6
       3
       3
       5
       0
       6
       2
       3
       4
       2
       1
       1
       1
       2
       3
       0
       0
       3
       1
       0
       0
       1
       0
       0
       0
       1
       0
       1
       0
       1
       0
       1
       0
       0
       0
       1
       0
       2
       3
       2
       1
       1
       1
       0
       3
       2
       0
       0
       2
       0
       0
       1
       1
       1
       2
       1
       1
       0
       2
       2
       1
       0
       0
       0
       1
       0
       0
       0
       1
       1
       1
       0
       0
       1
       1
       2
       2
       0
       0
       1
       1
       1
       0
       2
       0
       0
       1
       0
       1
       1
       1
       0
       1
       0
       0
       0
       1
       0
       0
       0
       2
       2
       1
       0
       1
       0
       0
       1
       0
       1
       0
       1
       1
       1
       1
       0
       1
       0
       0
       0
       2
       1
       0
       0
       1
       0
       1
       0
       0
       0
       0
       0
       0
       0
       1
       0
       0
       0
       1
       0
       1
       0
       0
       0
       0
       0
       1
       0
       0
       1
       0
       0
       1
       0
       2
       0
       2
       0
       0
       0
       2
       0
       0
       1
       0
       1
       0
       1
       2
       1
       1
       0
       1
       1
       0
       0
       2
       0
       1
       2
       0
       0
       0
       1
       0
       0
       0
       0
       0
       0
       0
       0
       0
       0
       0
       0
       0
       0
       0
       0
       0
       0
       0
       0
       0
       0
       0
       0
       0
       0
       0
       0
       0
       0
       0
       0
       0
       0
       0
       0
       0
       0
       0
       0
       0
       0
       0
       0
       0
       0
       0
       0
       0
       0
       0
       0
       0
       0
       0
       0
       0
       0
       0
       0
       0
       0
       0
       0
       0
       0
       0
       0
       0
       0
       0
       0
       0
       0
       0
       0
       0
       0
       0
       0
       0
       0
       0
       0
       0
       0
       0
       0
       0
       0
       0
       0
       0
       0
       0
       0
       0
       0
       0
       0
       0
       0
       0
       0
       0
       0
       0
       0
       0
       0
       0
       0
       0
       0
       0
       0
       0
       0
       0
       0
       0
       0
       0
       0
       0
       0
       0
       0
       0
       0
       0
       0
       0
       0
       0
       0
       0
       0
       0
       0
       0
       0
       0
       0
       0
       0
       0
       0
       0
       0
       0
       0
       0
       0
       0
       0
       0
       0
       0
       0
       0
       0
       0
       0
       0
       0
       0
       0
       0
       0
$ROI:
2
95 97
514 605
$PRESETS:
Live Time
200
0
$ENER_FIT:
-289.438599 1.280702
$MCA_CAL:
3
-2.894386E+002 1.280702E+000 0.000000E+000
$SHAPE_CAL:
3
0.000000E+000 0.000000E+000 0.000000E+000
