$SPEC_ID:
MEASURE 524.
$SPEC_REM:
DET# 1
DETDESC# MCB 25
AP# Maestro Version 6.05
$DATE_MEA:
04/05/2003 05:48:23
$MEAS_TIM:
200 201
$DATA:
0 1023
       0
       0
       0
       0
       0
       0
       0
       0
       0
       0
       0
       0
       0
       0
       0
       0
       0
       0
       0
       0
       0
       0
       0
       0
       0
       0
       0
       0
       0
       0
       0
       0
       0
       0
       0
       0
       0
       0
       0
       0
       0
       0
       0
       0
       0
       0
       0
       0
       0
       0
       0
       0
       0
       0
       0
       0
       0
       0
       0
       0
       0
       0
       0
       0
       0
       0
       0
       0
       0
       0
       0
       0
       0
       0
       0
       0
       0
       0
       0
       0
       0
       0
       0
       0
       0
       0
       0
       0
       0
       0
       0
       0
       0
       0
       0
       0
       0
       0
       0
       0
       0
       0
       0
       0
       0
       0
       0
       0
       0
       0
       0
       0
       0
       0
       0
       0
       0
       0
       0
       0
       0
       0
       0
       0
       0
       0
       0
       0
       0
       0
       0
       0
       0
       0
       0
       0
       0
       0
       0
       0
       0
       0
       0
       0
       0
       0
       0
       0
       0
       0
       0
       0
       0
       0
       0
       0
       0
       0
       0
       0
       0
       0
       0
       0
       0
       0
       0
       0
       0
       0
       0
       0
       0
       0
       0
       0
       0
       0
       0
       0
       0
       0
       0
       0
       0
       0
       0
       0
       0
       0
       0
       0
       0
       0
       0
       0
       0
       0
       0
       0
       0
       0
       0
       0
       0
       0
       0
       0
       0
       0
       0
       0
       0
       0
       0
       0
       0
       0
       0
       0
       0
       0
       0
       0
       0
       0
       0
       0
       0
       0
       0
       0
       0
       0
       0
       0
       0
       0
       0
       0
       0
       0
       0
       0
       0
       0
       0
       0
       0
       0
       0
       0
       0
       0
       0
       0
       0
       0
       0
       0
       0
       0
       0
       0
       0
       0
       0
       0
       0
       0
       0
       0
       0
       0
       0
       0
       0
       0
       0
       0
       0
       0
       0
       0
       0
       0
       0
       0
       0
       0
       0
       0
       0
       0
       0
       0
       0
       0
       0
       0
       0
       0
       0
       0
       0
       0
       0
       0
       0
       0
       0
       0
       0
       0
       0
       0
       0
       0
       0
       0
       0
       0
       0
       0
       0
       0
       0
       0
       0
       0
       0
       0
       0
       0
       0
       0
       0
       0
       0
       0
       0
       0
       0
       0
       0
       0
       0
       0
       0
       0
       0
       0
       0
       0
       0
       0
       0
       0
       0
       0
       0
       0
       0
       0
       0
       0
       0
       0
       0
       0
       0
       0
       0
       0
       0
       0
       0
       0
       0
       0
       0
       0
       0
       0
       0
       0
       0
       0
       0
       0
       0
       0
       0
       0
       0
       0
       0
       0
       0
       0
       0
       0
       0
       0
       0
       0
      22
      30
      30
      31
      23
      15
      25
      20
      29
      25
      21
      20
      20
      19
      26
      12
      15
       9
      10
      17
      12
      10
      16
       8
      14
      14
      10
      15
      13
       9
      12
      11
       7
      11
      11
      16
      10
      10
       7
      10
       9
       8
      10
       6
       8
       8
      15
      14
       7
       7
       4
      12
       7
      13
       8
       6
      12
       6
       9
       2
       8
       8
       3
       7
       7
       6
       4
       4
       3
       9
       4
       6
       4
       4
       1
       5
       3
       1
       1
       7
      11
      10
       8
       8
       2
       6
       6
       6
       8
       8
       6
       7
       5
       6
       5
       2
       7
       5
       3
       2
       6
       3
       4
       3
       3
       5
       6
       2
       1
       3
       7
       4
       5
       3
       7
       4
       6
       3
       4
       2
       4
       7
       6
       3
       6
       3
       6
       5
       5
       2
       6
       8
       7
       5
       3
       7
      11
       5
       7
      10
      10
      10
      15
      13
       7
      22
      15
      24
      32
      24
      22
      27
      28
      37
      47
      37
      54
      55
      66
      61
      65
      78
      91
      93
     122
     114
     134
     139
     139
     185
     161
     173
     199
     209
     260
     263
     269
     281
     285
     324
     337
     318
     391
     383
     385
     422
     442
     409
     454
     459
     498
     499
     516
     534
     524
     567
     563
     602
     581
     581
     540
     615
     597
     580
     573
     572
     578
     570
     557
     560
     541
     523
     523
     517
     545
     478
     451
     461
     410
     421
     409
     381
     344
     335
     305
     299
     293
     235
     230
     232
     232
     189
     169
     178
     143
     141
     136
     108
      98
      87
      89
      94
      68
      53
      62
      56
      52
      47
      45
      38
      30
      28
      25
      18
      18
      11
      15
      19
       4
      12
      12
       9
      12
       5
      11
       4
       7
       3
       3
       2
       3
       2
       5
       3
       2
       2
       3
       2
       2
       1
       1
       1
       2
       0
       0
       0
       0
       2
       0
       1
       1
       2
       0
       1
       2
       3
       2
       2
       1
       0
       0
       2
       0
       0
       0
       1
       1
       1
       0
       0
       0
       3
       1
       0
       2
       1
       1
       0
       1
       1
       0
       1
       2
       1
       1
       0
       0
       0
       0
       2
       0
       0
       1
       2
       0
       3
       1
       1
       1
       0
       0
       2
       2
       1
       1
       0
       0
       2
       2
       1
       1
       0
       0
       0
       0
       0
       2
       1
       1
       1
       0
       0
       0
       0
       2
       1
       0
       0
       0
       2
       2
       0
       2
       3
       0
       1
       0
       0
       1
       0
       0
       1
       1
       0
       0
       1
       0
       0
       0
       1
       0
       0
       1
       1
       0
       2
       2
       1
       2
       0
       1
       0
       1
       0
       0
       1
       2
       1
       3
       1
       1
       0
       2
       2
       0
       3
       1
       0
       0
       1
       0
       2
       0
       0
       0
       0
       0
       0
       0
       1
       1
       0
       1
       1
       2
       0
       0
       0
       0
       0
       0
       1
       0
       0
       0
       1
       1
       0
       1
       0
       0
       0
       0
       0
       0
       0
       0
       0
       0
       0
       0
       0
       0
       0
       0
       0
       0
       0
       0
       0
       0
       0
       0
       0
       0
       0
       0
       0
       0
       0
       0
       0
       0
       0
       0
       0
       0
       0
       0
       0
       0
       0
       0
       0
       0
       0
       0
       0
       0
       0
       0
       0
       0
       0
       0
       0
       0
       0
       0
       0
       0
       0
       0
       0
       0
       0
       0
       0
       0
       0
       0
       0
       0
       0
       0
       0
       0
       0
       0
       0
       0
       0
       0
       0
       0
       0
       0
       0
       0
       0
       0
       0
       0
       0
       0
       0
       0
       0
       0
       0
       0
       0
       0
       0
       0
       0
       0
       0
       0
       0
       0
       0
       0
       0
       0
       0
       0
       0
       0
       0
       0
       0
       0
       0
       0
       0
       0
       0
       0
       0
       0
       0
       0
       0
       0
       0
       0
       0
       0
       0
       0
       0
       0
       0
       0
       0
       0
       0
       0
       0
       0
       0
       0
       0
       0
       0
       0
       0
       0
       0
       0
       0
       0
       0
       0
       0
       0
       0
$ROI:
2
95 97
514 605
$PRESETS:
Live Time
200
0
$ENER_FIT:
-289.438599 1.280702
$MCA_CAL:
3
-2.894386E+002 1.280702E+000 0.000000E+000
$SHAPE_CAL:
3
0.000000E+000 0.000000E+000 0.000000E+000
