$SPEC_ID:
MEASURE 846.
$SPEC_REM:
DET# 1
DETDESC# MCB 25
AP# Maestro Version 6.05
$DATE_MEA:
04/08/2003 06:34:48
$MEAS_TIM:
196 200
$DATA:
0 1023
       0
       0
       0
       0
       0
       0
       0
       0
       0
       0
       0
       0
       0
       0
       0
       0
       0
       0
       0
       0
       0
       0
       0
       0
       0
       0
       0
       0
       0
       0
       0
       0
       0
       0
       0
       0
       0
       0
       0
       0
       0
       0
       0
       0
     121
     250
     259
     283
     270
     275
     314
     291
     260
     282
     260
     269
     302
     256
     277
     292
     283
     299
     256
     279
     273
     279
     294
     287
     310
     282
     291
     315
     367
     316
     308
     334
     323
     344
     343
     360
     353
     370
     375
     382
     367
     409
     367
     397
     394
     403
     397
     404
     467
     454
     439
     456
     414
     465
     464
     464
     458
     434
     492
     480
     505
     512
     482
     509
     483
     506
     506
     509
     582
     537
     533
     521
     514
     550
     543
     580
     542
     531
     534
     627
     584
     566
     532
     583
     550
     611
     622
     632
     572
     610
     603
     589
     580
     657
     613
     593
     648
     602
     578
     584
     618
     635
     607
     637
     548
     651
     657
     558
     620
     629
     665
     680
     608
     596
     650
     623
     629
     643
     610
     607
     630
     616
     602
     581
     623
     604
     617
     650
     600
     606
     632
     588
     608
     601
     647
     562
     622
     598
     645
     616
     670
     580
     612
     632
     652
     633
     641
     621
     641
     672
     693
     631
     718
     698
     639
     680
     713
     691
     697
     718
     759
     717
     727
     730
     735
     713
     743
     739
     698
     671
     737
     711
     723
     673
     704
     698
     650
     696
     675
     661
     660
     625
     672
     663
     626
     611
     665
     586
     605
     584
     642
     595
     622
     566
     614
     587
     599
     593
     590
     577
     592
     576
     629
     566
     556
     531
     548
     550
     549
     571
     527
     560
     542
     560
     588
     529
     574
     523
     531
     558
     545
     515
     513
     534
     500
     550
     523
     489
     482
     507
     455
     445
     501
     466
     468
     469
     469
     461
     462
     430
     464
     431
     467
     437
     470
     426
     498
     432
     447
     411
     459
     414
     378
     446
     403
     429
     400
     425
     435
     422
     406
     461
     396
     402
     421
     386
     392
     375
     407
     430
     396
     385
     355
     386
     385
     399
     337
     361
     400
     351
     369
     355
     385
     387
     354
     393
     377
     384
     354
     337
     373
     389
     383
     342
     349
     367
     370
     368
     348
     328
     364
     379
     321
     336
     375
     346
     309
     356
     337
     331
     322
     325
     318
     318
     336
     306
     311
     276
     302
     315
     310
     317
     322
     336
     307
     323
     286
     301
     258
     264
     308
     257
     259
     249
     276
     269
     261
     245
     251
     268
     247
     251
     234
     238
     229
     224
     212
     227
     223
     222
     203
     199
     185
     224
     196
     199
     184
     166
     207
     168
     182
     185
     179
     153
     160
     161
     143
     172
     182
     161
     138
     172
     173
     158
     166
     155
     162
     145
     170
     143
     136
     148
     145
     152
     147
     139
     147
     146
     154
     153
     116
     133
     151
     149
     116
     145
     134
     127
     152
     125
     145
     149
     136
     138
     132
     121
     143
     105
     120
     121
     150
     120
     121
     127
     128
     141
     118
     132
     110
     105
     129
     122
     129
     116
     147
     130
     123
     124
     132
     123
     136
     121
     130
     112
     120
     116
     104
     111
     113
     122
     115
     129
     112
     121
     113
     106
     115
     125
     135
     119
     118
     107
     130
     140
     130
     124
     130
     116
     128
     138
     117
     135
     124
     118
     118
     113
     151
     123
     145
     145
     138
     138
     133
     165
     164
     167
     176
     185
     174
     207
     212
     228
     203
     245
     258
     262
     274
     268
     304
     292
     297
     317
     341
     371
     397
     398
     443
     452
     520
     548
     576
     594
     671
     657
     671
     699
     796
     805
     781
     865
     875
     907
    1023
    1025
    1043
    1058
    1100
    1063
    1175
    1184
    1181
    1242
    1220
    1298
    1300
    1270
    1358
    1329
    1347
    1364
    1319
    1355
    1359
    1351
    1319
    1270
    1391
    1279
    1196
    1223
    1223
    1119
    1137
    1113
    1076
    1029
    1050
    1013
     967
     869
     826
     822
     783
     759
     689
     684
     618
     590
     550
     516
     476
     439
     434
     400
     337
     317
     322
     287
     280
     230
     214
     232
     179
     204
     163
     131
     120
     129
     104
     111
      97
      94
      88
      79
      69
      77
      77
      54
      74
      59
      65
      66
      61
      68
      58
      40
      54
      66
      55
      47
      58
      55
      59
      43
      61
      48
      49
      42
      49
      51
      55
      53
      44
      64
      46
      44
      50
      54
      33
      47
      44
      50
      46
      44
      43
      50
      53
      49
      45
      41
      55
      50
      40
      46
      49
      51
      53
      43
      41
      58
      48
      47
      45
      51
      45
      51
      48
      49
      41
      46
      39
      38
      56
      40
      47
      53
      46
      45
      47
      50
      52
      50
      43
      34
      48
      53
      34
      59
      46
      41
      50
      43
      40
      53
      37
      38
      51
      48
      26
      32
      44
      45
      37
      36
      50
      51
      38
      44
      44
      44
      54
      42
      49
      40
      41
      38
      44
      44
      53
      54
      41
      53
      50
      36
      43
      38
      41
      49
      42
      42
      54
      43
      38
      42
      48
      44
      44
      42
      52
      48
      41
      34
      37
      43
      51
      38
      35
      47
      50
      49
      41
      39
      49
      34
      38
      47
      36
      54
      44
      48
      46
      45
      46
      42
      45
      38
      35
      50
      30
      51
      46
      52
      40
      32
      44
      43
      38
      46
      39
      43
      39
      49
      47
      49
      42
      50
      39
      39
      37
      56
      47
      37
      39
      49
      31
      45
      40
      47
      50
      53
      42
      38
      48
      48
      46
      38
      44
      45
      42
      53
      43
      51
      51
      42
      52
      40
      45
      60
      49
      48
      49
      53
      37
      39
      48
      52
      57
      46
      43
      41
      42
      41
      55
      55
      48
      52
      38
      59
      49
      43
      48
      42
      49
      41
      43
      58
      47
      35
      40
      53
      51
      43
      45
      28
      47
      45
      44
      39
      43
      59
      42
      44
      43
      36
      53
      44
      37
      46
      45
      42
      43
      53
      44
      46
      53
      54
      46
      47
      53
      52
      40
      44
      35
      51
      45
      38
      42
      42
      43
      33
      43
      50
      57
      37
      35
      59
      47
      67
      48
      41
      37
      47
      51
      49
      46
      42
      44
      37
      49
      47
      55
      46
      39
      54
      47
      51
      45
      43
      48
      50
      48
      49
      53
      31
      54
      53
      43
      45
      50
      55
      57
      43
      10
       0
       0
       0
       0
       0
       0
       0
       0
       0
       0
       0
       0
       0
       0
       0
       0
       0
       0
       0
       0
       0
       0
       0
       0
       0
       0
       0
       0
       0
       0
       0
       0
       0
       0
       0
       0
       0
       0
       0
       0
       0
       0
       0
       0
       0
       0
       0
       0
       0
       0
       0
       0
       0
       0
       0
       0
       0
       0
       0
       0
       0
       0
       0
       0
       0
       0
       0
$ROI:
2
95 97
514 605
$PRESETS:
Real Time
200
0
$ENER_FIT:
-289.438599 1.280702
$MCA_CAL:
3
-2.894386E+002 1.280702E+000 0.000000E+000
$SHAPE_CAL:
3
0.000000E+000 0.000000E+000 0.000000E+000
