$SPEC_ID:
MEASURE 134.
$SPEC_REM:
DET# 1
DETDESC# MCB 25
AP# Maestro Version 6.05
$DATE_MEA:
04/09/2003 06:34:48
$MEAS_TIM:
196 200
$DATA:
0 1023
       0
       0
       0
       0
       0
       0
       0
       0
       0
       0
       0
       0
       0
       0
       0
       0
       0
       0
       0
       0
       0
       0
       0
       0
       0
       0
       0
       0
       0
       0
       0
       0
       0
       0
       0
       0
       0
       0
       0
       0
       0
       0
       0
       0
     100
     258
     264
     285
     266
     264
     259
     258
     255
     248
     261
     272
     273
     280
     290
     259
     246
     317
     282
     275
     284
     289
     315
     297
     306
     301
     303
     304
     285
     316
     330
     330
     300
     334
     334
     351
     368
     341
     376
     384
     387
     389
     340
     395
     397
     371
     404
     395
     440
     429
     429
     483
     447
     465
     493
     463
     449
     458
     431
     476
     476
     463
     507
     469
     515
     531
     548
     527
     552
     579
     491
     533
     546
     509
     505
     539
     555
     562
     590
     583
     547
     546
     566
     593
     565
     575
     567
     598
     580
     586
     579
     641
     607
     598
     559
     631
     616
     583
     649
     632
     618
     602
     648
     653
     626
     591
     637
     590
     608
     617
     642
     607
     624
     616
     605
     615
     616
     594
     654
     577
     637
     621
     599
     610
     617
     600
     665
     634
     604
     623
     618
     626
     595
     616
     651
     615
     642
     636
     628
     589
     605
     587
     622
     587
     617
     636
     686
     630
     633
     666
     667
     641
     648
     681
     635
     650
     668
     644
     684
     693
     747
     711
     722
     710
     673
     701
     716
     743
     735
     649
     671
     707
     744
     704
     673
     698
     687
     660
     674
     656
     697
     640
     679
     664
     653
     634
     619
     603
     617
     603
     594
     617
     599
     657
     597
     633
     578
     545
     606
     583
     587
     571
     540
     606
     571
     531
     555
     548
     572
     541
     558
     520
     555
     549
     551
     556
     526
     533
     506
     492
     500
     523
     519
     491
     527
     532
     503
     502
     518
     480
     498
     488
     533
     473
     479
     464
     434
     508
     487
     476
     446
     453
     444
     475
     460
     434
     438
     489
     421
     427
     466
     428
     420
     399
     409
     428
     408
     395
     425
     420
     387
     405
     382
     409
     364
     400
     366
     369
     373
     421
     396
     379
     371
     390
     378
     373
     397
     364
     374
     378
     373
     396
     380
     378
     386
     380
     358
     358
     368
     360
     362
     359
     385
     366
     376
     359
     390
     375
     361
     352
     340
     370
     312
     334
     363
     354
     363
     335
     353
     325
     344
     344
     327
     389
     347
     363
     319
     303
     307
     337
     306
     293
     321
     284
     297
     321
     295
     302
     281
     285
     285
     315
     292
     280
     275
     284
     291
     243
     233
     225
     237
     267
     227
     243
     228
     244
     211
     205
     215
     233
     205
     207
     214
     179
     188
     170
     199
     199
     204
     217
     182
     194
     197
     185
     164
     157
     170
     182
     180
     162
     158
     160
     152
     151
     170
     154
     156
     158
     158
     165
     156
     180
     160
     139
     153
     137
     143
     128
     151
     127
     149
     167
     158
     150
     158
     152
     137
     124
     119
     129
     124
     133
     142
     121
     144
     129
     134
     135
     161
     111
     124
     130
     128
     114
     101
     129
     123
      97
     139
     121
     116
     123
     126
     110
     118
     115
     131
     118
     105
     137
     118
     124
     130
     137
     126
     111
     113
     115
     107
     112
      98
     129
     103
     120
     126
     127
     122
     130
     124
     120
     108
     110
     113
     142
     110
     133
     120
     129
     120
     121
     134
     118
     106
     122
     130
     135
     119
     120
     140
     127
     145
     145
     158
     170
     162
     155
     179
     173
     157
     196
     215
     185
     199
     203
     203
     211
     257
     256
     282
     321
     311
     304
     315
     402
     384
     393
     440
     505
     497
     484
     531
     554
     592
     613
     602
     709
     641
     756
     781
     801
     815
     905
     913
     969
     966
    1050
    1060
    1125
    1120
    1114
    1150
    1177
    1178
    1261
    1273
    1321
    1297
    1314
    1359
    1264
    1351
    1338
    1392
    1380
    1298
    1392
    1263
    1268
    1228
    1278
    1220
    1197
    1179
    1209
    1151
    1120
     998
    1036
     996
     958
     872
     874
     759
     839
     727
     727
     663
     656
     577
     584
     522
     529
     479
     389
     376
     358
     308
     308
     295
     269
     255
     227
     207
     192
     165
     159
     178
     123
     141
     118
     116
     102
     103
     104
      78
      67
      70
      80
      84
      67
      57
      67
      56
      68
      64
      51
      60
      44
      57
      57
      49
      47
      54
      45
      41
      48
      40
      48
      56
      60
      41
      58
      56
      49
      56
      51
      51
      60
      56
      53
      40
      50
      43
      46
      41
      38
      60
      47
      52
      44
      41
      51
      51
      49
      48
      50
      48
      48
      41
      52
      47
      63
      46
      38
      44
      57
      47
      47
      49
      36
      48
      38
      52
      50
      35
      44
      50
      56
      38
      46
      43
      41
      53
      34
      46
      52
      39
      49
      42
      41
      40
      42
      51
      37
      58
      42
      41
      52
      33
      37
      38
      38
      49
      44
      37
      34
      41
      36
      37
      51
      47
      41
      41
      44
      53
      39
      38
      40
      59
      48
      29
      40
      54
      50
      53
      40
      51
      44
      50
      53
      55
      38
      38
      46
      42
      42
      43
      41
      42
      45
      51
      40
      40
      42
      40
      49
      51
      50
      37
      36
      40
      45
      40
      36
      35
      47
      46
      48
      39
      49
      52
      45
      50
      41
      37
      38
      30
      51
      46
      44
      43
      39
      42
      47
      41
      36
      46
      56
      40
      45
      38
      50
      52
      55
      38
      46
      49
      38
      49
      38
      45
      36
      44
      54
      37
      37
      44
      38
      35
      50
      39
      42
      37
      51
      45
      44
      49
      42
      45
      38
      50
      44
      42
      46
      45
      42
      42
      48
      55
      39
      49
      38
      50
      37
      52
      45
      47
      56
      38
      36
      37
      50
      37
      52
      48
      34
      42
      50
      46
      40
      56
      44
      40
      45
      51
      38
      38
      40
      33
      49
      52
      48
      36
      36
      51
      49
      48
      49
      39
      41
      48
      47
      45
      42
      48
      55
      50
      39
      50
      51
      42
      50
      45
      57
      56
      41
      53
      57
      40
      52
      44
      49
      61
      49
      45
      44
      60
      48
      46
      45
      54
      47
      32
      42
      44
      48
      50
      46
      45
      37
      48
      47
      51
      42
      44
      40
      44
      50
      50
      53
      41
      42
      51
      45
      50
      40
      50
      43
      42
      45
      47
      45
      39
      47
      44
      46
      38
      49
      34
      46
      50
      37
      17
       1
       0
       0
       0
       0
       0
       0
       0
       0
       0
       0
       0
       0
       0
       0
       0
       0
       0
       0
       0
       0
       0
       0
       0
       0
       0
       0
       0
       0
       0
       0
       0
       0
       0
       0
       0
       0
       0
       0
       0
       0
       0
       0
       0
       0
       0
       0
       0
       0
       0
       0
       0
       0
       0
       0
       0
       0
       0
       0
       0
       0
       0
       0
       0
       0
       0
       0
$ROI:
2
95 97
514 605
$PRESETS:
Real Time
200
0
$ENER_FIT:
-289.438599 1.280702
$MCA_CAL:
3
-2.894386E+002 1.280702E+000 0.000000E+000
$SHAPE_CAL:
3
0.000000E+000 0.000000E+000 0.000000E+000
