$SPEC_ID:
MEASURE 427.
$SPEC_REM:
DET# 1
DETDESC# MCB 25
AP# Maestro Version 6.05
$DATE_MEA:
04/06/2003 19:39:48
$MEAS_TIM:
196 200
$DATA:
0 1023
       0
       0
       0
       0
       0
       0
       0
       0
       0
       0
       0
       0
       0
       0
       0
       0
       0
       0
       0
       0
       0
       0
       0
       0
       0
       0
       0
       0
       0
       0
       0
       0
       0
       0
       0
       0
       0
       0
       0
       0
       0
       0
       0
       0
     131
     268
     266
     297
     284
     283
     296
     293
     245
     311
     281
     282
     256
     283
     286
     304
     278
     277
     270
     306
     281
     295
     299
     293
     315
     294
     290
     309
     293
     337
     324
     311
     298
     337
     335
     346
     336
     343
     403
     368
     389
     401
     374
     368
     424
     386
     455
     412
     395
     415
     433
     453
     510
     447
     452
     443
     433
     449
     482
     487
     492
     496
     513
     479
     521
     501
     513
     530
     544
     546
     533
     546
     514
     515
     531
     551
     568
     573
     568
     570
     569
     551
     587
     562
     647
     579
     582
     607
     575
     605
     607
     602
     585
     546
     588
     596
     622
     609
     625
     643
     630
     617
     659
     665
     670
     663
     604
     632
     597
     633
     673
     640
     578
     628
     632
     594
     672
     635
     604
     671
     627
     638
     631
     601
     631
     602
     600
     651
     611
     679
     654
     638
     673
     637
     626
     621
     570
     645
     618
     669
     601
     622
     614
     601
     635
     650
     592
     673
     672
     679
     644
     665
     695
     643
     668
     729
     678
     700
     677
     715
     703
     686
     737
     694
     715
     746
     732
     708
     778
     732
     722
     718
     663
     673
     718
     661
     674
     695
     692
     664
     654
     645
     686
     652
     623
     637
     620
     580
     611
     637
     645
     592
     564
     612
     575
     585
     582
     597
     555
     586
     581
     575
     624
     587
     545
     586
     572
     565
     562
     546
     573
     554
     547
     543
     560
     567
     504
     552
     490
     519
     545
     570
     521
     492
     531
     537
     484
     476
     523
     442
     492
     472
     470
     487
     482
     448
     484
     460
     449
     484
     446
     456
     480
     429
     465
     447
     449
     435
     448
     400
     422
     466
     411
     453
     426
     435
     402
     412
     384
     383
     395
     382
     430
     409
     398
     432
     397
     394
     404
     423
     377
     404
     401
     413
     405
     390
     374
     358
     399
     344
     350
     427
     376
     380
     429
     416
     370
     414
     382
     389
     378
     392
     336
     366
     382
     359
     363
     401
     354
     365
     364
     335
     363
     360
     370
     338
     338
     382
     370
     343
     329
     369
     337
     328
     340
     354
     336
     345
     339
     315
     309
     324
     299
     283
     327
     311
     281
     313
     289
     275
     275
     281
     275
     300
     256
     260
     227
     262
     272
     247
     256
     261
     243
     263
     255
     243
     247
     215
     218
     211
     234
     216
     201
     219
     179
     183
     207
     192
     159
     183
     205
     156
     154
     181
     171
     197
     176
     187
     172
     165
     157
     152
     171
     180
     154
     147
     152
     147
     154
     159
     157
     133
     142
     138
     170
     149
     161
     153
     154
     162
     148
     144
     156
     140
     140
     142
     126
     150
     152
     128
     146
     145
     116
     118
     122
     118
     129
     122
     133
     146
     127
     125
     147
     135
     130
     133
     129
     138
     140
     126
     118
     108
     150
     112
     108
     112
     127
     123
     112
     131
     136
     121
     117
     108
     131
     140
      99
     129
     107
     124
     110
     123
     116
     115
     149
     138
     111
     122
     118
     138
     108
     110
     130
      98
     123
     118
     128
     120
     124
     112
     120
     118
     131
     129
     135
     132
     135
     146
     134
     149
     157
     162
     170
     171
     180
     167
     179
     188
     181
     208
     231
     190
     233
     227
     254
     288
     290
     297
     313
     321
     315
     380
     420
     405
     424
     408
     487
     538
     573
     610
     594
     604
     650
     690
     748
     751
     785
     835
     877
     866
     931
     981
     979
    1052
    1034
    1133
    1103
    1234
    1173
    1196
    1207
    1275
    1290
    1296
    1292
    1320
    1304
    1370
    1381
    1295
    1331
    1372
    1354
    1382
    1340
    1283
    1268
    1267
    1266
    1235
    1152
    1161
    1191
    1081
    1031
    1043
     989
     996
     885
     858
     862
     774
     731
     667
     672
     623
     557
     545
     510
     475
     471
     412
     380
     356
     324
     300
     254
     276
     238
     227
     215
     185
     162
     186
     150
     128
     114
     119
      97
      99
     114
      81
      99
      79
      82
      79
      59
      65
      67
      48
      58
      51
      50
      58
      44
      46
      68
      43
      50
      47
      58
      55
      62
      46
      58
      52
      68
      49
      46
      57
      45
      54
      66
      54
      52
      48
      49
      54
      55
      53
      45
      41
      48
      45
      52
      49
      54
      48
      45
      48
      43
      56
      52
      47
      44
      61
      45
      53
      43
      46
      49
      50
      39
      36
      46
      46
      51
      42
      48
      51
      48
      53
      39
      49
      51
      49
      38
      42
      59
      47
      46
      41
      37
      47
      38
      35
      51
      39
      38
      42
      45
      30
      44
      44
      31
      47
      42
      42
      41
      52
      39
      44
      42
      40
      44
      48
      48
      34
      49
      47
      46
      28
      41
      46
      46
      39
      59
      42
      37
      50
      61
      43
      37
      50
      48
      46
      28
      48
      47
      45
      44
      44
      38
      35
      51
      53
      45
      60
      50
      53
      33
      39
      51
      44
      51
      39
      57
      39
      41
      44
      43
      33
      45
      47
      48
      37
      42
      40
      46
      47
      44
      47
      37
      33
      37
      42
      53
      50
      37
      34
      51
      47
      42
      43
      47
      42
      44
      49
      56
      32
      46
      44
      46
      43
      33
      44
      42
      41
      37
      41
      42
      46
      50
      44
      47
      50
      48
      31
      40
      43
      45
      39
      32
      51
      54
      28
      45
      55
      56
      45
      53
      31
      41
      41
      33
      40
      47
      48
      34
      35
      43
      52
      48
      42
      35
      50
      46
      61
      49
      43
      54
      47
      46
      47
      45
      44
      43
      42
      51
      53
      38
      56
      54
      36
      63
      46
      50
      44
      49
      53
      36
      40
      48
      43
      42
      47
      44
      44
      42
      53
      46
      39
      25
      33
      45
      39
      54
      39
      54
      57
      40
      49
      50
      39
      49
      44
      47
      43
      50
      50
      53
      43
      49
      51
      62
      46
      39
      37
      46
      45
      37
      42
      42
      71
      44
      54
      52
      54
      42
      36
      50
      41
      46
      33
      47
      40
      60
      52
      49
      47
      38
      52
      49
      59
      42
      32
      35
      44
      52
      37
      46
      45
      43
      43
      59
      53
      43
      47
      44
      48
      45
      39
      12
       0
       0
       0
       0
       0
       0
       0
       0
       0
       0
       0
       0
       0
       0
       0
       0
       0
       0
       0
       0
       0
       0
       0
       0
       0
       0
       0
       0
       0
       0
       0
       0
       0
       0
       0
       0
       0
       0
       0
       0
       0
       0
       0
       0
       0
       0
       0
       0
       0
       0
       0
       0
       0
       0
       0
       0
       0
       0
       0
       0
       0
       0
       0
       0
       0
       0
       0
$ROI:
2
95 97
514 605
$PRESETS:
Real Time
200
0
$ENER_FIT:
-289.438599 1.280702
$MCA_CAL:
3
-2.894386E+002 1.280702E+000 0.000000E+000
$SHAPE_CAL:
3
0.000000E+000 0.000000E+000 0.000000E+000
