$SPEC_ID:
MEASURE 054.
$SPEC_REM:
DET# 1
DETDESC# MCB 25
AP# Maestro Version 6.05
$DATE_MEA:
04/08/2003 23:54:48
$MEAS_TIM:
196 200
$DATA:
0 1023
       0
       0
       0
       0
       0
       0
       0
       0
       0
       0
       0
       0
       0
       0
       0
       0
       0
       0
       0
       0
       0
       0
       0
       0
       0
       0
       0
       0
       0
       0
       0
       0
       0
       0
       0
       0
       0
       0
       0
       0
       0
       0
       0
       0
     127
     274
     259
     265
     276
     276
     287
     284
     268
     276
     279
     283
     244
     251
     276
     278
     275
     260
     283
     286
     296
     278
     296
     289
     315
     284
     304
     324
     284
     337
     323
     356
     332
     322
     345
     360
     362
     335
     334
     361
     383
     361
     396
     372
     391
     376
     401
     404
     389
     433
     430
     458
     454
     469
     469
     451
     473
     486
     500
     497
     439
     487
     488
     518
     523
     531
     501
     546
     475
     545
     568
     540
     530
     562
     553
     537
     545
     557
     549
     611
     525
     583
     579
     525
     559
     597
     596
     582
     618
     570
     602
     602
     590
     580
     655
     570
     626
     613
     606
     630
     634
     611
     598
     620
     654
     649
     641
     616
     615
     619
     621
     628
     635
     629
     605
     635
     602
     624
     631
     633
     601
     618
     587
     642
     618
     630
     582
     587
     625
     606
     637
     626
     651
     582
     658
     615
     643
     615
     596
     650
     617
     645
     634
     633
     615
     619
     636
     623
     648
     642
     674
     678
     656
     660
     712
     655
     727
     680
     740
     745
     735
     698
     669
     716
     734
     732
     736
     697
     699
     743
     695
     680
     688
     722
     682
     668
     649
     656
     661
     671
     662
     648
     663
     648
     609
     630
     647
     635
     606
     600
     614
     621
     620
     551
     617
     581
     586
     572
     580
     623
     581
     579
     577
     541
     569
     565
     521
     533
     541
     541
     543
     530
     548
     533
     491
     555
     518
     497
     537
     555
     495
     512
     494
     518
     545
     544
     517
     504
     522
     507
     447
     524
     456
     461
     483
     452
     442
     489
     450
     448
     455
     494
     458
     452
     445
     398
     452
     441
     437
     422
     397
     440
     419
     414
     451
     432
     449
     420
     413
     420
     411
     405
     433
     438
     432
     396
     366
     413
     412
     423
     393
     411
     401
     416
     369
     392
     387
     377
     348
     417
     384
     376
     364
     361
     354
     382
     384
     381
     396
     384
     400
     361
     362
     336
     336
     318
     399
     363
     328
     369
     358
     370
     363
     368
     376
     364
     379
     325
     327
     370
     325
     323
     356
     337
     322
     331
     334
     326
     294
     305
     324
     307
     272
     307
     287
     307
     285
     300
     282
     262
     295
     273
     282
     271
     262
     246
     242
     232
     241
     240
     256
     244
     251
     232
     210
     200
     221
     213
     215
     242
     203
     229
     206
     195
     212
     188
     199
     179
     195
     175
     202
     202
     183
     173
     181
     182
     158
     184
     175
     173
     163
     165
     169
     148
     160
     156
     152
     162
     147
     157
     145
     161
     123
     158
     130
     149
     132
     134
     159
     130
     138
     139
     152
     151
     122
     152
     107
     132
     125
     136
     128
     142
     137
     128
     130
     125
     145
     127
     125
     137
     122
     130
     145
     121
     116
     137
     123
     123
     130
     139
     119
     118
     134
     108
     116
     111
     113
     114
     126
     126
     113
     107
     125
     128
     107
     124
     122
     138
     123
     141
     117
     108
      96
     129
     119
     119
     118
     126
     110
     103
     112
     124
     114
     116
     118
     116
     118
      96
     126
     138
     107
     128
     137
     127
     132
     125
     120
     147
     151
     146
     159
     167
     167
     134
     152
     176
     185
     199
     194
     204
     194
     207
     218
     247
     239
     248
     252
     271
     281
     294
     322
     327
     360
     370
     414
     427
     484
     480
     499
     499
     544
     587
     658
     678
     689
     669
     749
     805
     808
     879
     883
     954
     923
     958
     971
    1087
    1083
    1111
    1115
    1238
    1134
    1263
    1215
    1271
    1254
    1315
    1314
    1382
    1360
    1322
    1373
    1328
    1290
    1347
    1355
    1346
    1298
    1267
    1305
    1249
    1208
    1213
    1132
    1109
    1058
    1026
    1065
     955
     934
     879
     877
     870
     817
     791
     698
     698
     573
     609
     552
     509
     477
     432
     422
     394
     400
     316
     308
     304
     257
     255
     230
     210
     177
     179
     159
     129
     132
     107
     127
     102
     109
      97
      77
      67
      87
      65
      78
      70
      81
      70
      66
      70
      72
      68
      51
      54
      48
      53
      55
      52
      44
      54
      55
      58
      52
      53
      47
      52
      58
      48
      49
      51
      47
      53
      53
      37
      49
      49
      57
      47
      64
      60
      53
      55
      39
      45
      51
      37
      33
      51
      46
      50
      55
      55
      49
      49
      51
      47
      41
      42
      53
      47
      49
      49
      53
      55
      36
      42
      37
      54
      45
      48
      33
      49
      45
      42
      41
      49
      52
      37
      46
      36
      35
      39
      35
      37
      35
      46
      59
      48
      60
      47
      42
      49
      48
      47
      54
      42
      42
      43
      37
      49
      44
      48
      44
      41
      61
      38
      48
      49
      42
      55
      41
      50
      51
      50
      60
      46
      37
      43
      46
      49
      36
      43
      51
      49
      38
      46
      46
      41
      41
      58
      46
      43
      41
      46
      41
      54
      37
      44
      37
      43
      37
      48
      43
      41
      57
      57
      38
      43
      37
      56
      43
      41
      31
      43
      35
      52
      42
      43
      43
      31
      39
      38
      51
      49
      37
      55
      30
      39
      50
      54
      50
      42
      43
      45
      43
      44
      35
      39
      46
      43
      40
      52
      42
      35
      43
      54
      45
      50
      45
      44
      47
      50
      38
      35
      51
      58
      32
      51
      50
      44
      33
      55
      38
      52
      46
      43
      51
      50
      46
      48
      40
      37
      45
      43
      42
      35
      48
      47
      47
      40
      49
      39
      43
      39
      38
      55
      51
      55
      52
      43
      40
      36
      33
      37
      43
      43
      51
      43
      35
      44
      50
      36
      45
      42
      37
      33
      34
      59
      46
      50
      45
      45
      60
      42
      36
      49
      39
      43
      42
      50
      44
      42
      38
      51
      47
      44
      43
      46
      47
      58
      52
      53
      51
      32
      43
      68
      40
      43
      46
      41
      56
      42
      54
      43
      34
      50
      43
      59
      43
      47
      42
      41
      37
      51
      38
      58
      45
      47
      50
      46
      45
      45
      39
      46
      56
      41
      51
      41
      38
      46
      50
      34
      53
      42
      45
      45
      57
      48
      52
      40
      46
      47
      47
      50
      39
      56
      41
      47
      65
      40
       2
       0
       0
       0
       0
       0
       0
       0
       0
       0
       0
       0
       0
       0
       0
       0
       0
       0
       0
       0
       0
       0
       0
       0
       0
       0
       0
       0
       0
       0
       0
       0
       0
       0
       0
       0
       0
       0
       0
       0
       0
       0
       0
       0
       0
       0
       0
       0
       0
       0
       0
       0
       0
       0
       0
       0
       0
       0
       0
       0
       0
       0
       0
       0
       0
       0
       0
       0
$ROI:
2
95 97
514 605
$PRESETS:
Real Time
200
0
$ENER_FIT:
-289.438599 1.280702
$MCA_CAL:
3
-2.894386E+002 1.280702E+000 0.000000E+000
$SHAPE_CAL:
3
0.000000E+000 0.000000E+000 0.000000E+000
