$SPEC_ID:
MEASURE 194.
$SPEC_REM:
DET# 1
DETDESC# MCB 25
AP# Maestro Version 6.05
$DATE_MEA:
04/09/2003 11:34:48
$MEAS_TIM:
196 200
$DATA:
0 1023
       0
       0
       0
       0
       0
       0
       0
       0
       0
       0
       0
       0
       0
       0
       0
       0
       0
       0
       0
       0
       0
       0
       0
       0
       0
       0
       0
       0
       0
       0
       0
       0
       0
       0
       0
       0
       0
       0
       0
       0
       0
       0
       0
       0
     102
     231
     266
     272
     286
     251
     253
     296
     272
     274
     267
     294
     284
     276
     273
     274
     289
     312
     280
     297
     279
     299
     280
     307
     303
     329
     300
     313
     314
     332
     327
     339
     317
     332
     349
     324
     331
     350
     347
     354
     383
     420
     383
     370
     414
     386
     399
     412
     413
     400
     440
     418
     446
     449
     475
     436
     441
     491
     458
     508
     490
     513
     498
     472
     528
     545
     464
     477
     567
     541
     517
     529
     511
     550
     550
     512
     532
     575
     536
     559
     568
     518
     558
     577
     579
     607
     558
     575
     572
     610
     561
     592
     558
     611
     610
     574
     598
     609
     588
     642
     574
     623
     625
     626
     646
     605
     613
     562
     630
     591
     601
     619
     645
     643
     610
     602
     632
     625
     629
     673
     600
     616
     672
     590
     643
     591
     607
     639
     610
     649
     628
     593
     595
     578
     631
     611
     606
     612
     620
     623
     585
     681
     631
     630
     626
     629
     621
     608
     672
     639
     655
     615
     617
     663
     676
     615
     672
     696
     692
     707
     686
     728
     666
     708
     707
     748
     703
     695
     671
     701
     691
     643
     728
     676
     696
     683
     676
     711
     704
     669
     714
     648
     673
     658
     634
     615
     609
     633
     680
     580
     640
     594
     567
     569
     599
     610
     613
     608
     576
     591
     586
     558
     549
     549
     551
     546
     588
     548
     531
     585
     570
     583
     517
     562
     563
     505
     503
     512
     543
     527
     532
     513
     523
     500
     501
     481
     519
     510
     504
     479
     470
     461
     504
     503
     473
     437
     485
     479
     503
     495
     460
     465
     500
     423
     407
     466
     458
     435
     461
     454
     440
     420
     440
     411
     414
     457
     430
     395
     384
     424
     453
     418
     429
     380
     411
     400
     370
     418
     398
     389
     388
     366
     381
     352
     403
     390
     409
     381
     388
     367
     404
     384
     367
     376
     347
     352
     352
     356
     370
     375
     369
     350
     354
     399
     401
     345
     369
     390
     383
     393
     378
     354
     389
     305
     354
     387
     363
     335
     356
     373
     375
     309
     353
     341
     354
     326
     352
     355
     313
     329
     314
     309
     311
     326
     287
     308
     308
     338
     312
     294
     269
     301
     285
     283
     281
     290
     260
     255
     247
     284
     251
     276
     258
     223
     241
     243
     233
     233
     215
     229
     244
     227
     239
     233
     235
     175
     203
     180
     192
     185
     182
     165
     174
     174
     183
     183
     169
     179
     175
     160
     144
     169
     167
     159
     171
     161
     152
     171
     159
     164
     165
     153
     146
     129
     127
     151
     162
     144
     143
     157
     146
     153
     138
     128
     117
     141
     173
     133
     131
     131
     136
     152
     151
     118
     130
     117
     127
     134
     139
     129
     139
     142
     108
     134
     143
     120
     120
     126
     127
     144
     119
     118
     124
     143
     110
     127
     120
     126
     108
     120
     132
     132
     122
     124
     120
     117
     126
     117
     127
     117
     104
     119
     108
     128
     115
     113
     104
     127
     134
     123
     121
     116
     122
     101
     101
     140
     113
     121
      95
     110
     106
     132
     121
     104
     111
     151
     137
     125
     124
     156
     136
     128
     129
     160
     148
     169
     172
     143
     192
     146
     195
     197
     182
     201
     206
     217
     214
     253
     239
     274
     273
     287
     313
     286
     350
     344
     370
     394
     438
     468
     468
     550
     496
     600
     572
     593
     640
     704
     680
     750
     770
     846
     871
     925
     910
     961
     952
     993
     983
    1039
    1119
    1135
    1149
    1172
    1210
    1239
    1264
    1262
    1385
    1230
    1279
    1356
    1360
    1367
    1390
    1348
    1335
    1345
    1325
    1333
    1239
    1265
    1205
    1235
    1178
    1146
    1075
    1126
    1025
    1022
    1003
     937
     904
     826
     827
     756
     757
     716
     673
     652
     575
     605
     548
     490
     450
     415
     389
     415
     340
     358
     301
     262
     263
     226
     192
     197
     173
     169
     148
     151
     110
     129
      94
     104
      92
     107
      77
      95
      72
      74
      75
      72
      68
      64
      53
      76
      58
      48
      53
      55
      44
      42
      56
      44
      52
      53
      64
      56
      43
      62
      42
      42
      46
      58
      51
      55
      48
      44
      49
      47
      45
      61
      47
      42
      52
      52
      28
      44
      40
      45
      49
      45
      44
      46
      48
      50
      42
      53
      65
      39
      57
      60
      44
      42
      51
      41
      54
      48
      40
      47
      58
      56
      52
      45
      41
      42
      41
      44
      39
      39
      54
      43
      48
      38
      40
      59
      51
      47
      47
      55
      35
      57
      40
      37
      60
      47
      34
      43
      33
      45
      40
      54
      51
      33
      40
      35
      42
      56
      39
      50
      40
      40
      40
      45
      41
      48
      52
      47
      39
      44
      47
      42
      45
      38
      55
      45
      47
      49
      56
      45
      32
      43
      43
      39
      45
      48
      44
      50
      43
      45
      44
      44
      40
      45
      33
      47
      38
      38
      41
      33
      31
      37
      32
      44
      50
      51
      47
      46
      46
      38
      48
      38
      50
      41
      47
      38
      42
      32
      57
      45
      43
      46
      36
      46
      46
      35
      52
      41
      41
      46
      44
      45
      47
      37
      62
      41
      46
      39
      57
      43
      38
      34
      42
      36
      45
      37
      46
      42
      50
      40
      57
      59
      48
      40
      44
      39
      44
      40
      34
      45
      46
      49
      44
      44
      41
      53
      47
      32
      38
      47
      43
      40
      62
      51
      54
      31
      44
      46
      48
      37
      48
      45
      39
      43
      43
      43
      45
      59
      49
      45
      48
      46
      46
      51
      37
      37
      54
      43
      44
      42
      40
      46
      43
      46
      52
      52
      44
      51
      46
      41
      38
      45
      58
      38
      55
      52
      46
      51
      46
      46
      41
      39
      48
      41
      44
      42
      29
      55
      37
      48
      38
      42
      45
      45
      53
      55
      49
      43
      55
      41
      47
      43
      57
      57
      60
      51
      49
      50
      54
      40
      49
      51
      32
      36
      41
      42
      37
      52
      48
      49
      42
      40
      43
      47
      38
      39
      53
      48
      45
      42
      53
      49
      46
      49
      37
      44
      47
      57
      55
      33
      56
      42
      27
       0
       0
       0
       0
       0
       0
       0
       0
       0
       0
       0
       0
       0
       0
       0
       0
       0
       0
       0
       0
       0
       0
       0
       0
       0
       0
       0
       0
       0
       0
       0
       0
       0
       0
       0
       0
       0
       0
       0
       0
       0
       0
       0
       0
       0
       0
       0
       0
       0
       0
       0
       0
       0
       0
       0
       0
       0
       0
       0
       0
       0
       0
       0
       0
       0
       0
       0
$ROI:
2
95 97
514 605
$PRESETS:
Real Time
200
0
$ENER_FIT:
-289.438599 1.280702
$MCA_CAL:
3
-2.894386E+002 1.280702E+000 0.000000E+000
$SHAPE_CAL:
3
0.000000E+000 0.000000E+000 0.000000E+000
