$SPEC_ID:
MEASURE 911.
$SPEC_REM:
DET# 1
DETDESC# MCB 25
AP# Maestro Version 6.05
$DATE_MEA:
04/08/2003 11:59:48
$MEAS_TIM:
196 200
$DATA:
0 1023
       0
       0
       0
       0
       0
       0
       0
       0
       0
       0
       0
       0
       0
       0
       0
       0
       0
       0
       0
       0
       0
       0
       0
       0
       0
       0
       0
       0
       0
       0
       0
       0
       0
       0
       0
       0
       0
       0
       0
       0
       0
       0
       0
       0
     137
     269
     300
     229
     257
     255
     252
     266
     271
     267
     273
     274
     261
     279
     274
     264
     261
     281
     306
     271
     272
     272
     288
     278
     303
     330
     326
     297
     292
     295
     305
     350
     332
     340
     321
     335
     325
     391
     373
     373
     402
     415
     381
     391
     411
     372
     429
     444
     427
     424
     442
     428
     440
     462
     473
     484
     433
     488
     489
     475
     502
     495
     477
     512
     518
     488
     547
     518
     535
     542
     504
     565
     538
     550
     552
     578
     563
     516
     540
     566
     513
     609
     625
     575
     599
     608
     561
     568
     608
     614
     647
     585
     576
     597
     559
     600
     596
     596
     622
     610
     587
     617
     604
     578
     600
     617
     626
     597
     567
     569
     611
     599
     619
     648
     619
     623
     642
     631
     649
     649
     625
     635
     692
     617
     621
     598
     580
     615
     594
     594
     625
     646
     650
     572
     586
     648
     588
     629
     618
     639
     643
     636
     600
     633
     615
     598
     673
     663
     647
     672
     619
     642
     643
     650
     679
     727
     708
     741
     706
     696
     711
     707
     714
     721
     701
     756
     734
     660
     686
     672
     705
     694
     701
     657
     683
     676
     708
     714
     671
     669
     659
     652
     691
     648
     663
     659
     627
     637
     620
     678
     570
     608
     601
     630
     620
     653
     576
     608
     573
     582
     563
     569
     586
     566
     563
     552
     544
     537
     548
     524
     548
     523
     542
     540
     595
     513
     527
     570
     540
     542
     534
     528
     495
     517
     479
     506
     524
     523
     501
     471
     503
     514
     485
     471
     452
     455
     473
     449
     490
     447
     511
     466
     487
     458
     442
     461
     433
     444
     438
     410
     449
     407
     424
     411
     427
     408
     409
     414
     449
     414
     406
     389
     395
     388
     397
     398
     429
     375
     404
     387
     386
     361
     401
     354
     394
     363
     357
     404
     412
     405
     410
     384
     331
     379
     362
     386
     370
     360
     376
     384
     372
     374
     375
     344
     376
     354
     347
     365
     370
     365
     373
     360
     342
     343
     299
     376
     343
     341
     342
     337
     339
     361
     360
     343
     328
     328
     336
     323
     326
     294
     331
     300
     286
     303
     334
     319
     286
     294
     278
     288
     257
     285
     295
     280
     258
     262
     258
     257
     277
     245
     217
     224
     249
     251
     184
     223
     203
     211
     229
     211
     229
     210
     232
     196
     202
     197
     193
     204
     166
     182
     217
     171
     196
     173
     156
     153
     167
     169
     173
     194
     167
     160
     148
     147
     171
     157
     173
     166
     152
     151
     126
     139
     148
     154
     152
     179
     137
     142
     163
     141
     152
     142
     129
     130
     131
     133
     126
     130
     155
     135
     127
     149
     126
     128
     126
     128
     129
     133
     120
     137
     127
     135
     129
     135
     129
     152
     129
     119
     124
     111
     111
     118
     113
     114
     124
     115
     119
     126
     111
     121
     137
     125
     102
     136
     108
     116
     104
     104
     131
     113
     108
     107
     113
     125
     108
     134
     106
     141
     129
      97
     107
     124
     129
     135
     128
     115
     110
     125
     124
     136
     121
     112
     129
     141
     144
     137
     142
     165
     138
     156
     155
     144
     143
     176
     170
     169
     158
     165
     161
     154
     216
     198
     231
     235
     218
     281
     295
     303
     315
     313
     348
     353
     363
     389
     390
     453
     460
     518
     523
     515
     608
     652
     633
     699
     728
     732
     746
     781
     799
     887
     911
     916
    1008
    1029
    1068
    1083
    1113
    1118
    1172
    1203
    1203
    1238
    1219
    1236
    1291
    1322
    1322
    1316
    1289
    1312
    1372
    1346
    1404
    1362
    1317
    1263
    1373
    1232
    1270
    1193
    1259
    1128
    1169
    1063
    1088
     996
    1041
    1019
     979
     938
     848
     805
     815
     727
     677
     661
     643
     582
     555
     540
     442
     430
     424
     390
     338
     358
     293
     261
     260
     249
     224
     224
     205
     191
     155
     146
     129
     134
     116
     114
     106
      99
      93
      67
      71
      72
      62
      58
      68
      67
      67
      53
      63
      61
      52
      46
      41
      59
      59
      48
      37
      44
      54
      42
      54
      37
      52
      61
      65
      59
      58
      42
      57
      48
      47
      59
      46
      55
      47
      43
      39
      61
      62
      46
      41
      52
      30
      51
      41
      53
      59
      46
      49
      47
      61
      44
      49
      57
      52
      42
      47
      49
      40
      43
      31
      55
      57
      48
      54
      45
      55
      59
      51
      48
      46
      41
      58
      54
      38
      44
      47
      56
      34
      45
      46
      45
      46
      46
      39
      49
      50
      55
      46
      44
      41
      49
      41
      55
      53
      44
      39
      32
      51
      40
      37
      47
      47
      42
      32
      48
      45
      47
      51
      43
      39
      48
      46
      48
      34
      46
      40
      54
      42
      47
      53
      31
      30
      67
      50
      48
      61
      38
      44
      43
      30
      55
      39
      52
      41
      44
      32
      37
      39
      42
      44
      36
      45
      51
      52
      47
      39
      44
      45
      39
      46
      44
      35
      42
      46
      44
      44
      34
      36
      35
      50
      56
      59
      38
      43
      38
      47
      44
      53
      44
      51
      39
      42
      53
      46
      43
      39
      52
      49
      47
      44
      34
      52
      40
      43
      47
      42
      51
      44
      46
      49
      37
      34
      43
      45
      54
      45
      45
      46
      48
      41
      56
      49
      35
      46
      43
      46
      49
      46
      48
      44
      41
      32
      40
      39
      47
      43
      38
      24
      40
      48
      48
      48
      54
      52
      49
      47
      54
      46
      43
      38
      52
      49
      43
      41
      46
      39
      45
      45
      36
      52
      36
      42
      43
      41
      39
      48
      48
      54
      44
      53
      51
      49
      38
      36
      46
      42
      43
      43
      39
      49
      60
      45
      50
      43
      63
      47
      54
      35
      44
      26
      45
      45
      58
      43
      44
      52
      45
      43
      43
      36
      51
      41
      42
      46
      46
      53
      26
      44
      39
      35
      41
      49
      54
      54
      52
      53
      41
      40
      41
      58
      61
      53
      48
      37
      48
      49
      53
      63
      46
      52
      46
      41
      41
      49
      52
      50
      55
      45
      43
      49
      62
      37
      60
      41
      55
      60
      32
       1
       0
       0
       0
       0
       0
       0
       0
       0
       0
       0
       0
       0
       0
       0
       0
       0
       0
       0
       0
       0
       0
       0
       0
       0
       0
       0
       0
       0
       0
       0
       0
       0
       0
       0
       0
       0
       0
       0
       0
       0
       0
       0
       0
       0
       0
       0
       0
       0
       0
       0
       0
       0
       0
       0
       0
       0
       0
       0
       0
       0
       0
       0
       0
       0
       0
       0
       0
$ROI:
2
95 97
514 605
$PRESETS:
Real Time
200
0
$ENER_FIT:
-289.438599 1.280702
$MCA_CAL:
3
-2.894386E+002 1.280702E+000 0.000000E+000
$SHAPE_CAL:
3
0.000000E+000 0.000000E+000 0.000000E+000
