$SPEC_ID:
MEASURE 179.
$SPEC_REM:
DET# 1
DETDESC# MCB 25
AP# Maestro Version 6.05
$DATE_MEA:
04/09/2003 10:19:48
$MEAS_TIM:
196 200
$DATA:
0 1023
       0
       0
       0
       0
       0
       0
       0
       0
       0
       0
       0
       0
       0
       0
       0
       0
       0
       0
       0
       0
       0
       0
       0
       0
       0
       0
       0
       0
       0
       0
       0
       0
       0
       0
       0
       0
       0
       0
       0
       0
       0
       0
       0
       0
     100
     264
     262
     270
     284
     268
     268
     268
     258
     282
     270
     254
     256
     276
     304
     312
     271
     276
     259
     297
     309
     314
     295
     331
     302
     289
     276
     301
     315
     335
     318
     308
     323
     334
     336
     324
     335
     310
     364
     346
     390
     373
     431
     390
     392
     417
     431
     429
     394
     436
     439
     421
     445
     441
     441
     449
     467
     469
     496
     450
     464
     493
     481
     468
     475
     496
     550
     555
     532
     542
     490
     513
     519
     534
     514
     574
     543
     511
     554
     557
     552
     550
     564
     611
     547
     600
     589
     576
     595
     606
     560
     598
     608
     566
     598
     578
     631
     621
     622
     606
     628
     641
     593
     638
     624
     644
     622
     576
     603
     642
     627
     571
     610
     593
     664
     570
     647
     634
     603
     596
     607
     603
     632
     624
     624
     620
     638
     648
     586
     598
     562
     607
     622
     605
     610
     588
     623
     652
     627
     639
     641
     582
     603
     646
     594
     623
     590
     652
     675
     700
     669
     703
     624
     639
     697
     673
     723
     678
     704
     667
     655
     687
     738
     704
     701
     700
     689
     703
     698
     732
     723
     686
     742
     676
     735
     667
     661
     693
     620
     642
     692
     666
     662
     630
     677
     656
     627
     628
     607
     578
     575
     613
     575
     603
     665
     624
     592
     591
     559
     591
     533
     537
     561
     587
     592
     549
     549
     535
     536
     506
     551
     539
     563
     527
     534
     538
     536
     521
     527
     504
     554
     553
     542
     504
     499
     531
     490
     470
     500
     501
     483
     433
     495
     489
     466
     424
     453
     477
     472
     489
     428
     489
     502
     473
     445
     432
     431
     427
     460
     448
     419
     446
     414
     411
     465
     431
     429
     413
     403
     423
     410
     425
     415
     419
     410
     378
     424
     404
     414
     401
     442
     416
     379
     385
     383
     408
     399
     372
     397
     395
     419
     407
     390
     364
     357
     384
     362
     387
     411
     392
     388
     344
     368
     367
     317
     387
     361
     382
     353
     334
     391
     337
     346
     361
     355
     373
     336
     356
     362
     339
     346
     329
     365
     323
     326
     318
     305
     335
     323
     301
     334
     309
     329
     307
     325
     290
     306
     311
     275
     299
     261
     246
     264
     274
     251
     273
     273
     255
     269
     261
     227
     237
     252
     227
     240
     241
     227
     180
     205
     247
     191
     206
     196
     199
     192
     200
     209
     201
     196
     194
     185
     179
     180
     182
     187
     191
     178
     176
     170
     170
     165
     154
     177
     148
     162
     153
     151
     154
     154
     170
     138
     140
     144
     146
     122
     146
     138
     134
     149
     141
     145
     148
     148
     127
     147
     119
     136
     144
     128
     146
     123
     128
     140
     143
     141
     119
     124
     123
     120
     122
     140
     120
     152
     113
     151
     133
     116
     104
     112
     117
     120
     125
      98
     119
     130
     128
     112
     128
     111
     104
     129
     131
     115
     103
      99
     119
     126
     110
     105
     122
     122
      99
      97
      97
     116
     112
     105
     130
      99
     107
     121
      99
     110
     128
      98
     116
      97
     123
      95
     121
     116
     125
     114
     126
     134
     131
     142
     121
     143
     132
     142
     133
     129
     159
     154
     155
     142
     187
     167
     180
     151
     183
     173
     195
     221
     234
     256
     249
     265
     257
     299
     296
     317
     345
     356
     384
     409
     416
     478
     442
     537
     528
     577
     570
     588
     621
     691
     715
     775
     763
     803
     860
     852
     919
     967
     959
    1034
    1010
    1059
    1107
    1121
    1156
    1111
    1261
    1305
    1259
    1268
    1299
    1257
    1366
    1300
    1277
    1363
    1356
    1363
    1363
    1325
    1312
    1325
    1234
    1333
    1206
    1198
    1192
    1168
    1093
    1078
    1056
    1041
     982
     935
     969
     901
     826
     839
     789
     678
     692
     643
     569
     531
     571
     487
     444
     446
     400
     352
     365
     308
     311
     268
     272
     231
     197
     179
     170
     168
     153
     151
     138
     118
     123
     107
      93
      83
      99
      96
      73
      72
      65
      76
      45
      53
      67
      61
      51
      56
      62
      47
      53
      61
      47
      52
      45
      63
      40
      48
      52
      46
      43
      53
      54
      55
      47
      50
      60
      42
      64
      55
      43
      52
      56
      46
      63
      47
      54
      48
      50
      54
      43
      46
      43
      47
      60
      52
      49
      47
      49
      47
      49
      58
      40
      42
      41
      45
      42
      47
      48
      53
      43
      33
      42
      47
      53
      46
      55
      43
      50
      56
      52
      51
      46
      50
      47
      52
      35
      39
      40
      36
      46
      47
      43
      44
      36
      50
      40
      40
      41
      38
      43
      32
      44
      46
      37
      39
      58
      51
      46
      53
      36
      40
      42
      44
      42
      42
      45
      38
      53
      47
      40
      48
      32
      41
      33
      40
      31
      43
      59
      35
      44
      41
      26
      34
      45
      44
      46
      41
      44
      36
      25
      33
      44
      45
      41
      36
      45
      54
      36
      36
      48
      48
      40
      41
      49
      41
      48
      41
      40
      36
      54
      41
      43
      43
      37
      56
      51
      52
      49
      37
      44
      44
      45
      38
      43
      39
      44
      38
      46
      49
      45
      36
      58
      43
      40
      48
      29
      42
      33
      38
      43
      42
      40
      36
      36
      32
      45
      48
      42
      50
      46
      50
      44
      47
      43
      48
      45
      48
      42
      51
      59
      50
      32
      39
      41
      50
      45
      36
      42
      54
      59
      46
      43
      43
      50
      51
      45
      47
      36
      52
      48
      49
      31
      64
      36
      36
      51
      36
      27
      56
      46
      45
      48
      48
      41
      43
      38
      44
      50
      35
      42
      46
      47
      40
      41
      39
      48
      57
      41
      43
      38
      33
      44
      48
      37
      48
      48
      48
      37
      45
      40
      40
      48
      46
      38
      39
      45
      48
      44
      46
      40
      43
      52
      48
      54
      49
      39
      42
      44
      58
      42
      57
      46
      51
      43
      47
      47
      47
      44
      36
      51
      41
      48
      42
      48
      48
      43
      44
      50
      44
      39
      61
      50
      41
      42
      60
      26
      53
      45
      45
      49
      40
      46
      35
      37
      48
      47
      49
      49
      44
      49
      54
      57
      28
       1
       0
       0
       0
       0
       0
       0
       0
       0
       0
       0
       0
       0
       0
       0
       0
       0
       0
       0
       0
       0
       0
       0
       0
       0
       0
       0
       0
       0
       0
       0
       0
       0
       0
       0
       0
       0
       0
       0
       0
       0
       0
       0
       0
       0
       0
       0
       0
       0
       0
       0
       0
       0
       0
       0
       0
       0
       0
       0
       0
       0
       0
       0
       0
       0
       0
       0
$ROI:
2
95 97
514 605
$PRESETS:
Real Time
200
0
$ENER_FIT:
-289.438599 1.280702
$MCA_CAL:
3
-2.894386E+002 1.280702E+000 0.000000E+000
$SHAPE_CAL:
3
0.000000E+000 0.000000E+000 0.000000E+000
