$SPEC_ID:
MEASURE 045.
$SPEC_REM:
DET# 1
DETDESC# MCB 25
AP# Maestro Version 6.05
$DATE_MEA:
04/08/2003 23:09:48
$MEAS_TIM:
196 200
$DATA:
0 1023
       0
       0
       0
       0
       0
       0
       0
       0
       0
       0
       0
       0
       0
       0
       0
       0
       0
       0
       0
       0
       0
       0
       0
       0
       0
       0
       0
       0
       0
       0
       0
       0
       0
       0
       0
       0
       0
       0
       0
       0
       0
       0
       0
       0
     124
     261
     292
     242
     301
     264
     294
     269
     240
     264
     286
     263
     293
     267
     290
     271
     290
     285
     316
     266
     269
     295
     313
     312
     312
     304
     299
     297
     314
     325
     299
     309
     323
     315
     354
     317
     355
     353
     333
     377
     399
     369
     404
     377
     401
     395
     394
     405
     409
     409
     409
     439
     439
     463
     479
     457
     447
     445
     465
     478
     483
     515
     492
     469
     526
     525
     504
     539
     535
     520
     525
     590
     528
     554
     555
     562
     568
     544
     573
     566
     565
     591
     587
     570
     585
     584
     537
     554
     597
     581
     566
     583
     595
     581
     612
     574
     566
     630
     611
     597
     627
     578
     626
     649
     598
     634
     610
     602
     635
     665
     628
     641
     626
     610
     616
     593
     609
     596
     560
     622
     571
     618
     629
     598
     656
     618
     622
     593
     594
     646
     658
     595
     624
     561
     580
     611
     566
     591
     647
     654
     691
     605
     655
     670
     655
     665
     643
     628
     658
     619
     675
     691
     703
     684
     687
     666
     680
     707
     654
     717
     677
     734
     730
     716
     704
     747
     679
     722
     684
     706
     680
     652
     701
     679
     705
     662
     751
     651
     636
     662
     657
     608
     639
     647
     669
     658
     643
     632
     582
     642
     635
     585
     568
     588
     588
     583
     579
     581
     579
     574
     564
     579
     583
     566
     615
     573
     537
     584
     550
     543
     557
     581
     549
     539
     509
     541
     517
     552
     498
     535
     523
     523
     496
     515
     531
     538
     514
     510
     499
     501
     504
     459
     478
     461
     479
     471
     487
     473
     441
     443
     429
     430
     428
     424
     455
     459
     419
     414
     458
     434
     504
     426
     430
     421
     420
     459
     403
     422
     407
     417
     431
     357
     418
     394
     449
     410
     377
     374
     376
     396
     407
     387
     400
     387
     400
     387
     392
     374
     400
     371
     338
     391
     387
     404
     335
     384
     361
     359
     397
     363
     372
     368
     351
     349
     380
     330
     368
     338
     345
     379
     342
     357
     353
     340
     368
     331
     338
     388
     350
     337
     344
     358
     338
     354
     309
     331
     328
     340
     294
     313
     324
     326
     310
     316
     289
     289
     324
     289
     289
     290
     273
     297
     275
     283
     256
     273
     251
     256
     261
     271
     246
     247
     251
     220
     216
     227
     243
     224
     201
     224
     213
     223
     218
     194
     220
     194
     205
     194
     187
     206
     173
     174
     157
     168
     190
     175
     188
     163
     172
     173
     193
     162
     170
     150
     161
     161
     175
     137
     148
     149
     172
     148
     156
     163
     163
     140
     138
     140
     153
     143
     132
     122
     138
     160
     150
     150
     148
     121
     131
     135
     152
     143
     137
     146
     140
     126
     129
     127
     142
     123
     118
     117
     119
     123
     119
     114
      98
     117
     126
     130
     135
     112
     135
     135
     113
     133
     126
     143
     116
     125
     117
     116
     119
     117
     142
     123
     106
     131
     138
     124
     103
     135
     113
     105
     118
     131
     126
      99
     103
     126
     111
     110
     119
     110
     119
     115
     108
     133
     120
     129
     143
     132
     109
     140
     112
     125
     137
     162
     143
     147
     141
     132
     138
     181
     148
     173
     184
     187
     198
     210
     210
     218
     208
     260
     235
     239
     291
     266
     299
     278
     341
     325
     361
     397
     388
     431
     448
     449
     508
     548
     566
     599
     632
     686
     691
     686
     746
     809
     769
     875
     841
     965
     980
     996
    1002
    1016
    1060
    1124
    1207
    1168
    1199
    1220
    1238
    1322
    1276
    1321
    1316
    1309
    1360
    1358
    1367
    1353
    1396
    1325
    1278
    1268
    1288
    1342
    1298
    1205
    1193
    1259
    1151
    1196
    1106
    1023
    1028
     976
     969
     898
     819
     858
     821
     719
     754
     662
     659
     553
     580
     479
     476
     446
     427
     415
     382
     338
     312
     298
     274
     258
     230
     196
     194
     190
     167
     155
     143
     126
     111
     107
      79
      92
      88
      83
      88
      73
      71
      76
      62
      78
      68
      77
      57
      58
      57
      47
      68
      53
      46
      49
      45
      56
      61
      61
      58
      63
      47
      40
      50
      64
      52
      64
      53
      44
      56
      47
      39
      46
      61
      53
      51
      47
      43
      49
      59
      47
      44
      41
      46
      35
      58
      49
      41
      52
      45
      47
      53
      48
      47
      39
      50
      44
      47
      52
      40
      59
      38
      51
      28
      47
      49
      48
      38
      48
      34
      54
      55
      33
      50
      31
      47
      53
      44
      48
      48
      56
      53
      46
      47
      53
      39
      55
      52
      49
      50
      47
      35
      53
      33
      43
      33
      37
      49
      71
      47
      41
      49
      30
      36
      65
      34
      46
      43
      51
      50
      46
      43
      56
      39
      42
      49
      42
      48
      44
      43
      48
      44
      44
      40
      44
      46
      38
      35
      39
      40
      35
      37
      48
      34
      40
      44
      39
      49
      50
      47
      30
      51
      42
      42
      38
      38
      34
      48
      46
      46
      53
      50
      39
      46
      50
      47
      39
      41
      54
      41
      48
      51
      43
      46
      40
      48
      43
      56
      44
      36
      44
      40
      42
      43
      43
      54
      39
      50
      41
      40
      51
      45
      38
      48
      42
      35
      38
      40
      37
      45
      32
      46
      49
      50
      46
      42
      54
      38
      39
      41
      40
      38
      50
      61
      57
      47
      34
      52
      47
      32
      54
      41
      52
      36
      47
      44
      45
      46
      54
      34
      48
      48
      49
      39
      51
      50
      31
      41
      35
      37
      30
      43
      48
      38
      39
      59
      40
      49
      48
      45
      38
      37
      39
      41
      34
      54
      41
      54
      38
      57
      43
      48
      52
      57
      29
      51
      54
      44
      35
      44
      44
      40
      35
      56
      43
      62
      52
      45
      49
      35
      59
      41
      39
      45
      34
      49
      42
      53
      51
      55
      45
      57
      49
      35
      42
      45
      56
      47
      55
      43
      42
      43
      45
      38
      44
      45
      54
      53
      47
      44
      54
      69
      49
      58
      39
      63
      52
      44
      36
      38
      50
      49
      43
      43
      45
      64
      53
      43
      61
      44
      56
      51
      54
      47
      49
      42
      34
       3
       0
       0
       0
       0
       0
       0
       0
       0
       0
       0
       0
       0
       0
       0
       0
       0
       0
       0
       0
       0
       0
       0
       0
       0
       0
       0
       0
       0
       0
       0
       0
       0
       0
       0
       0
       0
       0
       0
       0
       0
       0
       0
       0
       0
       0
       0
       0
       0
       0
       0
       0
       0
       0
       0
       0
       0
       0
       0
       0
       0
       0
       0
       0
       0
       0
       0
       0
$ROI:
2
95 97
514 605
$PRESETS:
Real Time
200
0
$ENER_FIT:
-289.438599 1.280702
$MCA_CAL:
3
-2.894386E+002 1.280702E+000 0.000000E+000
$SHAPE_CAL:
3
0.000000E+000 0.000000E+000 0.000000E+000
