$SPEC_ID:
MEASURE 363.
$SPEC_REM:
DET# 1
DETDESC# MCB 25
AP# Maestro Version 6.05
$DATE_MEA:
04/10/2003 01:39:48
$MEAS_TIM:
196 200
$DATA:
0 1023
       0
       0
       0
       0
       0
       0
       0
       0
       0
       0
       0
       0
       0
       0
       0
       0
       0
       0
       0
       0
       0
       0
       0
       0
       0
       0
       0
       0
       0
       0
       0
       0
       0
       0
       0
       0
       0
       0
       0
       0
       0
       0
       0
       0
     111
     286
     267
     273
     251
     303
     276
     243
     269
     306
     264
     267
     244
     304
     272
     252
     283
     283
     272
     273
     299
     281
     306
     298
     277
     316
     278
     308
     314
     365
     323
     340
     304
     317
     348
     339
     355
     350
     340
     375
     342
     325
     397
     328
     410
     379
     393
     409
     390
     424
     440
     403
     419
     471
     415
     466
     463
     471
     512
     463
     441
     498
     496
     517
     515
     532
     542
     539
     485
     491
     513
     481
     544
     566
     532
     568
     520
     532
     578
     537
     554
     593
     599
     530
     599
     574
     574
     626
     586
     590
     586
     584
     587
     624
     595
     584
     638
     613
     616
     633
     594
     585
     615
     570
     594
     640
     623
     619
     583
     631
     609
     657
     582
     559
     606
     642
     625
     584
     619
     629
     552
     650
     633
     632
     618
     638
     608
     635
     647
     639
     598
     585
     635
     609
     663
     656
     623
     646
     585
     609
     619
     644
     654
     573
     645
     640
     613
     635
     676
     654
     655
     713
     645
     698
     632
     623
     654
     653
     697
     673
     709
     688
     679
     722
     714
     727
     669
     694
     741
     670
     708
     670
     669
     674
     693
     696
     658
     680
     701
     649
     660
     649
     688
     641
     657
     673
     619
     608
     606
     606
     582
     579
     600
     588
     568
     560
     559
     561
     609
     592
     628
     565
     551
     580
     589
     503
     551
     537
     553
     561
     564
     543
     508
     589
     549
     553
     516
     522
     564
     559
     538
     575
     551
     505
     499
     472
     512
     515
     492
     490
     468
     464
     451
     490
     491
     499
     440
     464
     425
     485
     433
     475
     444
     482
     443
     428
     387
     439
     419
     440
     410
     431
     451
     395
     381
     420
     390
     413
     417
     390
     402
     384
     421
     404
     381
     408
     398
     395
     390
     413
     388
     395
     401
     391
     393
     387
     433
     368
     409
     386
     393
     390
     372
     381
     423
     375
     346
     373
     359
     369
     379
     349
     339
     363
     367
     355
     376
     379
     377
     344
     360
     346
     335
     347
     372
     336
     382
     330
     356
     289
     372
     330
     338
     310
     342
     351
     306
     321
     294
     345
     331
     319
     296
     333
     304
     332
     317
     307
     276
     320
     278
     285
     293
     280
     276
     300
     289
     271
     265
     248
     268
     288
     255
     243
     242
     247
     228
     214
     188
     204
     223
     224
     212
     211
     217
     196
     220
     211
     185
     196
     207
     192
     192
     194
     197
     192
     176
     174
     176
     157
     188
     143
     170
     175
     167
     177
     151
     169
     161
     148
     142
     149
     150
     151
     142
     140
     149
     159
     136
     136
     158
     135
     137
     150
     136
     142
     148
     165
     159
     142
     140
     152
     133
     135
     108
     126
     141
     122
     125
     123
     151
     126
     125
     108
     117
     107
     128
     124
     137
     125
     121
     146
     127
     115
     111
     107
     121
     113
     137
     123
     112
     140
     137
     123
     109
     144
     104
     108
     126
     111
     102
     123
     110
     107
     107
     123
     127
     108
     104
     116
     117
     141
     107
     101
     121
     124
     114
     108
     114
     126
     122
     113
     135
     131
     114
     144
     110
     133
     129
     131
     137
     135
     168
     159
     139
     152
     145
     179
     175
     179
     166
     163
     172
     202
     195
     237
     183
     240
     214
     234
     226
     261
     306
     300
     342
     336
     365
     411
     422
     419
     429
     478
     465
     543
     538
     610
     607
     615
     672
     671
     736
     748
     829
     846
     858
     925
     929
     975
     964
    1000
    1081
    1068
    1143
    1164
    1211
    1169
    1229
    1266
    1272
    1312
    1312
    1350
    1349
    1389
    1348
    1392
    1307
    1286
    1352
    1329
    1319
    1284
    1211
    1239
    1216
    1196
    1166
    1136
    1129
    1049
    1016
    1016
     945
     924
     841
     820
     790
     716
     720
     688
     629
     638
     592
     519
     530
     490
     407
     424
     372
     332
     300
     289
     251
     256
     251
     220
     212
     182
     176
     149
     188
     139
     109
      91
      89
      90
      93
      90
      84
      81
      77
      70
      65
      66
      55
      64
      56
      58
      43
      41
      55
      70
      70
      55
      55
      55
      51
      50
      55
      50
      46
      51
      59
      54
      43
      53
      38
      48
      57
      65
      53
      59
      58
      46
      60
      40
      49
      53
      54
      65
      55
      48
      42
      46
      48
      38
      45
      44
      43
      46
      48
      52
      49
      55
      42
      43
      62
      52
      44
      55
      45
      45
      46
      54
      52
      46
      48
      40
      51
      33
      44
      40
      43
      33
      51
      39
      52
      52
      53
      45
      53
      42
      46
      60
      54
      48
      44
      41
      48
      55
      52
      50
      40
      43
      51
      42
      43
      47
      43
      38
      42
      48
      41
      52
      62
      37
      36
      39
      44
      38
      40
      44
      35
      35
      41
      54
      37
      44
      37
      42
      34
      44
      46
      47
      44
      48
      45
      45
      44
      47
      35
      37
      42
      54
      51
      49
      38
      56
      55
      47
      45
      40
      35
      48
      49
      58
      49
      50
      46
      37
      56
      51
      43
      51
      41
      50
      50
      40
      40
      42
      36
      53
      52
      45
      53
      54
      46
      58
      36
      44
      63
      50
      52
      47
      57
      45
      40
      42
      50
      59
      44
      54
      37
      46
      40
      49
      44
      44
      56
      48
      39
      42
      47
      45
      31
      34
      44
      44
      48
      49
      40
      43
      41
      35
      43
      39
      46
      54
      55
      37
      45
      47
      45
      31
      46
      52
      43
      32
      33
      57
      41
      49
      45
      54
      36
      48
      36
      47
      40
      48
      50
      58
      49
      34
      46
      49
      36
      39
      48
      43
      42
      38
      36
      39
      49
      42
      43
      41
      32
      43
      48
      51
      47
      40
      33
      38
      41
      50
      38
      36
      38
      53
      39
      47
      47
      49
      38
      36
      41
      44
      33
      46
      42
      54
      39
      48
      40
      40
      41
      35
      51
      44
      59
      54
      44
      53
      47
      49
      45
      48
      47
      35
      52
      50
      50
      52
      55
      41
      53
      56
      44
      44
      45
      44
      33
      52
      54
      45
      47
      45
      44
      54
      46
      47
      53
      54
      51
      52
      47
      52
      49
      49
       8
       0
       0
       0
       0
       0
       0
       0
       0
       0
       0
       0
       0
       0
       0
       0
       0
       0
       0
       0
       0
       0
       0
       0
       0
       0
       0
       0
       0
       0
       0
       0
       0
       0
       0
       0
       0
       0
       0
       0
       0
       0
       0
       0
       0
       0
       0
       0
       0
       0
       0
       0
       0
       0
       0
       0
       0
       0
       0
       0
       0
       0
       0
       0
       0
       0
       0
       0
$ROI:
2
95 97
514 605
$PRESETS:
Real Time
200
0
$ENER_FIT:
-289.438599 1.280702
$MCA_CAL:
3
-2.894386E+002 1.280702E+000 0.000000E+000
$SHAPE_CAL:
3
0.000000E+000 0.000000E+000 0.000000E+000
