$SPEC_ID:
MEASURE 596.
$SPEC_REM:
DET# 1
DETDESC# MCB 25
AP# Maestro Version 6.05
$DATE_MEA:
04/07/2003 09:44:48
$MEAS_TIM:
196 200
$DATA:
0 1023
       0
       0
       0
       0
       0
       0
       0
       0
       0
       0
       0
       0
       0
       0
       0
       0
       0
       0
       0
       0
       0
       0
       0
       0
       0
       0
       0
       0
       0
       0
       0
       0
       0
       0
       0
       0
       0
       0
       0
       0
       0
       0
       0
       0
     126
     268
     248
     264
     275
     257
     282
     287
     297
     259
     254
     269
     296
     280
     286
     285
     266
     273
     272
     292
     277
     330
     277
     290
     281
     290
     319
     333
     310
     281
     330
     327
     319
     336
     328
     348
     363
     354
     367
     361
     379
     361
     411
     404
     402
     435
     416
     432
     457
     448
     462
     401
     430
     448
     432
     446
     437
     495
     454
     486
     477
     469
     460
     522
     522
     511
     547
     529
     537
     535
     523
     521
     557
     539
     540
     554
     554
     525
     531
     547
     560
     576
     584
     593
     575
     605
     586
     620
     584
     599
     608
     582
     575
     580
     609
     606
     619
     580
     620
     627
     605
     605
     637
     682
     601
     605
     633
     625
     604
     621
     655
     610
     598
     567
     609
     661
     628
     641
     617
     649
     639
     607
     591
     576
     646
     592
     603
     643
     598
     624
     634
     625
     625
     567
     631
     634
     603
     627
     616
     647
     588
     604
     611
     626
     673
     640
     641
     639
     635
     629
     659
     652
     675
     664
     741
     679
     688
     700
     720
     716
     705
     718
     732
     738
     750
     746
     718
     685
     649
     707
     723
     721
     710
     691
     704
     638
     680
     643
     673
     666
     653
     622
     676
     594
     668
     594
     612
     615
     630
     669
     638
     595
     591
     643
     603
     602
     543
     536
     600
     533
     577
     568
     572
     577
     544
     559
     502
     561
     533
     529
     539
     530
     545
     548
     534
     518
     521
     497
     519
     541
     517
     556
     528
     564
     508
     522
     524
     491
     506
     464
     494
     496
     491
     493
     467
     474
     482
     470
     456
     500
     443
     465
     486
     434
     476
     473
     408
     466
     426
     465
     441
     430
     442
     417
     447
     412
     417
     427
     411
     429
     414
     396
     398
     406
     366
     380
     430
     408
     436
     385
     375
     424
     389
     394
     369
     351
     402
     401
     391
     391
     419
     383
     412
     354
     387
     370
     380
     394
     382
     375
     343
     381
     352
     356
     393
     346
     370
     385
     379
     389
     364
     375
     351
     348
     364
     351
     364
     345
     336
     362
     346
     335
     314
     357
     322
     332
     335
     328
     345
     349
     319
     311
     322
     306
     305
     324
     260
     316
     331
     296
     254
     305
     305
     298
     273
     262
     253
     256
     254
     240
     224
     231
     265
     245
     234
     242
     225
     225
     247
     193
     198
     209
     200
     184
     200
     211
     191
     198
     188
     193
     192
     170
     176
     180
     172
     187
     170
     161
     151
     170
     153
     177
     178
     146
     158
     174
     146
     141
     144
     139
     159
     157
     139
     164
     138
     152
     176
     138
     163
     161
     137
     155
     156
     129
     130
     132
     141
     131
     137
     147
     132
     143
     146
     132
     133
     112
     129
     148
     139
     129
     120
     135
     132
     130
     124
     131
     138
     112
     122
     134
     137
     134
     109
     135
     117
     109
     132
     127
     121
     136
     125
      96
     123
     107
     123
      89
     143
      97
     115
     120
     116
     110
      96
     107
     114
     123
     114
     115
     128
     113
     120
     105
     111
     115
     142
      96
     107
     121
     122
     115
     124
     125
     102
     142
     131
     138
     129
     129
     128
     142
     139
     168
     148
     160
     165
     131
     174
     200
     184
     203
     215
     205
     216
     233
     240
     279
     266
     298
     364
     323
     346
     373
     410
     416
     438
     430
     498
     536
     503
     555
     580
     613
     650
     668
     711
     832
     779
     823
     833
     910
     923
    1010
     982
    1017
    1049
    1109
    1129
    1149
    1224
    1220
    1250
    1249
    1278
    1246
    1380
    1366
    1328
    1331
    1371
    1396
    1379
    1362
    1339
    1344
    1347
    1347
    1247
    1318
    1231
    1164
    1204
    1196
    1167
    1065
    1073
    1073
    1023
     915
     931
     861
     813
     767
     739
     731
     679
     618
     609
     518
     522
     497
     442
     437
     367
     349
     329
     307
     280
     270
     243
     219
     193
     212
     169
     210
     164
     149
     119
     121
     105
     107
      94
      90
      80
      81
      91
      64
      87
      72
      67
      68
      57
      58
      48
      55
      45
      59
      48
      53
      54
      47
      55
      50
      56
      51
      60
      51
      48
      42
      61
      58
      41
      50
      46
      43
      43
      45
      57
      43
      44
      51
      35
      55
      53
      48
      51
      60
      52
      46
      54
      57
      47
      44
      45
      51
      45
      40
      41
      52
      37
      50
      53
      47
      48
      51
      40
      51
      53
      48
      51
      47
      50
      52
      50
      48
      40
      40
      48
      42
      45
      47
      34
      40
      44
      41
      47
      54
      40
      49
      46
      46
      66
      29
      42
      46
      49
      50
      48
      45
      43
      49
      52
      46
      48
      36
      32
      39
      40
      40
      51
      43
      44
      44
      45
      50
      56
      38
      47
      38
      51
      49
      38
      41
      44
      45
      41
      41
      41
      46
      59
      43
      50
      37
      43
      37
      54
      48
      41
      48
      45
      43
      33
      45
      45
      46
      63
      47
      26
      45
      41
      48
      44
      46
      40
      47
      52
      42
      47
      36
      44
      25
      51
      51
      53
      30
      45
      43
      43
      48
      42
      37
      50
      46
      32
      37
      44
      56
      40
      45
      49
      31
      44
      35
      55
      45
      44
      39
      45
      44
      40
      44
      45
      50
      36
      37
      49
      43
      51
      47
      54
      47
      44
      55
      44
      35
      49
      36
      37
      53
      38
      53
      51
      43
      45
      42
      51
      37
      35
      48
      43
      47
      49
      49
      46
      45
      43
      48
      50
      51
      32
      47
      47
      49
      44
      36
      42
      35
      47
      45
      41
      39
      41
      44
      43
      53
      47
      63
      45
      41
      35
      50
      48
      52
      34
      57
      37
      54
      47
      41
      52
      43
      47
      41
      39
      51
      48
      46
      50
      34
      46
      41
      46
      60
      50
      50
      43
      43
      47
      45
      61
      41
      48
      39
      44
      42
      62
      44
      49
      46
      44
      54
      33
      41
      57
      40
      42
      42
      37
      48
      33
      38
      53
      37
      43
      39
      55
      44
      45
      41
      33
      50
      54
      39
      48
      45
      52
      36
      49
      44
      42
      60
      54
      47
      46
      51
      42
      47
      48
      58
      38
      55
      49
      26
       4
       0
       0
       0
       0
       0
       0
       0
       0
       0
       0
       0
       0
       0
       0
       0
       0
       0
       0
       0
       0
       0
       0
       0
       0
       0
       0
       0
       0
       0
       0
       0
       0
       0
       0
       0
       0
       0
       0
       0
       0
       0
       0
       0
       0
       0
       0
       0
       0
       0
       0
       0
       0
       0
       0
       0
       0
       0
       0
       0
       0
       0
       0
       0
       0
       0
       0
       0
$ROI:
2
95 97
514 605
$PRESETS:
Real Time
200
0
$ENER_FIT:
-289.438599 1.280702
$MCA_CAL:
3
-2.894386E+002 1.280702E+000 0.000000E+000
$SHAPE_CAL:
3
0.000000E+000 0.000000E+000 0.000000E+000
