$SPEC_ID:
MEASURE 154.
$SPEC_REM:
DET# 1
DETDESC# MCB 25
AP# Maestro Version 6.05
$DATE_MEA:
04/09/2003 08:14:48
$MEAS_TIM:
196 200
$DATA:
0 1023
       0
       0
       0
       0
       0
       0
       0
       0
       0
       0
       0
       0
       0
       0
       0
       0
       0
       0
       0
       0
       0
       0
       0
       0
       0
       0
       0
       0
       0
       0
       0
       0
       0
       0
       0
       0
       0
       0
       0
       0
       0
       0
       0
       0
     123
     271
     278
     271
     265
     267
     320
     287
     286
     269
     281
     282
     297
     285
     286
     319
     304
     285
     293
     272
     334
     318
     289
     314
     291
     330
     295
     313
     308
     324
     331
     339
     328
     326
     333
     340
     338
     357
     341
     385
     378
     374
     379
     429
     389
     443
     381
     409
     402
     435
     429
     459
     430
     417
     424
     471
     471
     454
     478
     467
     465
     484
     486
     506
     480
     530
     524
     566
     553
     516
     491
     509
     514
     571
     553
     576
     512
     558
     571
     575
     558
     578
     571
     569
     592
     592
     590
     587
     601
     573
     591
     586
     599
     598
     581
     632
     600
     617
     578
     576
     594
     623
     625
     606
     610
     601
     620
     633
     637
     597
     618
     671
     574
     603
     582
     629
     626
     627
     640
     625
     638
     607
     602
     588
     635
     587
     614
     599
     623
     626
     637
     639
     660
     633
     591
     621
     583
     576
     651
     642
     613
     578
     633
     600
     628
     587
     626
     621
     649
     645
     653
     682
     643
     727
     607
     738
     668
     707
     665
     683
     717
     692
     668
     685
     679
     734
     735
     709
     699
     678
     739
     669
     676
     698
     709
     687
     730
     626
     721
     628
     615
     665
     665
     627
     669
     615
     629
     639
     672
     589
     648
     634
     615
     581
     552
     589
     555
     576
     597
     598
     541
     584
     584
     555
     636
     570
     570
     544
     564
     545
     552
     564
     533
     519
     537
     506
     517
     557
     546
     508
     522
     569
     527
     526
     510
     459
     510
     505
     492
     493
     494
     490
     509
     495
     486
     441
     484
     462
     470
     410
     459
     474
     472
     469
     452
     443
     448
     457
     452
     436
     436
     411
     397
     424
     429
     480
     403
     424
     393
     401
     414
     406
     407
     415
     401
     407
     392
     403
     439
     386
     414
     413
     384
     377
     402
     367
     416
     384
     392
     389
     376
     369
     394
     355
     383
     377
     374
     382
     361
     391
     339
     391
     367
     389
     369
     337
     379
     375
     322
     365
     369
     358
     325
     346
     330
     366
     357
     340
     347
     358
     342
     356
     307
     284
     322
     319
     320
     319
     327
     316
     306
     328
     306
     310
     284
     299
     293
     318
     314
     312
     288
     282
     270
     304
     282
     267
     263
     286
     257
     243
     238
     214
     233
     245
     221
     220
     272
     226
     225
     225
     211
     224
     206
     208
     188
     197
     220
     196
     169
     211
     197
     193
     189
     181
     173
     173
     195
     208
     170
     166
     162
     156
     157
     175
     169
     160
     167
     162
     147
     167
     157
     180
     169
     139
     152
     145
     142
     152
     139
     154
     138
     136
     158
     137
     135
     134
     133
     144
     131
     116
     155
     156
     127
     124
     103
     138
     127
     136
     135
     132
     115
     122
     108
     117
     130
     136
     132
     104
     124
     118
     118
     111
     119
     118
     123
     127
     127
     121
     114
     132
     123
     129
     107
     128
     137
     122
     118
     112
     118
     110
     121
     118
     125
     120
     110
     109
     131
     117
     107
     101
     109
     110
     125
     129
     113
     134
     111
     133
     131
     127
     135
     119
     137
     134
     118
     134
     126
     122
     137
     139
     146
     151
     127
     151
     141
     164
     190
     168
     155
     169
     176
     181
     216
     208
     223
     245
     238
     264
     270
     261
     287
     326
     329
     335
     385
     388
     402
     426
     459
     466
     522
     583
     642
     674
     634
     684
     697
     749
     768
     791
     789
     846
     909
     945
     976
    1068
    1020
    1089
    1142
    1150
    1202
    1199
    1187
    1211
    1296
    1257
    1323
    1307
    1343
    1357
    1336
    1371
    1352
    1361
    1335
    1314
    1273
    1287
    1318
    1331
    1234
    1214
    1245
    1168
    1130
    1107
    1136
    1121
     982
     935
     864
     873
     808
     793
     786
     709
     629
     646
     583
     582
     510
     538
     471
     426
     386
     367
     357
     338
     271
     265
     266
     234
     247
     188
     164
     186
     144
     147
     138
     112
     119
     112
      80
      85
      89
      85
      84
      82
      78
      80
      65
      69
      66
      60
      55
      54
      53
      56
      50
      42
      44
      59
      51
      45
      51
      53
      53
      57
      43
      39
      47
      48
      59
      42
      50
      42
      58
      63
      52
      41
      56
      39
      55
      60
      50
      49
      47
      64
      47
      47
      59
      39
      45
      58
      48
      41
      48
      46
      52
      46
      44
      37
      34
      43
      38
      61
      46
      41
      60
      51
      52
      53
      42
      45
      49
      54
      31
      45
      43
      45
      41
      50
      33
      46
      37
      39
      44
      41
      50
      49
      49
      55
      39
      44
      40
      60
      42
      44
      35
      49
      34
      53
      38
      37
      35
      50
      39
      29
      40
      37
      46
      35
      40
      42
      39
      46
      25
      44
      40
      43
      50
      53
      37
      49
      42
      30
      45
      30
      37
      47
      48
      53
      54
      36
      49
      39
      45
      39
      34
      45
      42
      46
      36
      46
      47
      37
      38
      39
      42
      40
      41
      47
      36
      43
      54
      58
      38
      58
      43
      57
      38
      37
      39
      31
      34
      47
      39
      32
      46
      46
      38
      52
      39
      39
      42
      39
      36
      42
      51
      28
      50
      29
      42
      43
      32
      46
      28
      36
      46
      42
      47
      44
      51
      58
      48
      47
      44
      47
      40
      35
      52
      50
      43
      43
      43
      34
      52
      48
      48
      36
      41
      52
      46
      42
      40
      43
      35
      50
      34
      34
      51
      38
      47
      38
      40
      45
      50
      52
      47
      44
      50
      40
      42
      38
      50
      45
      48
      49
      56
      39
      52
      34
      62
      52
      42
      51
      47
      47
      41
      44
      35
      63
      44
      45
      50
      49
      55
      41
      39
      41
      44
      52
      47
      44
      54
      45
      49
      52
      38
      50
      51
      48
      47
      36
      39
      41
      47
      39
      36
      35
      38
      39
      42
      46
      43
      42
      43
      44
      45
      42
      47
      32
      40
      51
      47
      32
      42
      39
      49
      56
      39
      44
      40
      38
      61
      40
      55
      48
      48
      32
      32
      54
      30
      53
      41
      46
      60
      33
      50
      48
      49
      43
      47
      50
      44
      33
      44
      34
      52
      36
      38
      46
      24
       0
       0
       0
       0
       0
       0
       0
       0
       0
       0
       0
       0
       0
       0
       0
       0
       0
       0
       0
       0
       0
       0
       0
       0
       0
       0
       0
       0
       0
       0
       0
       0
       0
       0
       0
       0
       0
       0
       0
       0
       0
       0
       0
       0
       0
       0
       0
       0
       0
       0
       0
       0
       0
       0
       0
       0
       0
       0
       0
       0
       0
       0
       0
       0
       0
       0
       0
$ROI:
2
95 97
514 605
$PRESETS:
Real Time
200
0
$ENER_FIT:
-289.438599 1.280702
$MCA_CAL:
3
-2.894386E+002 1.280702E+000 0.000000E+000
$SHAPE_CAL:
3
0.000000E+000 0.000000E+000 0.000000E+000
