$SPEC_ID:
MEASURE 827.
$SPEC_REM:
DET# 1
DETDESC# MCB 25
AP# Maestro Version 6.05
$DATE_MEA:
04/08/2003 04:59:48
$MEAS_TIM:
196 200
$DATA:
0 1023
       0
       0
       0
       0
       0
       0
       0
       0
       0
       0
       0
       0
       0
       0
       0
       0
       0
       0
       0
       0
       0
       0
       0
       0
       0
       0
       0
       0
       0
       0
       0
       0
       0
       0
       0
       0
       0
       0
       0
       0
       0
       0
       0
       0
     115
     244
     289
     269
     282
     274
     256
     273
     271
     271
     277
     281
     310
     273
     290
     283
     280
     256
     283
     298
     255
     294
     280
     318
     331
     314
     292
     305
     336
     328
     320
     327
     353
     334
     311
     336
     351
     353
     374
     385
     371
     381
     374
     398
     368
     375
     405
     399
     399
     417
     443
     449
     427
     456
     480
     484
     464
     523
     480
     480
     482
     488
     463
     499
     534
     513
     524
     513
     490
     531
     556
     508
     562
     539
     575
     530
     536
     526
     555
     512
     556
     592
     592
     574
     568
     607
     613
     609
     634
     609
     594
     613
     602
     591
     656
     622
     598
     591
     595
     640
     603
     613
     609
     553
     647
     628
     641
     651
     570
     574
     599
     648
     608
     649
     634
     637
     632
     615
     614
     649
     622
     614
     657
     630
     668
     614
     619
     671
     641
     595
     619
     603
     630
     648
     620
     627
     618
     615
     635
     607
     630
     643
     651
     638
     654
     652
     647
     691
     633
     685
     656
     661
     697
     688
     663
     671
     718
     677
     695
     699
     693
     678
     729
     701
     711
     699
     705
     735
     718
     712
     726
     696
     740
     729
     692
     716
     675
     639
     635
     630
     698
     647
     670
     609
     643
     624
     652
     606
     615
     592
     592
     591
     626
     599
     576
     579
     620
     671
     568
     597
     591
     565
     576
     525
     534
     561
     555
     529
     505
     584
     549
     595
     561
     515
     533
     540
     514
     499
     520
     560
     513
     547
     518
     509
     503
     523
     470
     509
     475
     487
     466
     470
     464
     469
     485
     508
     524
     494
     491
     469
     442
     458
     473
     482
     452
     451
     455
     463
     436
     462
     441
     426
     441
     437
     435
     459
     445
     416
     428
     405
     422
     399
     399
     428
     402
     402
     428
     445
     364
     418
     396
     364
     392
     403
     376
     374
     362
     444
     392
     355
     381
     366
     394
     377
     357
     384
     375
     380
     344
     381
     361
     371
     359
     367
     388
     377
     336
     347
     360
     364
     349
     355
     351
     326
     327
     362
     367
     335
     374
     381
     320
     340
     343
     336
     321
     338
     314
     314
     326
     323
     305
     293
     295
     345
     304
     302
     298
     271
     298
     303
     296
     259
     277
     296
     262
     257
     253
     253
     240
     268
     233
     228
     222
     237
     248
     244
     240
     244
     225
     205
     238
     185
     210
     204
     206
     197
     177
     185
     184
     184
     171
     177
     178
     190
     177
     170
     186
     176
     215
     144
     171
     146
     157
     172
     169
     162
     176
     169
     175
     147
     151
     154
     153
     152
     161
     154
     153
     154
     160
     140
     138
     145
     134
     133
     131
     138
     132
     132
     130
     109
     162
     129
     136
     132
     134
     119
     144
     131
     133
     109
     146
     132
     119
     117
     159
     117
     103
     137
     126
     146
     114
     116
     140
     121
     111
     123
     126
     116
     123
     142
     144
     105
     127
     107
     116
     117
     115
     120
     153
     118
     125
     115
     128
     137
     115
     120
     117
     124
     109
     107
      92
     120
     118
     141
     102
     109
     115
     127
     120
     104
     114
     132
     141
     107
     138
     138
     137
     139
     150
     133
     145
     156
     158
     140
     159
     159
     139
     174
     187
     191
     202
     192
     227
     259
     228
     267
     268
     278
     271
     322
     330
     347
     361
     367
     444
     415
     441
     477
     507
     534
     551
     647
     592
     657
     695
     708
     802
     815
     866
     817
     896
     949
     952
     912
    1051
    1104
    1026
    1123
    1127
    1269
    1239
    1210
    1269
    1336
    1285
    1341
    1364
    1347
    1360
    1350
    1369
    1310
    1371
    1341
    1350
    1291
    1315
    1324
    1249
    1206
    1213
    1183
    1164
    1179
    1112
    1082
    1001
     979
     950
     872
     836
     820
     783
     712
     656
     660
     641
     551
     568
     542
     467
     483
     393
     413
     380
     351
     303
     292
     265
     243
     229
     201
     186
     181
     154
     164
     132
     129
     127
     109
      74
     100
      82
      89
      84
      74
      80
      70
      73
      70
      54
      66
      61
      59
      53
      54
      64
      43
      48
      57
      50
      65
      51
      50
      40
      42
      45
      47
      45
      60
      58
      44
      33
      59
      32
      53
      50
      51
      46
      57
      49
      52
      55
      58
      30
      34
      41
      59
      44
      47
      40
      62
      53
      61
      55
      40
      50
      42
      46
      51
      44
      43
      51
      41
      48
      45
      47
      47
      53
      42
      53
      54
      53
      48
      47
      43
      54
      48
      45
      51
      45
      48
      44
      43
      57
      44
      39
      53
      39
      48
      53
      42
      48
      46
      46
      49
      32
      46
      38
      50
      35
      47
      51
      43
      30
      57
      47
      50
      35
      42
      52
      50
      35
      46
      52
      42
      41
      34
      42
      39
      58
      40
      49
      52
      43
      37
      42
      42
      53
      37
      46
      39
      42
      38
      36
      53
      42
      49
      45
      42
      35
      56
      34
      48
      54
      52
      36
      51
      40
      41
      34
      56
      57
      36
      42
      59
      46
      40
      54
      38
      55
      36
      49
      39
      40
      35
      46
      45
      34
      51
      53
      37
      35
      45
      48
      52
      47
      47
      49
      50
      43
      45
      51
      50
      31
      59
      40
      40
      55
      49
      45
      46
      38
      56
      39
      41
      44
      36
      50
      57
      48
      50
      41
      53
      41
      56
      33
      54
      48
      36
      45
      45
      33
      43
      39
      47
      35
      40
      50
      42
      40
      42
      42
      51
      51
      39
      68
      48
      44
      62
      50
      48
      42
      44
      35
      33
      61
      60
      43
      39
      45
      43
      46
      46
      46
      47
      37
      50
      54
      50
      41
      55
      40
      37
      48
      37
      48
      45
      45
      41
      55
      63
      43
      37
      37
      43
      55
      46
      41
      40
      52
      37
      57
      39
      46
      37
      43
      44
      43
      60
      48
      52
      45
      32
      40
      34
      45
      51
      54
      42
      29
      42
      39
      51
      45
      48
      44
      50
      58
      32
      51
      51
      45
      46
      51
      35
      52
      37
      53
      53
      51
      54
      41
      61
      44
      36
      51
      52
      36
      35
      50
      59
      44
      54
      63
      55
      37
      51
      53
      54
      46
      51
       7
       0
       0
       0
       0
       0
       0
       0
       0
       0
       0
       0
       0
       0
       0
       0
       0
       0
       0
       0
       0
       0
       0
       0
       0
       0
       0
       0
       0
       0
       0
       0
       0
       0
       0
       0
       0
       0
       0
       0
       0
       0
       0
       0
       0
       0
       0
       0
       0
       0
       0
       0
       0
       0
       0
       0
       0
       0
       0
       0
       0
       0
       0
       0
       0
       0
       0
       0
$ROI:
2
95 97
514 605
$PRESETS:
Real Time
200
0
$ENER_FIT:
-289.438599 1.280702
$MCA_CAL:
3
-2.894386E+002 1.280702E+000 0.000000E+000
$SHAPE_CAL:
3
0.000000E+000 0.000000E+000 0.000000E+000
