$SPEC_ID:
MEASURE 159.
$SPEC_REM:
DET# 1
DETDESC# MCB 25
AP# Maestro Version 6.05
$DATE_MEA:
04/09/2003 08:39:48
$MEAS_TIM:
196 200
$DATA:
0 1023
       0
       0
       0
       0
       0
       0
       0
       0
       0
       0
       0
       0
       0
       0
       0
       0
       0
       0
       0
       0
       0
       0
       0
       0
       0
       0
       0
       0
       0
       0
       0
       0
       0
       0
       0
       0
       0
       0
       0
       0
       0
       0
       0
       0
     106
     258
     254
     278
     252
     258
     277
     272
     292
     274
     248
     279
     265
     264
     283
     268
     295
     269
     280
     290
     293
     304
     330
     282
     294
     289
     312
     279
     309
     300
     337
     339
     328
     365
     365
     353
     362
     346
     375
     357
     379
     353
     398
     376
     373
     384
     392
     401
     466
     430
     432
     451
     426
     429
     442
     454
     445
     477
     465
     483
     499
     483
     490
     518
     502
     535
     557
     515
     541
     533
     530
     546
     541
     538
     499
     532
     499
     561
     567
     575
     529
     563
     580
     577
     575
     613
     591
     605
     578
     599
     614
     572
     637
     547
     599
     636
     597
     668
     577
     609
     581
     597
     609
     624
     644
     625
     623
     625
     645
     626
     675
     610
     594
     619
     614
     610
     655
     636
     644
     589
     676
     584
     603
     641
     641
     602
     596
     615
     613
     619
     581
     640
     594
     621
     621
     669
     624
     644
     596
     606
     618
     632
     620
     624
     617
     659
     632
     599
     654
     632
     683
     680
     690
     654
     671
     640
     685
     668
     685
     685
     684
     722
     727
     687
     680
     704
     724
     657
     742
     677
     698
     655
     667
     666
     696
     707
     694
     686
     689
     647
     671
     649
     654
     622
     640
     617
     634
     589
     597
     586
     654
     596
     597
     607
     616
     565
     543
     579
     617
     585
     577
     563
     569
     599
     524
     614
     531
     562
     537
     561
     570
     520
     514
     541
     524
     562
     556
     548
     538
     537
     494
     544
     518
     481
     526
     493
     513
     485
     466
     503
     532
     531
     495
     488
     473
     477
     490
     434
     461
     482
     439
     494
     468
     449
     455
     461
     435
     428
     436
     470
     431
     409
     381
     415
     375
     419
     447
     458
     425
     442
     435
     411
     417
     438
     390
     414
     381
     393
     377
     373
     349
     422
     418
     393
     379
     391
     400
     406
     387
     363
     396
     377
     389
     348
     389
     362
     374
     354
     394
     357
     348
     400
     364
     382
     372
     353
     340
     383
     363
     370
     366
     335
     357
     345
     346
     361
     369
     354
     364
     342
     359
     369
     320
     311
     330
     347
     330
     324
     313
     320
     323
     305
     284
     342
     266
     282
     315
     300
     280
     264
     257
     303
     283
     259
     281
     256
     293
     238
     265
     266
     255
     236
     244
     256
     279
     233
     239
     225
     204
     214
     211
     221
     187
     212
     198
     218
     185
     196
     174
     162
     190
     181
     174
     166
     161
     206
     201
     172
     159
     149
     180
     169
     156
     165
     159
     143
     163
     164
     153
     143
     162
     159
     150
     162
     124
     130
     135
     154
     127
     143
     117
     142
     154
     121
     114
     142
     113
     168
     134
     129
     135
     127
     132
     136
     125
     123
     129
     125
     113
     140
     111
      99
     127
     128
     137
     129
     108
     103
     130
     131
     124
     128
     123
     138
     108
     104
     130
     124
     114
     112
     121
     124
     119
     112
     123
      98
     103
     112
     130
     122
     118
     123
     126
      90
     116
     117
     135
     112
     113
     105
     112
     124
     114
     111
     126
      95
     150
     104
     108
     123
     132
     138
     118
     107
     133
     112
     131
     140
     124
     129
     146
     131
     132
     143
     158
     165
     137
     157
     170
     189
     184
     192
     232
     207
     205
     223
     236
     272
     290
     271
     277
     335
     345
     367
     346
     366
     415
     461
     416
     507
     509
     546
     541
     622
     644
     682
     724
     715
     773
     775
     874
     897
     909
     971
     906
     990
    1031
    1076
    1120
    1117
    1164
    1153
    1222
    1247
    1193
    1257
    1257
    1330
    1323
    1305
    1347
    1380
    1408
    1341
    1339
    1331
    1291
    1253
    1339
    1256
    1200
    1275
    1171
    1165
    1166
    1151
    1056
    1071
     948
     914
     933
     929
     838
     796
     801
     651
     668
     611
     637
     586
     522
     527
     465
     435
     419
     373
     391
     323
     331
     256
     249
     244
     226
     189
     191
     166
     171
     160
     139
     121
     120
     117
     106
      83
      81
      86
      70
      74
      64
      68
      67
      73
      46
      67
      73
      56
      60
      57
      67
      50
      48
      47
      55
      65
      46
      43
      55
      46
      42
      48
      52
      48
      52
      44
      37
      47
      43
      40
      53
      43
      46
      53
      52
      32
      45
      48
      49
      41
      49
      43
      43
      35
      42
      47
      47
      54
      68
      42
      52
      43
      45
      55
      50
      53
      45
      53
      45
      41
      46
      52
      43
      48
      50
      45
      41
      59
      47
      41
      39
      40
      45
      48
      45
      43
      36
      43
      41
      51
      39
      47
      40
      43
      45
      51
      53
      46
      40
      52
      41
      53
      34
      37
      40
      39
      37
      39
      45
      48
      45
      34
      54
      39
      41
      45
      40
      56
      50
      44
      42
      35
      49
      50
      36
      43
      49
      56
      47
      46
      27
      50
      52
      36
      57
      39
      45
      62
      58
      43
      44
      44
      34
      49
      43
      35
      51
      43
      38
      50
      49
      57
      45
      39
      33
      32
      47
      41
      51
      54
      30
      48
      38
      59
      37
      44
      51
      49
      38
      49
      42
      39
      51
      37
      51
      55
      44
      44
      41
      38
      55
      54
      42
      44
      39
      41
      46
      39
      46
      35
      50
      40
      29
      64
      36
      48
      46
      47
      39
      45
      55
      40
      45
      49
      41
      39
      43
      33
      38
      57
      47
      46
      45
      50
      39
      67
      43
      47
      40
      45
      43
      47
      41
      57
      58
      34
      35
      38
      42
      47
      41
      35
      47
      59
      43
      42
      49
      49
      61
      49
      51
      47
      56
      64
      43
      48
      38
      36
      52
      36
      34
      42
      50
      45
      36
      51
      38
      48
      47
      35
      39
      44
      42
      47
      63
      40
      39
      34
      39
      48
      38
      65
      52
      52
      34
      48
      54
      41
      47
      46
      35
      40
      35
      40
      45
      44
      41
      43
      41
      56
      44
      37
      46
      35
      44
      49
      51
      46
      56
      38
      42
      37
      54
      40
      46
      50
      39
      39
      41
      52
      47
      42
      48
      38
      40
      33
      42
      41
      44
      50
      46
      44
      44
      51
      43
      41
      39
      38
      37
      48
      51
      44
      49
      42
      20
       1
       0
       0
       0
       0
       0
       0
       0
       0
       0
       0
       0
       0
       0
       0
       0
       0
       0
       0
       0
       0
       0
       0
       0
       0
       0
       0
       0
       0
       0
       0
       0
       0
       0
       0
       0
       0
       0
       0
       0
       0
       0
       0
       0
       0
       0
       0
       0
       0
       0
       0
       0
       0
       0
       0
       0
       0
       0
       0
       0
       0
       0
       0
       0
       0
       0
       0
$ROI:
2
95 97
514 605
$PRESETS:
Real Time
200
0
$ENER_FIT:
-289.438599 1.280702
$MCA_CAL:
3
-2.894386E+002 1.280702E+000 0.000000E+000
$SHAPE_CAL:
3
0.000000E+000 0.000000E+000 0.000000E+000
