$SPEC_ID:
MEASURE 419.
$SPEC_REM:
DET# 1
DETDESC# MCB 25
AP# Maestro Version 6.05
$DATE_MEA:
04/06/2003 18:59:48
$MEAS_TIM:
196 200
$DATA:
0 1023
       0
       0
       0
       0
       0
       0
       0
       0
       0
       0
       0
       0
       0
       0
       0
       0
       0
       0
       0
       0
       0
       0
       0
       0
       0
       0
       0
       0
       0
       0
       0
       0
       0
       0
       0
       0
       0
       0
       0
       0
       0
       0
       0
       0
     127
     251
     257
     268
     243
     292
     310
     275
     237
     296
     258
     268
     298
     299
     264
     292
     289
     273
     272
     295
     291
     293
     299
     306
     297
     335
     316
     300
     311
     347
     355
     301
     346
     329
     294
     341
     318
     330
     372
     353
     389
     362
     380
     376
     390
     389
     411
     451
     435
     392
     417
     418
     469
     486
     469
     442
     438
     470
     438
     510
     470
     508
     507
     519
     498
     537
     483
     561
     500
     529
     504
     525
     529
     521
     524
     525
     513
     552
     589
     572
     553
     618
     602
     542
     527
     578
     583
     637
     631
     547
     617
     589
     629
     586
     618
     592
     607
     663
     625
     620
     617
     601
     593
     622
     615
     636
     632
     592
     630
     634
     657
     642
     627
     609
     633
     642
     658
     639
     657
     640
     616
     644
     618
     632
     620
     641
     606
     637
     628
     624
     613
     626
     570
     603
     603
     596
     623
     598
     575
     623
     658
     618
     611
     656
     654
     666
     665
     639
     685
     657
     648
     638
     742
     657
     718
     685
     735
     668
     694
     683
     740
     724
     695
     742
     715
     680
     705
     716
     673
     708
     667
     683
     702
     636
     719
     670
     670
     718
     729
     636
     681
     629
     664
     656
     668
     626
     674
     642
     633
     598
     624
     588
     558
     623
     626
     605
     577
     534
     575
     560
     571
     586
     557
     557
     538
     563
     530
     547
     538
     535
     541
     556
     580
     540
     597
     535
     544
     535
     544
     547
     517
     504
     513
     504
     504
     481
     524
     489
     479
     487
     513
     502
     481
     473
     472
     473
     470
     464
     480
     459
     431
     461
     445
     465
     443
     458
     450
     489
     479
     463
     422
     457
     440
     413
     416
     433
     413
     415
     402
     382
     417
     407
     387
     416
     411
     413
     406
     383
     420
     389
     401
     416
     388
     405
     391
     385
     374
     390
     422
     368
     355
     394
     375
     376
     379
     352
     342
     368
     389
     369
     389
     372
     359
     356
     352
     409
     373
     369
     356
     323
     331
     306
     356
     350
     342
     350
     351
     330
     364
     343
     347
     331
     334
     339
     334
     354
     332
     329
     305
     369
     297
     330
     318
     289
     316
     331
     309
     316
     297
     278
     282
     271
     303
     250
     291
     264
     279
     242
     250
     247
     247
     230
     238
     245
     214
     217
     231
     186
     210
     234
     226
     219
     190
     199
     201
     208
     177
     205
     203
     212
     147
     180
     181
     169
     185
     155
     166
     177
     195
     155
     157
     142
     153
     143
     151
     160
     170
     165
     166
     183
     147
     167
     173
     142
     150
     163
     135
     145
     140
     154
     157
     146
     128
     115
     124
     144
     148
     149
     160
     141
     145
     139
     132
     131
     132
     126
     123
     114
     123
     131
     111
     131
     125
     109
     143
     113
     115
     130
     129
     131
     106
     119
     125
     124
     105
     113
     108
     124
     119
     132
     122
     110
     111
     140
     131
     108
     103
     124
     119
     113
     104
     129
     140
     122
     120
     125
     133
     122
     103
      97
     123
     156
     114
     111
     107
     108
     124
     130
     141
     126
     129
     149
     137
     150
     120
     145
     135
     145
     131
     160
     148
     167
     170
     189
     164
     170
     180
     177
     197
     208
     208
     230
     219
     234
     253
     249
     296
     279
     311
     347
     365
     396
     377
     386
     418
     443
     484
     485
     517
     546
     582
     564
     682
     690
     727
     789
     768
     808
     874
     876
     948
    1036
    1074
     991
    1122
    1082
    1150
    1154
    1197
    1272
    1284
    1261
    1253
    1322
    1285
    1435
    1296
    1327
    1305
    1401
    1353
    1374
    1389
    1251
    1334
    1272
    1270
    1322
    1229
    1183
    1135
    1115
    1114
    1145
    1062
    1000
     926
     949
     883
     861
     859
     723
     736
     737
     693
     618
     582
     531
     525
     483
     469
     414
     391
     340
     341
     327
     284
     257
     226
     222
     221
     216
     165
     156
     166
     141
     124
     117
     101
     102
      91
      78
      89
      97
      67
      60
      82
      73
      62
      62
      44
      64
      74
      51
      54
      65
      47
      51
      47
      44
      50
      47
      62
      45
      49
      42
      61
      53
      46
      60
      48
      60
      40
      47
      55
      44
      36
      53
      50
      45
      55
      48
      51
      41
      43
      43
      38
      57
      35
      50
      45
      44
      56
      44
      47
      59
      36
      54
      39
      51
      49
      43
      56
      48
      53
      52
      48
      49
      35
      39
      42
      38
      50
      56
      54
      48
      60
      39
      50
      48
      40
      50
      36
      53
      40
      48
      40
      39
      39
      47
      37
      55
      37
      48
      50
      58
      43
      37
      49
      37
      44
      42
      48
      45
      46
      32
      52
      38
      42
      39
      42
      40
      47
      36
      43
      47
      49
      43
      50
      42
      51
      34
      56
      41
      39
      50
      44
      53
      41
      50
      38
      46
      37
      47
      63
      48
      52
      40
      46
      39
      45
      45
      39
      43
      39
      52
      36
      48
      43
      38
      40
      39
      38
      34
      52
      50
      39
      47
      52
      45
      40
      45
      44
      51
      46
      33
      53
      35
      45
      54
      50
      31
      34
      40
      51
      37
      44
      55
      53
      42
      38
      53
      43
      42
      52
      53
      58
      53
      51
      48
      52
      44
      42
      54
      47
      43
      48
      36
      51
      43
      57
      50
      45
      41
      33
      45
      41
      40
      46
      32
      38
      49
      50
      36
      41
      39
      40
      51
      40
      46
      44
      42
      33
      37
      38
      49
      46
      32
      44
      46
      40
      50
      47
      51
      47
      47
      52
      44
      42
      38
      29
      48
      59
      50
      45
      43
      55
      48
      46
      41
      47
      45
      57
      43
      46
      41
      53
      41
      56
      46
      41
      51
      50
      55
      46
      45
      47
      54
      52
      44
      37
      34
      44
      36
      42
      44
      45
      47
      39
      46
      44
      44
      36
      40
      32
      43
      56
      51
      52
      51
      42
      47
      38
      45
      49
      43
      42
      52
      45
      41
      43
      32
      52
      36
      48
      38
      51
      44
      48
      42
      49
      39
      52
      50
      39
      52
      53
      30
      35
      50
      27
      47
      56
      54
      45
      49
      47
      47
      39
      30
      42
      30
       6
       0
       0
       0
       0
       0
       0
       0
       0
       0
       0
       0
       0
       0
       0
       0
       0
       0
       0
       0
       0
       0
       0
       0
       0
       0
       0
       0
       0
       0
       0
       0
       0
       0
       0
       0
       0
       0
       0
       0
       0
       0
       0
       0
       0
       0
       0
       0
       0
       0
       0
       0
       0
       0
       0
       0
       0
       0
       0
       0
       0
       0
       0
       0
       0
       0
       0
       0
$ROI:
2
95 97
514 605
$PRESETS:
Real Time
200
0
$ENER_FIT:
-289.438599 1.280702
$MCA_CAL:
3
-2.894386E+002 1.280702E+000 0.000000E+000
$SHAPE_CAL:
3
0.000000E+000 0.000000E+000 0.000000E+000
