$SPEC_ID:
MEASURE 929.
$SPEC_REM:
DET# 1
DETDESC# MCB 25
AP# Maestro Version 6.05
$DATE_MEA:
04/08/2003 13:29:48
$MEAS_TIM:
196 200
$DATA:
0 1023
       0
       0
       0
       0
       0
       0
       0
       0
       0
       0
       0
       0
       0
       0
       0
       0
       0
       0
       0
       0
       0
       0
       0
       0
       0
       0
       0
       0
       0
       0
       0
       0
       0
       0
       0
       0
       0
       0
       0
       0
       0
       0
       0
       0
     152
     279
     277
     257
     261
     283
     267
     281
     256
     270
     263
     291
     278
     285
     282
     285
     275
     291
     315
     281
     283
     323
     278
     311
     283
     299
     295
     332
     319
     297
     347
     353
     352
     317
     350
     380
     333
     336
     355
     376
     374
     381
     371
     411
     379
     393
     432
     400
     404
     444
     453
     434
     454
     470
     449
     428
     435
     469
     478
     489
     483
     503
     453
     530
     510
     530
     524
     543
     570
     535
     523
     516
     530
     583
     515
     554
     537
     577
     548
     590
     597
     565
     577
     583
     579
     600
     623
     590
     657
     571
     621
     567
     601
     594
     635
     589
     618
     617
     620
     607
     653
     625
     640
     604
     651
     606
     670
     662
     636
     651
     588
     624
     608
     629
     604
     603
     640
     613
     581
     600
     635
     618
     615
     601
     623
     596
     597
     639
     579
     609
     615
     637
     560
     645
     623
     566
     561
     620
     620
     614
     627
     607
     613
     675
     637
     652
     646
     671
     684
     693
     672
     651
     670
     650
     658
     707
     692
     687
     737
     706
     669
     736
     723
     731
     746
     754
     729
     755
     744
     729
     683
     762
     700
     700
     694
     715
     665
     748
     754
     661
     655
     713
     692
     660
     623
     589
     635
     624
     603
     616
     607
     627
     578
     556
     589
     574
     539
     617
     584
     579
     589
     576
     565
     560
     545
     539
     571
     556
     531
     499
     532
     562
     561
     536
     525
     587
     554
     525
     519
     519
     486
     522
     492
     518
     524
     548
     492
     499
     529
     500
     485
     509
     457
     452
     486
     479
     470
     507
     457
     504
     437
     436
     461
     456
     471
     396
     442
     446
     451
     460
     425
     443
     429
     442
     450
     426
     447
     449
     410
     416
     443
     402
     409
     382
     415
     441
     415
     406
     444
     400
     377
     387
     425
     415
     423
     394
     387
     390
     349
     395
     377
     410
     352
     389
     400
     397
     339
     434
     330
     370
     372
     374
     351
     390
     379
     326
     372
     377
     342
     376
     380
     361
     327
     367
     358
     306
     345
     350
     350
     351
     343
     345
     339
     357
     316
     312
     338
     319
     320
     315
     311
     315
     312
     289
     316
     280
     300
     275
     302
     297
     272
     291
     261
     284
     297
     273
     270
     248
     267
     250
     246
     234
     233
     227
     238
     212
     243
     193
     216
     196
     191
     198
     205
     203
     234
     188
     203
     181
     190
     185
     197
     178
     195
     164
     173
     182
     159
     180
     171
     175
     159
     170
     161
     141
     177
     145
     167
     163
     175
     167
     160
     144
     138
     155
     146
     137
     170
     139
     146
     138
     145
     145
     124
     129
     146
     149
     134
     153
     131
     132
     152
     125
     144
     124
     122
     141
     138
     125
     125
     122
     142
     154
     141
     125
     132
     131
     126
     127
     118
     134
     124
     118
      97
     116
     118
     120
     145
     143
     123
     132
     126
     105
     125
     127
     128
     113
     119
     121
     111
      98
     115
     127
     110
     116
     124
     106
     114
     117
     113
     131
     110
     132
     135
     127
     102
     109
     121
     130
     126
     118
     121
     119
     126
     127
     115
     153
     128
     119
     150
     137
     166
     143
     131
     151
     175
     180
     163
     185
     171
     204
     213
     228
     218
     233
     245
     230
     266
     280
     315
     329
     338
     341
     386
     358
     416
     414
     440
     466
     516
     514
     601
     578
     606
     635
     670
     711
     738
     810
     809
     883
     848
     966
     976
     982
    1019
    1031
    1079
    1134
    1190
    1159
    1167
    1260
    1287
    1248
    1306
    1342
    1326
    1351
    1303
    1392
    1315
    1310
    1307
    1320
    1317
    1250
    1323
    1284
    1294
    1250
    1195
    1249
    1112
    1111
    1130
    1054
     972
     984
     946
     906
     841
     816
     802
     742
     751
     650
     638
     552
     538
     481
     505
     398
     404
     372
     411
     342
     285
     245
     253
     248
     195
     194
     197
     180
     164
     172
     127
     116
     117
     125
     101
      83
      86
      87
      86
      68
      73
      69
      58
      57
      58
      58
      56
      59
      57
      56
      58
      58
      50
      55
      53
      45
      53
      54
      50
      52
      46
      59
      54
      57
      59
      36
      64
      55
      47
      51
      45
      48
      49
      36
      59
      57
      56
      44
      48
      54
      57
      50
      53
      54
      50
      43
      54
      52
      45
      44
      36
      48
      40
      54
      46
      25
      45
      49
      43
      32
      40
      48
      46
      52
      56
      51
      55
      59
      55
      36
      60
      57
      56
      61
      45
      49
      39
      45
      42
      55
      36
      37
      44
      43
      45
      39
      52
      47
      48
      48
      43
      45
      37
      48
      48
      42
      40
      46
      46
      57
      54
      48
      46
      50
      43
      42
      63
      42
      33
      54
      44
      44
      42
      43
      39
      42
      47
      52
      44
      33
      47
      41
      41
      43
      41
      40
      46
      47
      39
      34
      46
      47
      48
      31
      49
      55
      34
      48
      42
      38
      51
      53
      41
      29
      42
      35
      37
      34
      40
      53
      32
      52
      53
      49
      43
      43
      56
      40
      41
      52
      38
      33
      41
      51
      46
      40
      51
      42
      42
      42
      44
      44
      37
      46
      36
      39
      46
      49
      46
      48
      53
      35
      45
      35
      36
      40
      43
      59
      39
      33
      56
      38
      42
      29
      38
      55
      54
      45
      45
      47
      37
      46
      39
      35
      49
      46
      40
      51
      37
      46
      48
      44
      43
      36
      39
      41
      39
      37
      32
      45
      49
      54
      45
      41
      54
      37
      37
      48
      34
      48
      54
      44
      41
      55
      41
      57
      37
      48
      53
      56
      40
      47
      47
      43
      42
      48
      45
      39
      50
      38
      41
      37
      36
      48
      40
      37
      60
      41
      45
      46
      59
      40
      46
      38
      39
      40
      43
      53
      40
      43
      41
      29
      38
      48
      43
      49
      52
      43
      60
      46
      48
      42
      42
      34
      44
      50
      57
      43
      43
      34
      49
      49
      45
      41
      47
      37
      52
      52
      49
      37
      47
      42
      54
      44
      46
      48
      40
      53
      37
      52
      48
      49
      34
      48
      46
      49
      52
      59
      45
      59
      56
      54
      36
      56
      51
      47
       4
       0
       0
       0
       0
       0
       0
       0
       0
       0
       0
       0
       0
       0
       0
       0
       0
       0
       0
       0
       0
       0
       0
       0
       0
       0
       0
       0
       0
       0
       0
       0
       0
       0
       0
       0
       0
       0
       0
       0
       0
       0
       0
       0
       0
       0
       0
       0
       0
       0
       0
       0
       0
       0
       0
       0
       0
       0
       0
       0
       0
       0
       0
       0
       0
       0
       0
       0
$ROI:
2
95 97
514 605
$PRESETS:
Real Time
200
0
$ENER_FIT:
-289.438599 1.280702
$MCA_CAL:
3
-2.894386E+002 1.280702E+000 0.000000E+000
$SHAPE_CAL:
3
0.000000E+000 0.000000E+000 0.000000E+000
