$SPEC_ID:
MEASURE 999.
$SPEC_REM:
DET# 1
DETDESC# MCB 25
AP# Maestro Version 6.05
$DATE_MEA:
04/08/2003 19:19:48
$MEAS_TIM:
196 200
$DATA:
0 1023
       0
       0
       0
       0
       0
       0
       0
       0
       0
       0
       0
       0
       0
       0
       0
       0
       0
       0
       0
       0
       0
       0
       0
       0
       0
       0
       0
       0
       0
       0
       0
       0
       0
       0
       0
       0
       0
       0
       0
       0
       0
       0
       0
       0
     134
     279
     255
     279
     229
     313
     279
     248
     301
     269
     278
     279
     269
     246
     318
     291
     286
     277
     285
     247
     304
     312
     289
     301
     274
     297
     288
     337
     322
     340
     354
     291
     335
     325
     319
     347
     338
     354
     351
     358
     340
     378
     383
     371
     394
     408
     425
     403
     426
     390
     481
     412
     437
     457
     445
     471
     499
     507
     499
     518
     484
     460
     546
     513
     478
     572
     508
     490
     547
     544
     465
     462
     526
     549
     515
     564
     538
     536
     577
     607
     552
     534
     568
     543
     565
     572
     578
     660
     582
     611
     590
     609
     601
     603
     631
     574
     663
     620
     628
     575
     564
     636
     591
     587
     622
     633
     573
     634
     613
     594
     682
     644
     633
     617
     632
     659
     624
     626
     636
     644
     593
     623
     612
     598
     624
     580
     615
     598
     643
     587
     613
     640
     609
     597
     661
     583
     592
     653
     616
     631
     628
     610
     611
     628
     612
     623
     667
     699
     664
     653
     685
     640
     677
     669
     697
     630
     692
     707
     679
     753
     672
     714
     753
     693
     713
     746
     725
     715
     692
     694
     761
     686
     750
     660
     694
     751
     656
     644
     706
     615
     691
     640
     644
     606
     567
     632
     611
     644
     655
     587
     616
     603
     590
     596
     570
     590
     574
     594
     562
     573
     578
     535
     610
     570
     552
     557
     547
     577
     571
     523
     506
     535
     565
     562
     530
     540
     528
     520
     541
     555
     487
     504
     482
     465
     473
     498
     533
     477
     493
     462
     463
     464
     487
     444
     440
     476
     482
     504
     465
     466
     457
     450
     472
     463
     425
     418
     426
     472
     433
     405
     458
     421
     448
     415
     445
     428
     387
     406
     422
     432
     396
     404
     387
     380
     381
     431
     405
     413
     388
     401
     400
     379
     412
     361
     379
     379
     417
     394
     404
     362
     392
     388
     360
     374
     371
     361
     409
     400
     382
     359
     380
     357
     371
     355
     355
     371
     379
     379
     355
     355
     357
     380
     375
     328
     350
     373
     336
     321
     353
     354
     355
     334
     345
     307
     326
     312
     314
     321
     297
     322
     324
     320
     306
     275
     274
     316
     303
     275
     303
     273
     277
     278
     293
     269
     263
     270
     284
     226
     225
     272
     265
     224
     260
     225
     251
     211
     224
     215
     219
     221
     206
     223
     211
     205
     221
     190
     175
     188
     182
     195
     180
     166
     174
     197
     168
     175
     174
     194
     171
     169
     152
     157
     161
     186
     158
     162
     140
     147
     143
     161
     147
     137
     179
     147
     146
     145
     157
     146
     155
     153
     139
     155
     134
     142
     136
     152
     160
     102
     153
     119
     125
     144
     110
     127
     145
     127
     129
     153
     134
     141
     143
     111
     114
     130
     132
     140
     138
     121
     108
     117
     170
     113
     125
     141
     106
     115
     117
     112
     113
     115
     132
     108
     140
     127
     118
     124
     120
     113
     109
     118
     118
     142
     118
     120
     109
     101
      97
     124
     122
     121
     115
     120
     126
     110
     128
     112
     126
     118
     118
     107
     127
     112
     112
     137
     121
     116
     118
     132
     133
     137
     138
     138
     154
     166
     172
     149
     157
     179
     173
     174
     203
     198
     219
     233
     248
     265
     271
     269
     283
     300
     307
     348
     403
     376
     389
     402
     467
     468
     495
     511
     533
     576
     644
     659
     665
     712
     717
     761
     738
     831
     897
     865
     955
    1025
    1065
    1133
    1092
    1116
    1083
    1199
    1175
    1264
    1347
    1235
    1351
    1364
    1380
    1279
    1333
    1384
    1330
    1360
    1374
    1363
    1353
    1327
    1306
    1280
    1248
    1214
    1275
    1196
    1156
    1128
    1115
    1060
     997
     957
     910
     893
     817
     824
     771
     725
     688
     716
     654
     616
     616
     556
     510
     454
     442
     383
     341
     335
     306
     287
     273
     226
     208
     222
     196
     196
     160
     161
     130
     133
     127
     116
     117
      87
      99
      99
      71
      77
      82
      71
      67
      46
      64
      53
      77
      56
      56
      60
      55
      70
      47
      55
      52
      46
      46
      48
      47
      59
      49
      44
      64
      49
      42
      57
      52
      46
      60
      35
      50
      41
      51
      55
      49
      43
      41
      43
      51
      56
      50
      51
      46
      40
      56
      58
      59
      49
      42
      47
      53
      53
      60
      42
      39
      47
      49
      41
      57
      48
      57
      35
      43
      45
      40
      43
      51
      49
      39
      52
      56
      43
      39
      48
      47
      42
      54
      45
      46
      47
      37
      48
      35
      40
      42
      38
      41
      47
      43
      53
      49
      52
      44
      41
      44
      39
      37
      48
      40
      68
      43
      36
      53
      30
      43
      37
      43
      51
      37
      43
      37
      53
      44
      50
      49
      54
      50
      37
      35
      50
      52
      31
      39
      39
      47
      59
      40
      42
      50
      54
      44
      48
      34
      40
      52
      48
      46
      41
      38
      44
      47
      39
      42
      43
      38
      51
      41
      58
      37
      48
      43
      44
      40
      40
      45
      48
      42
      54
      47
      35
      55
      45
      53
      45
      34
      48
      35
      45
      58
      42
      56
      45
      43
      30
      37
      37
      34
      40
      38
      35
      47
      38
      39
      46
      53
      41
      36
      48
      50
      49
      38
      45
      41
      58
      55
      41
      37
      42
      36
      46
      36
      47
      41
      45
      39
      47
      43
      42
      33
      36
      41
      44
      48
      53
      44
      41
      41
      32
      51
      44
      44
      41
      47
      56
      42
      49
      51
      49
      45
      48
      39
      47
      40
      45
      45
      42
      43
      40
      50
      38
      48
      43
      46
      36
      40
      43
      53
      48
      51
      51
      52
      35
      39
      48
      47
      39
      42
      48
      45
      47
      49
      61
      36
      66
      39
      46
      41
      42
      48
      39
      49
      41
      42
      31
      47
      40
      48
      39
      40
      42
      51
      39
      44
      39
      38
      42
      55
      40
      49
      42
      49
      49
      42
      46
      46
      43
      50
      43
      51
      48
      36
      35
      41
      40
      58
      48
      57
      42
      40
      49
      48
      44
      35
      56
      55
      48
      42
      49
      45
      43
      59
      51
      49
      48
      54
      43
       1
       0
       0
       0
       0
       0
       0
       0
       0
       0
       0
       0
       0
       0
       0
       0
       0
       0
       0
       0
       0
       0
       0
       0
       0
       0
       0
       0
       0
       0
       0
       0
       0
       0
       0
       0
       0
       0
       0
       0
       0
       0
       0
       0
       0
       0
       0
       0
       0
       0
       0
       0
       0
       0
       0
       0
       0
       0
       0
       0
       0
       0
       0
       0
       0
       0
       0
       0
$ROI:
2
95 97
514 605
$PRESETS:
Real Time
200
0
$ENER_FIT:
-289.438599 1.280702
$MCA_CAL:
3
-2.894386E+002 1.280702E+000 0.000000E+000
$SHAPE_CAL:
3
0.000000E+000 0.000000E+000 0.000000E+000
