$SPEC_ID:
MEASURE 889.
$SPEC_REM:
DET# 1
DETDESC# MCB 25
AP# Maestro Version 6.05
$DATE_MEA:
04/08/2003 10:09:48
$MEAS_TIM:
196 200
$DATA:
0 1023
       0
       0
       0
       0
       0
       0
       0
       0
       0
       0
       0
       0
       0
       0
       0
       0
       0
       0
       0
       0
       0
       0
       0
       0
       0
       0
       0
       0
       0
       0
       0
       0
       0
       0
       0
       0
       0
       0
       0
       0
       0
       0
       0
       0
     129
     271
     286
     288
     264
     265
     273
     259
     265
     267
     301
     306
     286
     284
     256
     281
     275
     271
     279
     301
     291
     273
     266
     322
     327
     293
     307
     324
     328
     286
     317
     299
     310
     329
     364
     350
     324
     369
     338
     347
     390
     393
     385
     410
     391
     394
     372
     417
     437
     434
     427
     477
     453
     451
     431
     504
     478
     475
     493
     468
     485
     491
     499
     501
     488
     507
     512
     539
     507
     514
     518
     524
     519
     545
     541
     556
     545
     527
     546
     566
     520
     548
     589
     614
     600
     557
     612
     593
     574
     582
     567
     563
     608
     597
     661
     636
     558
     604
     634
     610
     597
     600
     640
     619
     578
     626
     631
     627
     636
     640
     601
     626
     629
     611
     618
     640
     596
     632
     626
     623
     627
     628
     613
     621
     630
     585
     605
     611
     581
     574
     629
     579
     632
     593
     583
     633
     584
     615
     634
     617
     605
     574
     637
     594
     666
     655
     622
     610
     675
     723
     666
     654
     697
     675
     655
     714
     681
     709
     728
     701
     721
     666
     696
     711
     702
     711
     685
     722
     662
     727
     737
     717
     686
     702
     700
     676
     665
     661
     687
     642
     675
     653
     616
     643
     662
     616
     632
     597
     581
     640
     582
     617
     607
     563
     585
     563
     597
     583
     601
     574
     566
     585
     567
     542
     537
     542
     527
     555
     550
     558
     532
     526
     563
     529
     511
     547
     553
     494
     532
     532
     527
     503
     517
     506
     523
     494
     530
     502
     573
     496
     466
     482
     501
     480
     448
     468
     487
     445
     472
     438
     457
     431
     449
     450
     457
     441
     440
     408
     457
     430
     458
     429
     444
     427
     385
     418
     395
     418
     448
     420
     392
     447
     410
     383
     379
     397
     437
     438
     395
     399
     382
     417
     391
     392
     386
     399
     383
     410
     368
     371
     380
     374
     387
     366
     373
     377
     389
     377
     381
     384
     362
     384
     365
     359
     340
     370
     355
     363
     371
     358
     391
     343
     354
     332
     356
     358
     334
     352
     328
     303
     328
     358
     349
     358
     357
     314
     347
     335
     312
     287
     334
     328
     308
     341
     295
     309
     275
     292
     295
     258
     265
     304
     255
     295
     272
     264
     262
     278
     272
     251
     244
     239
     249
     244
     228
     220
     212
     209
     225
     218
     215
     206
     214
     197
     189
     204
     193
     209
     198
     207
     191
     162
     190
     196
     182
     166
     169
     171
     162
     144
     196
     196
     162
     147
     165
     166
     171
     156
     134
     169
     157
     147
     145
     148
     145
     158
     153
     129
     137
     150
     129
     176
     137
     133
     116
     158
     118
     156
     131
     130
     153
     154
     142
     112
     147
     123
     135
     154
     122
     125
     126
     112
     129
     114
     122
     115
     138
     131
     136
     145
     127
     134
     141
     131
     124
     113
     130
     126
     115
     107
     109
     125
     121
     111
     121
      96
     124
     115
     117
     111
     119
     109
     130
     118
     141
     111
     124
     115
     133
     116
     115
     125
     126
     126
     113
     124
     119
     117
     126
     122
     123
     123
     128
     126
     143
     127
     137
     123
     145
     158
     157
     141
     153
     146
     166
     187
     176
     188
     168
     192
     203
     200
     208
     245
     252
     256
     268
     251
     284
     280
     310
     332
     379
     370
     426
     400
     428
     498
     540
     537
     592
     597
     617
     697
     700
     746
     728
     855
     804
     841
     886
     923
     946
     967
    1015
    1092
    1123
    1121
    1165
    1176
    1209
    1224
    1260
    1260
    1294
    1308
    1278
    1397
    1287
    1393
    1421
    1386
    1384
    1308
    1351
    1391
    1270
    1195
    1223
    1253
    1222
    1213
    1178
    1104
    1080
    1108
    1013
     928
     936
     920
     835
     915
     785
     727
     721
     644
     631
     595
     530
     531
     455
     464
     419
     412
     359
     331
     346
     314
     283
     238
     211
     221
     203
     153
     144
     146
     139
     133
     131
     128
     122
      90
      88
      80
      66
      79
      62
      77
      81
      78
      53
      47
      63
      54
      55
      54
      51
      46
      55
      47
      52
      57
      42
      34
      42
      62
      44
      43
      50
      74
      47
      52
      47
      35
      46
      49
      57
      40
      40
      43
      37
      43
      48
      50
      62
      39
      43
      59
      39
      48
      53
      46
      64
      59
      62
      40
      49
      49
      46
      49
      49
      53
      45
      41
      44
      48
      45
      42
      59
      36
      49
      51
      49
      41
      43
      44
      36
      49
      56
      46
      49
      52
      55
      39
      43
      39
      53
      41
      40
      45
      41
      43
      51
      51
      42
      43
      49
      43
      41
      48
      34
      44
      48
      50
      48
      40
      49
      46
      47
      47
      54
      55
      45
      47
      43
      35
      39
      39
      58
      51
      51
      49
      53
      41
      37
      42
      44
      52
      41
      32
      40
      37
      53
      47
      38
      48
      41
      34
      49
      58
      48
      38
      52
      55
      49
      47
      38
      36
      37
      44
      43
      45
      47
      50
      39
      44
      51
      47
      38
      39
      35
      68
      52
      46
      37
      46
      41
      50
      36
      51
      48
      54
      49
      40
      51
      39
      41
      37
      45
      42
      42
      41
      39
      48
      51
      39
      53
      35
      36
      49
      50
      35
      48
      42
      41
      56
      48
      39
      29
      43
      33
      41
      45
      42
      47
      37
      56
      48
      29
      34
      54
      47
      38
      36
      36
      38
      56
      42
      48
      39
      53
      57
      43
      45
      40
      47
      40
      41
      50
      44
      56
      48
      50
      43
      42
      42
      41
      51
      42
      44
      44
      52
      32
      44
      47
      45
      42
      47
      60
      42
      40
      38
      42
      30
      40
      47
      48
      54
      53
      37
      50
      56
      62
      43
      49
      44
      50
      56
      43
      44
      48
      37
      50
      41
      39
      41
      40
      52
      52
      44
      41
      55
      54
      47
      43
      48
      40
      52
      30
      38
      45
      54
      53
      44
      41
      43
      48
      37
      37
      27
      47
      58
      52
      48
      45
      41
      46
      41
      44
      38
      46
      50
      46
      41
      53
      41
      48
      40
      43
      44
      47
      35
      54
      45
      36
      42
      39
      50
      52
      49
      42
      29
       4
       0
       0
       0
       0
       0
       0
       0
       0
       0
       0
       0
       0
       0
       0
       0
       0
       0
       0
       0
       0
       0
       0
       0
       0
       0
       0
       0
       0
       0
       0
       0
       0
       0
       0
       0
       0
       0
       0
       0
       0
       0
       0
       0
       0
       0
       0
       0
       0
       0
       0
       0
       0
       0
       0
       0
       0
       0
       0
       0
       0
       0
       0
       0
       0
       0
       0
       0
$ROI:
2
95 97
514 605
$PRESETS:
Real Time
200
0
$ENER_FIT:
-289.438599 1.280702
$MCA_CAL:
3
-2.894386E+002 1.280702E+000 0.000000E+000
$SHAPE_CAL:
3
0.000000E+000 0.000000E+000 0.000000E+000
