$SPEC_ID:
MEASURE 899.
$SPEC_REM:
DET# 1
DETDESC# MCB 25
AP# Maestro Version 6.05
$DATE_MEA:
04/08/2003 10:59:48
$MEAS_TIM:
196 200
$DATA:
0 1023
       0
       0
       0
       0
       0
       0
       0
       0
       0
       0
       0
       0
       0
       0
       0
       0
       0
       0
       0
       0
       0
       0
       0
       0
       0
       0
       0
       0
       0
       0
       0
       0
       0
       0
       0
       0
       0
       0
       0
       0
       0
       0
       0
       0
     133
     273
     284
     251
     277
     278
     285
     260
     290
     297
     279
     268
     277
     297
     272
     272
     296
     267
     288
     283
     317
     292
     295
     298
     271
     279
     315
     295
     335
     326
     320
     331
     341
     338
     338
     334
     352
     337
     354
     352
     382
     380
     367
     399
     397
     370
     438
     435
     406
     421
     420
     457
     430
     404
     445
     452
     487
     463
     490
     478
     525
     484
     462
     512
     476
     497
     504
     562
     507
     531
     520
     525
     503
     511
     546
     557
     477
     558
     538
     546
     580
     567
     575
     609
     573
     631
     592
     563
     568
     598
     594
     594
     632
     614
     616
     615
     604
     619
     635
     631
     614
     625
     572
     621
     637
     589
     571
     626
     603
     630
     607
     625
     590
     606
     636
     664
     688
     624
     633
     598
     618
     624
     590
     622
     601
     604
     613
     622
     618
     611
     650
     609
     633
     621
     649
     634
     641
     632
     632
     636
     617
     644
     619
     586
     644
     611
     687
     636
     653
     633
     637
     629
     690
     696
     666
     689
     750
     661
     694
     686
     701
     704
     675
     719
     740
     698
     714
     731
     676
     697
     719
     697
     691
     673
     628
     685
     691
     714
     695
     675
     698
     628
     630
     611
     641
     675
     634
     600
     612
     607
     645
     614
     567
     642
     560
     628
     592
     600
     589
     645
     604
     533
     562
     603
     565
     561
     570
     561
     532
     538
     550
     601
     540
     563
     562
     557
     524
     523
     539
     503
     477
     504
     524
     473
     481
     503
     517
     514
     489
     479
     505
     551
     487
     478
     454
     464
     483
     482
     504
     485
     452
     426
     492
     439
     496
     479
     444
     468
     461
     437
     441
     421
     403
     417
     477
     410
     395
     437
     447
     408
     429
     415
     400
     398
     413
     421
     400
     409
     408
     412
     427
     394
     355
     383
     401
     406
     390
     375
     387
     380
     345
     407
     385
     369
     404
     375
     378
     345
     360
     371
     342
     364
     376
     361
     378
     389
     375
     363
     397
     348
     406
     331
     362
     362
     325
     350
     321
     316
     388
     333
     356
     332
     342
     333
     347
     329
     322
     323
     297
     343
     311
     282
     311
     297
     329
     304
     307
     284
     266
     307
     289
     263
     276
     315
     267
     287
     270
     251
     250
     231
     234
     239
     228
     244
     217
     216
     211
     230
     227
     210
     206
     199
     193
     203
     218
     191
     213
     188
     204
     209
     207
     178
     189
     174
     177
     167
     165
     190
     156
     176
     162
     152
     169
     173
     162
     153
     164
     155
     146
     167
     181
     160
     169
     146
     131
     155
     160
     140
     147
     143
     145
     161
     147
     148
     121
     138
     143
     141
     143
     139
     132
     137
     128
     130
     131
     120
     124
     131
     127
     140
     123
     119
     120
     122
     115
     112
     131
     122
     114
     110
     110
     130
     122
     118
     124
     130
     122
     128
     121
     114
     130
     100
     120
     108
     121
     111
     123
     100
     122
     130
     128
      88
     123
     146
     121
     122
     124
      99
     118
     114
     121
     135
     108
     111
     110
     126
     120
     104
     127
     122
     118
     128
     142
     138
     116
     142
     131
     128
     139
     135
     126
     150
     149
     152
     144
     173
     188
     186
     180
     159
     209
     212
     220
     238
     224
     246
     275
     273
     299
     316
     345
     360
     362
     367
     382
     449
     485
     484
     518
     536
     576
     559
     639
     659
     672
     743
     746
     774
     829
     881
     874
     946
     973
     972
     985
    1111
    1091
    1081
    1157
    1223
    1245
    1192
    1290
    1264
    1269
    1366
    1295
    1284
    1321
    1372
    1360
    1295
    1337
    1367
    1319
    1305
    1314
    1297
    1339
    1253
    1223
    1207
    1143
    1128
    1111
    1092
     997
    1003
     964
     910
     831
     862
     769
     760
     737
     681
     621
     639
     558
     468
     486
     453
     448
     382
     327
     316
     301
     274
     256
     244
     227
     198
     203
     173
     163
     137
     135
     121
     112
     112
      84
     107
      99
      87
      83
      83
      81
      74
      64
      60
      68
      73
      47
      57
      60
      58
      50
      57
      48
      50
      35
      56
      47
      53
      50
      45
      53
      42
      42
      41
      60
      44
      50
      53
      64
      58
      47
      40
      41
      47
      45
      47
      52
      42
      50
      47
      36
      43
      42
      44
      67
      52
      43
      53
      49
      58
      38
      66
      43
      43
      47
      51
      55
      48
      43
      48
      44
      55
      51
      42
      49
      58
      51
      34
      49
      40
      45
      43
      58
      55
      42
      48
      34
      44
      35
      46
      38
      48
      56
      54
      51
      53
      50
      28
      44
      61
      40
      53
      51
      49
      58
      45
      31
      51
      61
      43
      36
      50
      52
      42
      48
      47
      36
      56
      43
      44
      39
      42
      35
      39
      40
      39
      42
      42
      40
      38
      46
      36
      42
      45
      34
      40
      45
      29
      49
      49
      40
      39
      48
      38
      35
      44
      44
      56
      45
      44
      40
      42
      44
      31
      40
      43
      48
      35
      48
      51
      42
      50
      52
      32
      33
      42
      39
      45
      45
      38
      42
      44
      46
      44
      43
      45
      49
      45
      50
      40
      42
      41
      40
      47
      40
      43
      47
      46
      59
      41
      49
      41
      57
      52
      54
      48
      36
      49
      40
      40
      46
      55
      46
      43
      40
      46
      49
      44
      36
      64
      47
      41
      40
      58
      51
      56
      42
      49
      37
      39
      47
      42
      46
      50
      46
      43
      37
      37
      50
      44
      39
      47
      41
      56
      43
      50
      45
      53
      45
      43
      44
      39
      50
      42
      34
      42
      42
      51
      42
      49
      49
      40
      55
      42
      48
      39
      46
      51
      44
      40
      40
      49
      41
      47
      56
      47
      51
      45
      47
      30
      35
      40
      39
      45
      45
      57
      35
      42
      34
      41
      30
      48
      42
      41
      32
      42
      33
      42
      37
      45
      51
      47
      47
      51
      32
      46
      44
      41
      35
      33
      46
      43
      41
      32
      54
      47
      54
      34
      49
      51
      47
      41
      40
      50
      43
      54
      41
      47
      47
      43
      39
      35
      41
      53
      54
      45
      51
      39
      49
      55
      45
      41
      42
      38
      43
      29
       4
       0
       0
       0
       0
       0
       0
       0
       0
       0
       0
       0
       0
       0
       0
       0
       0
       0
       0
       0
       0
       0
       0
       0
       0
       0
       0
       0
       0
       0
       0
       0
       0
       0
       0
       0
       0
       0
       0
       0
       0
       0
       0
       0
       0
       0
       0
       0
       0
       0
       0
       0
       0
       0
       0
       0
       0
       0
       0
       0
       0
       0
       0
       0
       0
       0
       0
       0
$ROI:
2
95 97
514 605
$PRESETS:
Real Time
200
0
$ENER_FIT:
-289.438599 1.280702
$MCA_CAL:
3
-2.894386E+002 1.280702E+000 0.000000E+000
$SHAPE_CAL:
3
0.000000E+000 0.000000E+000 0.000000E+000
