$SPEC_ID:
MEASURE 829.
$SPEC_REM:
DET# 1
DETDESC# MCB 25
AP# Maestro Version 6.05
$DATE_MEA:
04/08/2003 05:09:48
$MEAS_TIM:
196 200
$DATA:
0 1023
       0
       0
       0
       0
       0
       0
       0
       0
       0
       0
       0
       0
       0
       0
       0
       0
       0
       0
       0
       0
       0
       0
       0
       0
       0
       0
       0
       0
       0
       0
       0
       0
       0
       0
       0
       0
       0
       0
       0
       0
       0
       0
       0
       0
     129
     241
     269
     301
     272
     274
     259
     255
     278
     248
     278
     253
     256
     280
     307
     278
     278
     275
     270
     281
     282
     295
     286
     299
     307
     347
     258
     340
     332
     325
     264
     312
     325
     364
     347
     378
     366
     338
     337
     349
     367
     335
     378
     375
     425
     417
     417
     391
     401
     421
     418
     455
     461
     444
     471
     456
     489
     455
     469
     467
     470
     517
     505
     524
     485
     536
     482
     521
     533
     530
     509
     507
     539
     492
     535
     529
     548
     602
     611
     543
     567
     580
     558
     606
     535
     596
     563
     602
     590
     569
     618
     584
     616
     624
     640
     649
     577
     606
     633
     623
     653
     645
     613
     679
     665
     635
     644
     628
     579
     572
     673
     660
     623
     652
     633
     587
     579
     648
     642
     610
     620
     615
     605
     616
     636
     596
     615
     619
     602
     694
     618
     645
     601
     602
     632
     620
     625
     672
     592
     616
     630
     658
     632
     652
     640
     663
     662
     642
     634
     681
     638
     683
     705
     693
     680
     671
     631
     746
     689
     707
     637
     705
     696
     659
     701
     707
     685
     721
     713
     762
     698
     699
     699
     725
     707
     633
     652
     674
     734
     669
     627
     636
     636
     633
     604
     640
     629
     631
     620
     599
     609
     616
     587
     649
     611
     568
     594
     580
     584
     592
     585
     605
     607
     536
     560
     555
     580
     562
     507
     571
     538
     528
     552
     523
     570
     568
     523
     517
     531
     523
     503
     543
     541
     522
     515
     495
     477
     505
     514
     486
     467
     468
     451
     483
     482
     503
     429
     438
     474
     462
     513
     488
     489
     446
     404
     414
     433
     428
     431
     432
     422
     460
     463
     438
     417
     406
     429
     425
     452
     418
     414
     394
     424
     433
     393
     399
     386
     411
     430
     400
     405
     422
     389
     368
     380
     372
     397
     386
     374
     423
     384
     351
     359
     381
     365
     412
     404
     387
     388
     400
     389
     376
     402
     411
     363
     358
     358
     383
     359
     347
     358
     326
     354
     353
     336
     346
     369
     379
     341
     362
     367
     340
     326
     328
     316
     338
     332
     339
     363
     354
     324
     360
     290
     328
     306
     308
     281
     319
     289
     289
     307
     286
     274
     301
     271
     224
     254
     231
     233
     242
     250
     258
     243
     210
     219
     242
     221
     236
     199
     220
     198
     219
     230
     188
     181
     197
     196
     173
     206
     217
     188
     184
     176
     168
     179
     180
     172
     165
     186
     156
     180
     171
     167
     168
     168
     159
     165
     146
     168
     146
     163
     146
     136
     160
     136
     153
     148
     155
     146
     124
     134
     138
     139
     163
     136
     141
     130
     133
     141
     151
     150
     118
     101
     146
     119
     123
     133
     115
     139
     133
     130
     135
     124
     122
     125
     144
     129
     109
     118
     121
     122
     113
     134
     131
     141
     102
     121
     120
     118
     111
      96
     128
     112
     134
     131
     120
     104
     111
     128
     117
     116
     122
     116
     137
     124
     106
     111
     117
     124
     125
     127
     131
     129
      89
     140
     110
     130
     126
     127
     115
     129
     122
     146
     133
     145
     138
     126
     141
     148
     151
     140
     122
     129
     164
     161
     151
     175
     157
     209
     199
     210
     211
     233
     209
     233
     242
     244
     286
     306
     280
     307
     351
     335
     367
     419
     428
     497
     479
     465
     516
     574
     628
     605
     660
     677
     688
     765
     790
     831
     817
     860
     955
     942
     939
    1048
    1065
    1042
    1087
    1144
    1142
    1224
    1237
    1293
    1290
    1351
    1285
    1367
    1292
    1396
    1341
    1340
    1312
    1339
    1424
    1314
    1381
    1331
    1331
    1255
    1211
    1218
    1109
    1140
    1141
    1142
    1094
    1045
     978
     963
     959
     877
     839
     774
     756
     736
     677
     628
     574
     570
     527
     493
     447
     424
     376
     355
     377
     318
     284
     276
     238
     222
     213
     202
     150
     145
     135
     150
     125
     138
     103
     120
      96
      86
      97
      92
      88
      85
      80
      63
      60
      70
      65
      66
      57
      71
      60
      65
      54
      42
      49
      63
      51
      66
      52
      58
      44
      52
      49
      42
      54
      49
      43
      45
      47
      44
      58
      55
      47
      51
      35
      53
      52
      45
      45
      34
      44
      37
      63
      58
      55
      50
      48
      41
      51
      47
      42
      35
      52
      50
      42
      42
      48
      56
      52
      59
      49
      41
      47
      52
      43
      52
      53
      43
      53
      37
      56
      63
      46
      42
      49
      40
      57
      51
      45
      58
      50
      49
      53
      46
      31
      35
      58
      39
      56
      40
      62
      48
      43
      52
      49
      44
      50
      47
      59
      40
      36
      41
      42
      42
      44
      33
      33
      44
      51
      44
      44
      49
      34
      47
      56
      45
      55
      51
      47
      44
      50
      42
      33
      31
      62
      38
      41
      60
      47
      42
      38
      44
      43
      45
      47
      28
      49
      40
      51
      54
      49
      48
      52
      44
      41
      46
      53
      52
      39
      49
      51
      45
      36
      49
      42
      48
      48
      47
      52
      45
      42
      44
      44
      44
      38
      42
      46
      53
      46
      38
      41
      43
      42
      34
      45
      44
      36
      38
      38
      30
      35
      52
      37
      45
      45
      55
      38
      37
      43
      41
      53
      41
      53
      43
      39
      45
      47
      47
      48
      37
      43
      27
      43
      37
      54
      37
      38
      43
      50
      37
      49
      67
      41
      49
      62
      48
      36
      55
      46
      39
      43
      42
      48
      53
      35
      46
      43
      64
      45
      58
      51
      50
      48
      40
      54
      45
      41
      52
      46
      42
      44
      49
      38
      45
      45
      49
      43
      55
      60
      44
      35
      54
      40
      44
      51
      51
      58
      41
      51
      44
      39
      45
      56
      42
      47
      60
      45
      59
      46
      43
      44
      44
      40
      40
      50
      50
      48
      36
      47
      65
      40
      35
      45
      58
      41
      45
      44
      38
      37
      52
      51
      42
      35
      28
      51
      40
      33
      45
      42
      42
      66
      42
      48
      46
      50
      36
      47
      43
      45
      60
      48
      48
      43
      52
      46
      44
      38
      43
      53
      51
      49
      38
      45
      47
      51
      49
      50
       4
       0
       0
       0
       0
       0
       0
       0
       0
       0
       0
       0
       0
       0
       0
       0
       0
       0
       0
       0
       0
       0
       0
       0
       0
       0
       0
       0
       0
       0
       0
       0
       0
       0
       0
       0
       0
       0
       0
       0
       0
       0
       0
       0
       0
       0
       0
       0
       0
       0
       0
       0
       0
       0
       0
       0
       0
       0
       0
       0
       0
       0
       0
       0
       0
       0
       0
       0
$ROI:
2
95 97
514 605
$PRESETS:
Real Time
200
0
$ENER_FIT:
-289.438599 1.280702
$MCA_CAL:
3
-2.894386E+002 1.280702E+000 0.000000E+000
$SHAPE_CAL:
3
0.000000E+000 0.000000E+000 0.000000E+000
