$SPEC_ID:
MEASURE 305.
$SPEC_REM:
DET# 1
DETDESC# MCB 25
AP# Maestro Version 6.05
$DATE_MEA:
04/09/2003 20:49:48
$MEAS_TIM:
196 200
$DATA:
0 1023
       0
       0
       0
       0
       0
       0
       0
       0
       0
       0
       0
       0
       0
       0
       0
       0
       0
       0
       0
       0
       0
       0
       0
       0
       0
       0
       0
       0
       0
       0
       0
       0
       0
       0
       0
       0
       0
       0
       0
       0
       0
       0
       0
       0
     114
     259
     278
     280
     224
     285
     267
     286
     272
     266
     255
     262
     231
     258
     265
     286
     288
     256
     296
     266
     312
     277
     278
     297
     284
     306
     302
     312
     283
     292
     313
     315
     310
     309
     319
     311
     361
     325
     339
     377
     359
     352
     381
     368
     419
     432
     402
     447
     472
     415
     404
     433
     453
     430
     483
     467
     438
     450
     474
     482
     464
     464
     449
     508
     494
     504
     524
     532
     539
     524
     523
     501
     528
     536
     509
     493
     525
     575
     508
     548
     577
     544
     559
     557
     537
     582
     580
     561
     570
     556
     570
     578
     581
     612
     596
     605
     592
     626
     621
     618
     636
     649
     629
     608
     617
     628
     617
     629
     635
     655
     618
     619
     600
     619
     620
     629
     585
     650
     632
     657
     597
     605
     571
     643
     574
     593
     586
     622
     644
     592
     575
     567
     611
     576
     621
     612
     575
     584
     645
     596
     578
     594
     629
     643
     611
     633
     622
     638
     654
     688
     618
     647
     648
     694
     687
     707
     640
     644
     715
     703
     717
     643
     758
     727
     692
     744
     714
     695
     707
     710
     722
     704
     729
     702
     691
     705
     671
     625
     698
     666
     678
     672
     589
     644
     621
     661
     610
     645
     614
     591
     669
     637
     610
     595
     600
     621
     595
     569
     539
     585
     602
     590
     590
     555
     579
     591
     597
     559
     567
     583
     478
     522
     510
     526
     523
     533
     546
     515
     510
     529
     591
     517
     473
     506
     517
     510
     482
     510
     499
     523
     515
     486
     483
     452
     507
     452
     432
     481
     440
     406
     469
     462
     459
     458
     482
     460
     408
     427
     406
     441
     443
     465
     429
     464
     427
     398
     436
     372
     435
     461
     395
     391
     422
     384
     427
     383
     383
     413
     446
     394
     358
     375
     380
     395
     428
     368
     389
     390
     365
     350
     388
     378
     376
     400
     383
     332
     353
     349
     413
     402
     395
     372
     398
     375
     372
     376
     382
     354
     348
     366
     363
     362
     333
     377
     333
     384
     372
     309
     360
     313
     307
     351
     363
     348
     328
     327
     340
     309
     352
     367
     328
     304
     317
     324
     320
     318
     306
     331
     298
     299
     295
     305
     280
     283
     264
     271
     287
     279
     271
     246
     272
     237
     233
     233
     230
     229
     233
     250
     248
     221
     226
     236
     225
     228
     207
     210
     226
     207
     195
     188
     196
     190
     206
     178
     162
     182
     176
     185
     175
     180
     163
     181
     167
     198
     173
     170
     192
     175
     157
     150
     155
     169
     175
     146
     122
     144
     161
     149
     149
     154
     150
     130
     120
     126
     154
     125
     143
     142
     137
     155
     117
     150
     117
     139
     131
     149
     129
     105
     139
     123
     111
     134
     112
     137
     135
     129
     125
     143
     103
     121
     150
     118
     110
     147
     135
     125
     114
     128
     102
     131
     112
     119
     123
     114
     105
     122
     120
     136
     114
     126
     108
     133
     123
     111
     119
     114
     118
     105
     114
     125
     125
     116
     114
     113
     109
     122
     106
     118
     131
     120
     126
     123
     119
     129
     126
     121
     137
     145
     124
     144
     145
     142
     152
     139
     132
     146
     142
     186
     141
     187
     157
     174
     158
     183
     182
     182
     182
     209
     220
     247
     260
     295
     247
     307
     277
     326
     344
     344
     418
     379
     429
     426
     487
     501
     514
     587
     547
     597
     649
     705
     696
     744
     726
     824
     812
     893
     909
     975
     987
    1025
    1034
    1057
    1124
    1136
    1114
    1199
    1206
    1209
    1336
    1228
    1248
    1308
    1368
    1297
    1325
    1365
    1329
    1352
    1359
    1345
    1292
    1325
    1254
    1291
    1222
    1266
    1190
    1130
    1156
    1057
    1084
    1072
     971
     942
     910
     891
     804
     845
     752
     737
     696
     672
     628
     590
     546
     484
     457
     391
     376
     390
     351
     333
     301
     273
     263
     253
     163
     193
     200
     139
     135
     144
     149
     137
     100
     132
      97
      91
      83
      84
      66
      67
      77
      74
      67
      64
      54
      63
      54
      51
      52
      48
      50
      48
      53
      52
      54
      63
      58
      45
      41
      55
      54
      50
      32
      42
      49
      60
      65
      46
      52
      38
      38
      44
      62
      44
      52
      53
      55
      44
      51
      32
      43
      61
      33
      46
      50
      42
      51
      55
      53
      43
      41
      55
      55
      56
      46
      56
      59
      47
      52
      48
      50
      59
      40
      49
      53
      39
      41
      45
      57
      47
      52
      49
      47
      41
      49
      41
      40
      44
      61
      50
      51
      40
      44
      36
      47
      30
      39
      45
      43
      55
      33
      38
      56
      44
      42
      41
      41
      34
      47
      51
      41
      48
      39
      36
      49
      41
      49
      46
      45
      35
      51
      51
      46
      32
      47
      43
      59
      53
      40
      48
      62
      34
      46
      47
      39
      41
      31
      49
      47
      41
      48
      45
      45
      52
      35
      37
      39
      49
      30
      38
      51
      50
      47
      44
      35
      36
      46
      52
      48
      51
      33
      61
      39
      45
      43
      45
      35
      31
      47
      44
      32
      39
      40
      33
      47
      30
      36
      49
      41
      56
      48
      48
      36
      52
      44
      57
      35
      41
      45
      50
      46
      34
      51
      49
      38
      45
      47
      51
      35
      41
      43
      49
      44
      43
      46
      47
      40
      45
      41
      34
      42
      51
      49
      43
      44
      37
      34
      38
      50
      51
      46
      55
      39
      44
      42
      42
      38
      49
      47
      37
      47
      50
      44
      44
      33
      40
      44
      38
      46
      39
      53
      42
      39
      50
      46
      38
      46
      47
      48
      43
      47
      36
      55
      32
      41
      53
      52
      49
      43
      34
      60
      59
      42
      48
      49
      41
      41
      45
      45
      53
      48
      45
      43
      34
      37
      44
      37
      48
      43
      43
      40
      50
      48
      32
      46
      67
      37
      42
      48
      42
      36
      51
      49
      48
      49
      41
      40
      47
      37
      48
      55
      36
      37
      58
      56
      40
      50
      36
      36
      48
      43
      46
      56
      39
      49
      32
      54
      41
      47
      42
      46
      41
      47
      45
      51
      42
      45
      46
      42
      41
      45
       3
       0
       0
       0
       0
       0
       0
       0
       0
       0
       0
       0
       0
       0
       0
       0
       0
       0
       0
       0
       0
       0
       0
       0
       0
       0
       0
       0
       0
       0
       0
       0
       0
       0
       0
       0
       0
       0
       0
       0
       0
       0
       0
       0
       0
       0
       0
       0
       0
       0
       0
       0
       0
       0
       0
       0
       0
       0
       0
       0
       0
       0
       0
       0
       0
       0
       0
$ROI:
2
95 97
514 605
$PRESETS:
Real Time
200
0
$ENER_FIT:
-289.438599 1.280702
$MCA_CAL:
3
-2.894386E+002 1.280702E+000 0.000000E+000
$SHAPE_CAL:
3
0.000000E+000 0.000000E+000 0.000000E+000
