$SPEC_ID:
MEASURE 252.
$SPEC_REM:
DET# 1
DETDESC# MCB 25
AP# Maestro Version 6.05
$DATE_MEA:
04/09/2003 16:24:48
$MEAS_TIM:
196 200
$DATA:
0 1023
       0
       0
       0
       0
       0
       0
       0
       0
       0
       0
       0
       0
       0
       0
       0
       0
       0
       0
       0
       0
       0
       0
       0
       0
       0
       0
       0
       0
       0
       0
       0
       0
       0
       0
       0
       0
       0
       0
       0
       0
       0
       0
       0
       0
     104
     266
     283
     250
     271
     265
     260
     284
     297
     280
     251
     297
     270
     275
     290
     288
     270
     293
     269
     297
     280
     283
     284
     281
     306
     291
     319
     272
     335
     281
     304
     333
     365
     317
     313
     292
     361
     318
     347
     361
     373
     337
     380
     423
     414
     412
     406
     411
     401
     400
     423
     456
     422
     449
     426
     459
     460
     476
     475
     431
     468
     497
     532
     476
     494
     479
     505
     459
     527
     562
     523
     563
     552
     528
     513
     521
     561
     556
     562
     538
     572
     567
     560
     526
     588
     595
     561
     614
     589
     665
     631
     580
     603
     616
     638
     587
     623
     653
     618
     638
     604
     607
     661
     619
     630
     630
     580
     648
     587
     577
     617
     614
     648
     622
     537
     621
     621
     612
     598
     676
     642
     623
     603
     579
     627
     633
     574
     607
     597
     616
     608
     600
     621
     580
     632
     624
     583
     593
     615
     587
     605
     624
     622
     644
     559
     634
     628
     587
     651
     678
     656
     691
     710
     660
     678
     638
     662
     701
     654
     737
     674
     722
     722
     699
     683
     712
     692
     683
     688
     695
     713
     694
     700
     648
     697
     709
     662
     749
     643
     654
     635
     678
     681
     679
     650
     659
     629
     627
     641
     610
     598
     619
     608
     605
     610
     575
     595
     561
     546
     583
     577
     572
     611
     587
     574
     501
     563
     523
     582
     565
     524
     513
     533
     559
     552
     537
     556
     532
     509
     568
     531
     519
     540
     511
     481
     510
     511
     450
     528
     480
     504
     496
     462
     444
     470
     477
     488
     484
     495
     468
     454
     476
     428
     471
     454
     467
     436
     446
     472
     409
     402
     464
     440
     427
     424
     467
     440
     388
     434
     413
     406
     369
     388
     385
     439
     402
     419
     385
     430
     425
     378
     409
     370
     411
     388
     365
     419
     362
     403
     370
     384
     399
     380
     345
     360
     367
     374
     383
     350
     351
     357
     382
     372
     417
     410
     365
     354
     378
     361
     321
     370
     364
     361
     364
     368
     335
     342
     358
     339
     332
     357
     360
     331
     349
     351
     336
     330
     344
     358
     320
     352
     313
     298
     302
     330
     294
     301
     274
     301
     312
     298
     288
     293
     248
     293
     284
     266
     262
     260
     268
     249
     285
     229
     240
     227
     246
     248
     224
     218
     206
     241
     234
     200
     213
     213
     190
     219
     200
     219
     209
     210
     161
     196
     177
     184
     169
     151
     171
     181
     193
     170
     171
     175
     178
     179
     181
     148
     154
     174
     158
     154
     165
     144
     149
     173
     170
     134
     134
     136
     146
     148
     154
     164
     163
     130
     142
     132
     126
     124
     142
     135
     140
     141
     128
     148
     132
     133
     114
     125
     128
     125
     129
     146
     133
     122
     134
     124
     117
     112
     114
     145
     130
     137
     116
     111
     118
     114
     126
     124
     112
     115
     116
     112
      97
     123
     141
     111
     119
     110
     123
     109
     121
     141
     117
     134
     110
     134
     100
      98
     108
     115
     108
     122
     124
     126
     114
     124
     130
     124
     117
     105
     125
     124
     120
     139
     131
     120
     149
     125
     127
     123
     133
     155
     131
     122
     156
     143
     155
     160
     163
     172
     174
     191
     210
     196
     220
     202
     226
     263
     227
     248
     272
     314
     320
     334
     345
     356
     378
     422
     422
     419
     442
     486
     496
     550
     548
     618
     634
     659
     727
     775
     757
     812
     820
     809
     929
     894
     963
     960
    1040
    1083
    1114
    1132
    1151
    1270
    1225
    1252
    1306
    1307
    1296
    1280
    1301
    1338
    1285
    1284
    1405
    1364
    1388
    1261
    1302
    1300
    1307
    1328
    1263
    1195
    1154
    1173
    1126
    1082
    1086
    1081
     983
     915
     898
     887
     816
     807
     738
     728
     714
     669
     625
     568
     547
     470
     499
     412
     387
     384
     366
     330
     288
     299
     280
     228
     231
     212
     160
     172
     165
     142
     134
     128
     124
      98
     106
      79
      95
      81
      85
      77
      81
      73
      66
      55
      61
      58
      60
      75
      53
      59
      48
      61
      55
      45
      63
      68
      44
      56
      49
      53
      66
      49
      44
      53
      53
      50
      55
      38
      41
      41
      59
      54
      50
      47
      47
      53
      55
      34
      50
      48
      40
      50
      42
      50
      63
      59
      45
      55
      37
      40
      38
      49
      42
      50
      56
      45
      46
      50
      47
      47
      44
      40
      50
      55
      47
      61
      48
      58
      48
      42
      52
      50
      33
      43
      56
      50
      48
      46
      48
      49
      55
      39
      48
      42
      37
      47
      49
      29
      46
      58
      50
      47
      43
      43
      52
      46
      41
      39
      43
      41
      36
      56
      46
      54
      49
      34
      43
      39
      36
      44
      48
      65
      42
      45
      44
      45
      36
      57
      37
      46
      43
      43
      45
      45
      46
      49
      41
      46
      50
      31
      38
      47
      47
      39
      38
      47
      46
      46
      41
      44
      40
      46
      39
      48
      30
      47
      35
      42
      57
      38
      44
      39
      43
      40
      53
      39
      47
      38
      43
      44
      41
      49
      37
      52
      41
      44
      49
      37
      37
      44
      48
      39
      45
      44
      52
      59
      41
      55
      39
      29
      46
      51
      43
      44
      53
      34
      43
      47
      50
      46
      36
      31
      37
      43
      44
      46
      55
      34
      42
      51
      45
      56
      45
      41
      41
      36
      44
      31
      48
      43
      39
      51
      31
      40
      45
      41
      47
      49
      41
      46
      40
      42
      44
      45
      43
      52
      39
      57
      47
      46
      41
      37
      41
      53
      44
      45
      44
      42
      50
      37
      41
      47
      46
      41
      55
      53
      48
      46
      39
      50
      43
      49
      46
      44
      51
      46
      41
      55
      55
      30
      54
      43
      57
      32
      55
      41
      49
      47
      50
      28
      34
      44
      51
      49
      47
      51
      49
      45
      53
      37
      50
      43
      39
      42
      48
      48
      35
      34
      57
      44
      33
      59
      36
      33
      36
      36
      50
      50
      37
      34
      53
      47
      46
      51
      52
      35
      46
      45
      36
      37
      45
      44
      53
      58
      51
      44
      53
      56
      61
      47
      51
      33
       3
       0
       0
       0
       0
       0
       0
       0
       0
       0
       0
       0
       0
       0
       0
       0
       0
       0
       0
       0
       0
       0
       0
       0
       0
       0
       0
       0
       0
       0
       0
       0
       0
       0
       0
       0
       0
       0
       0
       0
       0
       0
       0
       0
       0
       0
       0
       0
       0
       0
       0
       0
       0
       0
       0
       0
       0
       0
       0
       0
       0
       0
       0
       0
       0
       0
       0
$ROI:
2
95 97
514 605
$PRESETS:
Real Time
200
0
$ENER_FIT:
-289.438599 1.280702
$MCA_CAL:
3
-2.894386E+002 1.280702E+000 0.000000E+000
$SHAPE_CAL:
3
0.000000E+000 0.000000E+000 0.000000E+000
