$SPEC_ID:
MEASURE 773.
$SPEC_REM:
DET# 1
DETDESC# MCB 25
AP# Maestro Version 6.05
$DATE_MEA:
04/08/2003 00:29:48
$MEAS_TIM:
196 200
$DATA:
0 1023
       0
       0
       0
       0
       0
       0
       0
       0
       0
       0
       0
       0
       0
       0
       0
       0
       0
       0
       0
       0
       0
       0
       0
       0
       0
       0
       0
       0
       0
       0
       0
       0
       0
       0
       0
       0
       0
       0
       0
       0
       0
       0
       0
       0
     112
     274
     265
     252
     285
     284
     279
     293
     276
     278
     292
     267
     281
     299
     257
     298
     305
     282
     305
     262
     324
     320
     303
     307
     303
     314
     331
     302
     312
     342
     349
     328
     351
     339
     346
     356
     350
     382
     338
     376
     389
     421
     393
     387
     377
     435
     397
     421
     439
     401
     425
     441
     464
     465
     440
     481
     471
     524
     492
     447
     500
     488
     529
     498
     576
     484
     484
     510
     498
     510
     554
     559
     549
     569
     502
     564
     568
     569
     563
     590
     575
     536
     584
     589
     603
     585
     598
     571
     656
     610
     570
     586
     628
     595
     609
     612
     603
     609
     602
     594
     610
     626
     637
     613
     597
     632
     660
     661
     620
     634
     606
     657
     629
     579
     648
     642
     619
     639
     663
     599
     621
     647
     623
     574
     638
     596
     613
     614
     597
     643
     603
     633
     631
     624
     609
     644
     664
     623
     625
     626
     668
     628
     609
     674
     651
     646
     679
     681
     635
     675
     677
     670
     692
     653
     664
     675
     699
     684
     668
     706
     735
     701
     693
     734
     712
     711
     690
     713
     664
     705
     712
     686
     687
     702
     746
     668
     667
     687
     680
     669
     698
     632
     616
     613
     673
     616
     634
     650
     574
     636
     631
     594
     584
     609
     587
     616
     593
     567
     535
     528
     587
     570
     562
     560
     554
     576
     542
     520
     591
     566
     560
     506
     540
     544
     524
     536
     518
     532
     532
     532
     488
     547
     524
     485
     489
     506
     475
     476
     503
     480
     460
     482
     506
     496
     510
     501
     482
     440
     468
     494
     425
     449
     475
     451
     454
     397
     454
     463
     425
     449
     420
     465
     418
     418
     440
     390
     405
     438
     409
     422
     406
     419
     404
     395
     414
     376
     408
     444
     385
     392
     405
     418
     402
     375
     436
     394
     395
     371
     400
     404
     357
     375
     406
     409
     379
     382
     376
     375
     375
     366
     373
     349
     373
     361
     349
     364
     366
     382
     363
     386
     355
     331
     337
     347
     352
     338
     345
     335
     332
     336
     335
     316
     335
     349
     334
     315
     337
     292
     302
     308
     332
     290
     319
     319
     323
     320
     307
     270
     308
     279
     283
     259
     296
     280
     277
     233
     241
     254
     273
     257
     242
     232
     220
     221
     190
     218
     224
     239
     224
     220
     228
     196
     191
     200
     195
     202
     188
     198
     165
     168
     217
     187
     172
     190
     187
     189
     171
     139
     174
     179
     144
     173
     171
     152
     174
     181
     165
     150
     173
     157
     143
     163
     146
     152
     140
     157
     129
     152
     143
     147
     155
     132
     136
     141
     137
     135
     142
     119
     137
     141
     138
     124
     122
     143
     136
     120
     140
     111
     135
     126
     120
     131
     119
     140
     124
     131
     126
     136
     129
     146
     126
     114
     131
     114
     140
     132
     126
     107
     101
     115
     106
     112
     120
     109
     110
     120
     118
     110
     121
     106
     119
     123
     120
     120
     120
     114
     110
     124
     135
     124
     121
     132
     113
     134
     129
      98
     103
     139
     127
     137
     147
     110
     124
     105
     131
     129
     132
     155
     155
     136
     130
     150
     175
     130
     160
     178
     170
     191
     175
     187
     188
     205
     221
     249
     275
     254
     266
     293
     322
     292
     342
     360
     401
     397
     423
     457
     412
     502
     558
     521
     620
     642
     586
     669
     703
     721
     775
     810
     857
     832
     883
     940
     983
    1023
    1020
    1106
    1103
    1141
    1205
    1206
    1210
    1238
    1204
    1246
    1355
    1289
    1347
    1392
    1418
    1341
    1300
    1381
    1316
    1314
    1334
    1311
    1308
    1240
    1314
    1284
    1157
    1156
    1158
    1050
    1080
    1019
     986
     975
     929
     849
     841
     780
     748
     698
     688
     635
     615
     517
     495
     482
     464
     409
     396
     376
     349
     305
     291
     268
     237
     214
     216
     206
     181
     153
     146
     146
     136
     129
     119
     108
      96
     100
      79
      94
      79
      66
      78
      76
      61
      53
      65
      56
      56
      49
      70
      56
      59
      62
      36
      52
      41
      54
      54
      40
      50
      64
      44
      46
      62
      46
      51
      39
      54
      44
      57
      44
      51
      48
      52
      54
      49
      56
      53
      50
      59
      55
      38
      58
      59
      63
      49
      43
      50
      47
      52
      26
      48
      40
      45
      53
      57
      64
      58
      38
      36
      31
      41
      44
      54
      50
      48
      50
      39
      37
      50
      56
      36
      61
      47
      46
      54
      36
      48
      56
      53
      50
      45
      49
      44
      45
      55
      46
      45
      51
      47
      51
      39
      41
      42
      33
      37
      41
      41
      43
      44
      43
      36
      49
      50
      37
      43
      48
      49
      37
      43
      56
      39
      49
      49
      48
      42
      46
      36
      34
      45
      46
      42
      47
      47
      42
      43
      46
      40
      47
      44
      48
      40
      58
      43
      54
      38
      36
      49
      29
      39
      55
      38
      45
      32
      42
      48
      34
      48
      44
      41
      37
      62
      33
      45
      46
      44
      51
      33
      38
      47
      42
      50
      35
      38
      37
      60
      47
      49
      46
      57
      52
      28
      56
      55
      40
      38
      46
      47
      47
      37
      40
      43
      49
      45
      42
      55
      42
      46
      36
      49
      31
      40
      48
      50
      35
      49
      47
      49
      42
      45
      44
      44
      46
      40
      37
      47
      38
      57
      42
      36
      40
      42
      39
      51
      48
      35
      39
      31
      51
      46
      41
      43
      51
      40
      48
      54
      38
      59
      42
      37
      46
      45
      51
      48
      47
      50
      53
      40
      53
      31
      40
      52
      45
      33
      45
      54
      41
      46
      39
      67
      34
      41
      34
      51
      57
      49
      54
      41
      37
      41
      41
      44
      51
      40
      43
      39
      48
      48
      49
      40
      40
      44
      48
      41
      44
      46
      43
      43
      42
      42
      43
      40
      48
      49
      44
      45
      36
      52
      35
      40
      31
      59
      36
      51
      43
      44
      51
      40
      53
      49
      48
      61
      40
      39
      37
      44
      38
      51
      37
      57
      55
      61
      49
      50
      50
      42
      49
      59
      47
      54
      47
      32
      47
      54
      64
      56
      43
       4
       0
       0
       0
       0
       0
       0
       0
       0
       0
       0
       0
       0
       0
       0
       0
       0
       0
       0
       0
       0
       0
       0
       0
       0
       0
       0
       0
       0
       0
       0
       0
       0
       0
       0
       0
       0
       0
       0
       0
       0
       0
       0
       0
       0
       0
       0
       0
       0
       0
       0
       0
       0
       0
       0
       0
       0
       0
       0
       0
       0
       0
       0
       0
       0
       0
       0
       0
$ROI:
2
95 97
514 605
$PRESETS:
Real Time
200
0
$ENER_FIT:
-289.438599 1.280702
$MCA_CAL:
3
-2.894386E+002 1.280702E+000 0.000000E+000
$SHAPE_CAL:
3
0.000000E+000 0.000000E+000 0.000000E+000
