$SPEC_ID:
MEASURE 111.
$SPEC_REM:
DET# 1
DETDESC# MCB 25
AP# Maestro Version 6.05
$DATE_MEA:
04/09/2003 04:39:48
$MEAS_TIM:
196 200
$DATA:
0 1023
       0
       0
       0
       0
       0
       0
       0
       0
       0
       0
       0
       0
       0
       0
       0
       0
       0
       0
       0
       0
       0
       0
       0
       0
       0
       0
       0
       0
       0
       0
       0
       0
       0
       0
       0
       0
       0
       0
       0
       0
       0
       0
       0
       0
     124
     277
     265
     236
     258
     284
     244
     274
     291
     312
     302
     284
     278
     311
     250
     313
     260
     277
     303
     264
     293
     279
     303
     291
     304
     306
     324
     303
     323
     296
     290
     307
     315
     357
     364
     398
     316
     384
     363
     387
     389
     401
     413
     381
     433
     392
     391
     453
     413
     454
     429
     431
     431
     435
     410
     493
     468
     455
     508
     508
     452
     463
     476
     528
     512
     499
     550
     517
     524
     493
     529
     538
     534
     536
     538
     565
     553
     552
     588
     552
     559
     563
     554
     565
     557
     545
     612
     580
     551
     592
     568
     631
     613
     606
     569
     601
     678
     601
     597
     574
     616
     601
     665
     633
     620
     582
     618
     608
     609
     591
     601
     648
     644
     610
     631
     628
     615
     673
     625
     633
     626
     644
     604
     627
     594
     590
     598
     623
     635
     578
     638
     648
     637
     665
     608
     665
     614
     641
     632
     620
     632
     665
     611
     608
     669
     642
     646
     699
     627
     711
     713
     668
     652
     610
     689
     694
     675
     681
     657
     718
     653
     663
     732
     706
     698
     675
     735
     704
     749
     721
     694
     692
     714
     690
     716
     677
     711
     638
     688
     671
     677
     634
     631
     652
     627
     627
     621
     564
     635
     586
     618
     604
     612
     579
     609
     557
     551
     572
     592
     608
     534
     579
     635
     592
     575
     574
     610
     610
     531
     526
     576
     536
     592
     601
     575
     572
     482
     483
     523
     533
     506
     505
     459
     537
     555
     514
     518
     522
     443
     543
     506
     449
     460
     435
     464
     521
     448
     473
     512
     503
     469
     467
     484
     447
     475
     428
     411
     452
     451
     453
     453
     416
     410
     421
     427
     458
     409
     411
     428
     395
     409
     445
     398
     388
     415
     446
     401
     388
     409
     407
     422
     387
     436
     399
     393
     383
     372
     381
     361
     367
     385
     354
     346
     334
     392
     377
     375
     379
     384
     321
     351
     381
     355
     385
     391
     378
     357
     353
     376
     374
     349
     358
     313
     348
     346
     348
     344
     324
     321
     292
     320
     325
     368
     346
     317
     340
     343
     354
     311
     329
     309
     333
     323
     315
     298
     285
     293
     293
     306
     250
     279
     285
     294
     246
     298
     231
     257
     247
     247
     254
     243
     200
     214
     243
     222
     233
     233
     247
     235
     227
     202
     191
     202
     193
     205
     183
     217
     217
     197
     188
     213
     197
     175
     182
     190
     183
     200
     162
     154
     147
     188
     170
     165
     165
     162
     183
     148
     178
     151
     175
     149
     140
     138
     132
     148
     153
     155
     116
     145
     138
     141
     146
     141
     141
     144
     145
     131
     140
     116
     133
     144
     132
     158
     137
     136
     141
     124
     144
     132
     140
     124
     131
     124
     144
     134
     116
     131
     131
     106
     115
     130
     118
     120
     118
     128
     111
      89
     107
     145
     107
     121
     127
     105
     135
     122
     118
     115
     138
      98
     120
     122
     109
     126
     117
     117
     123
     122
     116
     127
     116
     116
     153
     117
      99
     127
     127
     113
     121
     130
     117
     116
     110
     134
     127
     129
     121
     146
     139
     140
     134
      95
     164
     141
     133
     166
     144
     175
     160
     179
     200
     184
     206
     221
     222
     244
     269
     241
     282
     317
     282
     319
     342
     344
     382
     429
     435
     425
     485
     506
     508
     499
     614
     602
     621
     700
     677
     777
     763
     769
     851
     856
     899
     934
     956
     981
    1101
    1081
    1090
    1123
    1172
    1171
    1226
    1249
    1265
    1288
    1271
    1298
    1323
    1337
    1362
    1350
    1312
    1345
    1343
    1318
    1268
    1272
    1322
    1317
    1224
    1224
    1172
    1142
    1115
    1094
    1037
    1030
     971
     972
     912
     878
     791
     814
     749
     723
     694
     641
     551
     526
     547
     477
     467
     399
     375
     345
     324
     325
     291
     293
     228
     242
     245
     176
     164
     177
     134
     134
     130
      98
     121
     102
     105
      88
      84
      69
      78
      93
      54
      64
      60
      65
      43
      58
      49
      39
      69
      60
      51
      44
      49
      53
      46
      53
      43
      48
      50
      34
      51
      56
      57
      47
      65
      54
      35
      59
      51
      45
      38
      37
      40
      48
      57
      44
      45
      41
      44
      49
      47
      66
      55
      60
      49
      55
      47
      46
      48
      53
      47
      49
      46
      52
      61
      51
      52
      41
      50
      39
      42
      47
      49
      49
      48
      47
      50
      42
      47
      47
      50
      45
      47
      36
      43
      44
      37
      51
      48
      53
      44
      52
      60
      39
      55
      44
      43
      45
      40
      48
      36
      38
      48
      51
      48
      50
      34
      39
      47
      50
      44
      32
      41
      54
      41
      46
      48
      34
      40
      40
      43
      50
      49
      39
      53
      48
      42
      53
      47
      45
      49
      39
      43
      37
      39
      41
      63
      40
      37
      46
      41
      33
      43
      40
      45
      47
      45
      39
      39
      38
      30
      49
      43
      40
      42
      48
      42
      47
      42
      39
      39
      40
      53
      46
      41
      51
      53
      43
      35
      48
      49
      43
      49
      53
      37
      48
      34
      44
      44
      69
      43
      40
      38
      47
      50
      43
      38
      45
      43
      40
      51
      53
      43
      43
      38
      38
      42
      40
      46
      37
      52
      43
      40
      41
      61
      41
      51
      27
      44
      34
      42
      36
      40
      45
      47
      49
      62
      38
      44
      38
      45
      49
      44
      35
      48
      47
      46
      43
      41
      32
      45
      39
      50
      58
      35
      45
      39
      51
      38
      40
      43
      47
      41
      50
      48
      50
      48
      43
      55
      37
      49
      50
      66
      43
      52
      41
      35
      49
      49
      44
      47
      42
      57
      41
      57
      41
      52
      53
      46
      49
      49
      48
      46
      43
      60
      58
      44
      42
      42
      48
      41
      43
      36
      48
      38
      45
      47
      47
      42
      48
      40
      38
      38
      61
      45
      34
      45
      43
      41
      43
      42
      61
      46
      49
      53
      57
      42
      48
      44
      48
      43
      45
      46
      41
      41
      43
      57
      38
      44
      47
      45
      52
      37
      56
      50
      51
      52
      51
      59
      49
      46
      59
      50
      37
      44
       5
       0
       0
       0
       0
       0
       0
       0
       0
       0
       0
       0
       0
       0
       0
       0
       0
       0
       0
       0
       0
       0
       0
       0
       0
       0
       0
       0
       0
       0
       0
       0
       0
       0
       0
       0
       0
       0
       0
       0
       0
       0
       0
       0
       0
       0
       0
       0
       0
       0
       0
       0
       0
       0
       0
       0
       0
       0
       0
       0
       0
       0
       0
       0
       0
       0
       0
       0
$ROI:
2
95 97
514 605
$PRESETS:
Real Time
200
0
$ENER_FIT:
-289.438599 1.280702
$MCA_CAL:
3
-2.894386E+002 1.280702E+000 0.000000E+000
$SHAPE_CAL:
3
0.000000E+000 0.000000E+000 0.000000E+000
