$SPEC_ID:
MEASURE 320.
$SPEC_REM:
DET# 1
DETDESC# MCB 25
AP# Maestro Version 6.05
$DATE_MEA:
04/09/2003 22:04:48
$MEAS_TIM:
196 200
$DATA:
0 1023
       0
       0
       0
       0
       0
       0
       0
       0
       0
       0
       0
       0
       0
       0
       0
       0
       0
       0
       0
       0
       0
       0
       0
       0
       0
       0
       0
       0
       0
       0
       0
       0
       0
       0
       0
       0
       0
       0
       0
       0
       0
       0
       0
       0
     109
     272
     272
     285
     247
     303
     280
     267
     275
     277
     270
     274
     281
     296
     284
     261
     261
     317
     313
     287
     258
     280
     304
     261
     293
     294
     313
     299
     290
     321
     334
     310
     317
     329
     355
     355
     319
     374
     368
     323
     368
     384
     394
     397
     378
     409
     389
     393
     438
     379
     410
     428
     419
     463
     443
     435
     456
     456
     451
     434
     487
     496
     464
     534
     501
     508
     508
     491
     530
     505
     552
     535
     484
     551
     566
     531
     542
     541
     611
     551
     555
     580
     584
     539
     577
     603
     568
     595
     583
     550
     591
     584
     599
     625
     579
     554
     577
     583
     587
     568
     572
     616
     619
     595
     611
     625
     618
     608
     655
     633
     634
     650
     638
     662
     593
     652
     666
     619
     652
     599
     589
     645
     614
     635
     610
     625
     655
     573
     591
     609
     575
     599
     615
     620
     618
     616
     618
     621
     583
     611
     590
     585
     616
     599
     639
     627
     634
     587
     634
     545
     636
     618
     686
     631
     714
     654
     672
     638
     704
     665
     653
     715
     676
     680
     678
     719
     749
     696
     714
     652
     730
     684
     719
     684
     720
     709
     684
     654
     628
     656
     678
     635
     642
     610
     624
     661
     658
     660
     595
     584
     612
     572
     650
     579
     581
     584
     565
     617
     598
     585
     612
     565
     543
     590
     591
     559
     560
     553
     538
     557
     561
     559
     513
     558
     547
     526
     587
     532
     508
     511
     506
     523
     532
     541
     422
     508
     519
     521
     478
     503
     529
     483
     477
     508
     523
     462
     473
     496
     455
     498
     469
     475
     474
     498
     446
     467
     417
     477
     454
     410
     451
     424
     431
     433
     433
     406
     404
     394
     419
     422
     429
     433
     385
     405
     414
     410
     412
     406
     443
     397
     421
     383
     408
     358
     367
     411
     373
     396
     367
     417
     401
     375
     393
     361
     346
     386
     367
     391
     368
     381
     363
     356
     360
     384
     377
     374
     341
     341
     354
     350
     373
     350
     364
     343
     381
     307
     340
     334
     357
     311
     348
     332
     311
     301
     319
     337
     347
     343
     354
     330
     334
     332
     312
     296
     323
     288
     305
     321
     305
     325
     291
     288
     299
     280
     304
     266
     247
     261
     291
     252
     225
     266
     244
     251
     238
     214
     207
     246
     225
     206
     229
     263
     229
     216
     231
     203
     230
     193
     178
     202
     201
     183
     185
     221
     200
     175
     185
     192
     195
     174
     157
     183
     171
     160
     158
     164
     152
     166
     150
     158
     168
     144
     183
     143
     145
     148
     135
     138
     148
     140
     147
     151
     153
     130
     142
     140
     135
     139
     136
     148
     147
     144
     134
     141
     132
     135
     104
     128
     106
     139
     132
     137
     123
     130
     135
     145
     128
     145
     113
     111
     119
     140
     116
     125
     115
     122
     110
     117
     130
     136
     116
     102
     124
     119
     126
     115
     114
     117
     126
     104
     106
     104
     111
      99
     113
     116
     136
     124
     104
     105
      95
     120
     119
     119
     111
     115
     110
     124
     108
     123
     131
     123
     133
     109
     117
     123
     124
     105
     136
     115
     142
     133
     141
     144
     139
     151
     153
     137
     144
     185
     167
     180
     174
     174
     171
     203
     208
     196
     225
     217
     277
     247
     249
     280
     353
     350
     347
     379
     405
     365
     452
     416
     406
     441
     520
     544
     608
     599
     623
     687
     670
     763
     721
     800
     853
     892
     913
     928
    1020
    1000
    1040
    1095
    1133
    1148
    1187
    1113
    1174
    1223
    1334
    1261
    1331
    1333
    1322
    1342
    1357
    1436
    1354
    1334
    1357
    1337
    1300
    1373
    1272
    1276
    1256
    1183
    1187
    1176
    1216
    1071
    1038
    1025
     975
     964
     994
     881
     876
     844
     769
     735
     702
     670
     600
     595
     535
     454
     486
     430
     395
     365
     347
     336
     318
     289
     273
     234
     216
     202
     193
     165
     163
     132
     131
     124
     113
     125
     106
      84
      86
      66
      73
      79
      66
      86
      56
      65
      73
      53
      56
      55
      59
      66
      47
      62
      39
      56
      49
      48
      45
      38
      50
      41
      51
      51
      45
      39
      54
      53
      45
      44
      63
      43
      44
      41
      50
      36
      47
      46
      39
      33
      50
      51
      41
      62
      40
      43
      56
      58
      50
      53
      39
      45
      40
      41
      50
      44
      58
      52
      53
      52
      46
      55
      43
      43
      41
      49
      40
      43
      42
      38
      54
      48
      46
      43
      51
      47
      35
      45
      32
      44
      60
      40
      41
      51
      50
      50
      41
      50
      47
      53
      40
      38
      45
      43
      33
      39
      40
      43
      46
      54
      49
      56
      46
      50
      44
      47
      41
      50
      48
      41
      49
      60
      43
      46
      50
      38
      46
      42
      51
      36
      42
      43
      47
      43
      42
      49
      42
      42
      44
      52
      40
      44
      39
      46
      50
      37
      38
      45
      39
      46
      40
      49
      46
      47
      45
      41
      38
      55
      54
      37
      41
      46
      34
      44
      34
      45
      55
      32
      33
      33
      42
      42
      38
      43
      42
      34
      32
      47
      36
      44
      37
      47
      42
      41
      42
      48
      45
      49
      39
      49
      49
      52
      42
      41
      45
      34
      48
      41
      45
      43
      41
      50
      33
      45
      38
      51
      50
      47
      57
      40
      55
      54
      50
      50
      43
      45
      49
      42
      53
      41
      36
      47
      48
      36
      44
      45
      53
      45
      49
      40
      38
      40
      36
      47
      43
      36
      51
      52
      40
      47
      35
      46
      40
      48
      42
      62
      43
      43
      41
      42
      45
      45
      50
      30
      46
      52
      46
      51
      57
      40
      47
      55
      48
      45
      56
      52
      33
      57
      40
      44
      42
      39
      43
      38
      49
      48
      36
      52
      50
      40
      54
      54
      45
      41
      42
      51
      53
      52
      45
      42
      56
      48
      53
      52
      41
      47
      49
      40
      38
      43
      33
      39
      39
      39
      36
      39
      37
      46
      64
      45
      45
      53
      49
      62
      52
      39
      47
      43
      42
      59
      47
      32
      43
      44
      35
      54
      60
      49
      54
      27
      48
      38
      19
       2
       0
       0
       0
       0
       0
       0
       0
       0
       0
       0
       0
       0
       0
       0
       0
       0
       0
       0
       0
       0
       0
       0
       0
       0
       0
       0
       0
       0
       0
       0
       0
       0
       0
       0
       0
       0
       0
       0
       0
       0
       0
       0
       0
       0
       0
       0
       0
       0
       0
       0
       0
       0
       0
       0
       0
       0
       0
       0
       0
       0
       0
       0
       0
       0
       0
       0
$ROI:
2
95 97
514 605
$PRESETS:
Real Time
200
0
$ENER_FIT:
-289.438599 1.280702
$MCA_CAL:
3
-2.894386E+002 1.280702E+000 0.000000E+000
$SHAPE_CAL:
3
0.000000E+000 0.000000E+000 0.000000E+000
