$SPEC_ID:
MEASURE 554.
$SPEC_REM:
DET# 1
DETDESC# MCB 25
AP# Maestro Version 6.05
$DATE_MEA:
04/07/2003 06:14:48
$MEAS_TIM:
196 200
$DATA:
0 1023
       0
       0
       0
       0
       0
       0
       0
       0
       0
       0
       0
       0
       0
       0
       0
       0
       0
       0
       0
       0
       0
       0
       0
       0
       0
       0
       0
       0
       0
       0
       0
       0
       0
       0
       0
       0
       0
       0
       0
       0
       0
       0
       0
       0
     122
     277
     258
     259
     248
     251
     294
     273
     269
     280
     290
     286
     256
     263
     277
     297
     285
     305
     276
     311
     297
     314
     292
     299
     287
     301
     302
     310
     350
     320
     304
     317
     314
     369
     313
     351
     369
     349
     369
     349
     334
     397
     407
     394
     405
     394
     417
     429
     377
     459
     444
     429
     458
     440
     463
     419
     459
     453
     464
     523
     495
     496
     480
     540
     498
     516
     529
     493
     525
     524
     545
     545
     532
     578
     517
     514
     520
     560
     519
     551
     542
     604
     557
     537
     560
     586
     604
     578
     618
     615
     615
     597
     579
     573
     610
     594
     579
     622
     634
     604
     608
     650
     611
     663
     612
     623
     588
     604
     626
     664
     623
     576
     583
     603
     608
     602
     627
     635
     639
     606
     671
     626
     594
     605
     561
     614
     602
     637
     628
     628
     645
     614
     658
     654
     611
     581
     595
     624
     606
     628
     626
     633
     625
     622
     644
     607
     651
     661
     631
     663
     676
     647
     668
     639
     664
     697
     668
     663
     641
     728
     712
     723
     696
     718
     686
     747
     691
     718
     663
     741
     695
     678
     653
     669
     683
     690
     644
     663
     640
     672
     667
     671
     609
     655
     617
     620
     642
     621
     595
     624
     642
     617
     597
     597
     573
     558
     636
     561
     535
     575
     579
     569
     596
     542
     579
     588
     581
     534
     532
     577
     539
     541
     556
     520
     536
     514
     541
     533
     533
     548
     526
     571
     520
     545
     497
     506
     527
     506
     480
     522
     495
     507
     471
     494
     506
     475
     485
     498
     496
     478
     450
     456
     411
     420
     435
     463
     490
     476
     411
     427
     409
     439
     429
     397
     411
     437
     408
     446
     436
     383
     397
     361
     388
     412
     371
     399
     383
     397
     396
     428
     378
     382
     394
     403
     339
     410
     391
     417
     379
     351
     416
     385
     374
     380
     389
     373
     376
     372
     377
     337
     349
     378
     360
     328
     356
     356
     358
     363
     387
     384
     331
     362
     351
     362
     320
     333
     349
     346
     350
     322
     344
     345
     348
     344
     301
     329
     314
     320
     328
     313
     299
     317
     273
     308
     311
     306
     325
     321
     273
     283
     280
     291
     268
     235
     261
     269
     254
     237
     226
     229
     270
     234
     221
     248
     235
     232
     233
     177
     202
     202
     206
     237
     195
     205
     221
     219
     185
     209
     212
     182
     177
     186
     182
     185
     174
     185
     182
     186
     192
     172
     166
     151
     156
     196
     146
     142
     160
     158
     186
     137
     152
     143
     133
     142
     155
     155
     167
     147
     133
     148
     133
     131
     147
     146
     126
     135
     159
     169
     130
     130
     142
     132
     139
     149
     132
     148
     126
     128
     129
     132
     123
     117
     114
     123
     116
     139
     136
     118
     140
     113
     129
     140
     109
     125
     134
     116
      97
     132
     124
     123
     120
     101
     131
     123
     149
     122
     117
     127
     129
      96
     119
      97
     112
     111
     108
     116
     112
     120
     106
     121
     112
     133
     107
     113
     121
     117
     122
     120
     139
     122
     135
     140
     123
     146
     116
     136
     158
     147
     159
     144
     163
     135
     167
     154
     159
     174
     175
     165
     207
     205
     203
     215
     256
     227
     224
     277
     278
     278
     324
     340
     371
     359
     384
     437
     420
     422
     486
     430
     532
     599
     603
     638
     662
     661
     689
     794
     821
     833
     846
     933
     897
     933
     995
    1027
    1070
    1165
    1117
    1155
    1191
    1188
    1282
    1274
    1271
    1282
    1259
    1318
    1314
    1404
    1336
    1377
    1373
    1326
    1354
    1315
    1299
    1253
    1311
    1347
    1221
    1237
    1133
    1175
    1155
    1108
    1069
    1013
    1023
     946
     945
     859
     811
     788
     685
     673
     672
     602
     583
     537
     485
     464
     444
     443
     392
     371
     308
     303
     283
     268
     266
     208
     200
     206
     168
     153
     149
     116
     103
     114
     100
      87
      99
      93
      86
      89
      73
      57
      69
      67
      67
      66
      53
      51
      50
      54
      49
      47
      49
      45
      56
      47
      56
      51
      56
      54
      41
      59
      48
      49
      56
      55
      53
      51
      52
      43
      58
      52
      57
      58
      49
      39
      66
      48
      55
      46
      39
      49
      56
      45
      44
      46
      51
      39
      54
      50
      38
      45
      42
      34
      43
      35
      50
      45
      54
      49
      38
      45
      52
      44
      42
      46
      51
      43
      59
      51
      52
      46
      30
      57
      54
      54
      52
      62
      40
      54
      48
      47
      55
      53
      54
      57
      34
      39
      40
      44
      45
      50
      35
      42
      43
      33
      31
      62
      39
      48
      48
      39
      39
      54
      34
      38
      50
      38
      48
      43
      52
      51
      53
      40
      42
      35
      51
      41
      44
      47
      43
      47
      33
      42
      44
      39
      50
      41
      53
      52
      37
      44
      52
      37
      47
      33
      50
      44
      36
      31
      38
      40
      42
      41
      44
      35
      56
      56
      47
      45
      43
      37
      43
      49
      45
      40
      36
      38
      39
      44
      50
      36
      38
      47
      41
      51
      50
      47
      43
      35
      42
      49
      51
      48
      42
      52
      41
      48
      58
      56
      40
      56
      47
      40
      35
      37
      50
      49
      46
      42
      44
      44
      52
      52
      44
      47
      36
      46
      41
      45
      46
      55
      43
      44
      48
      38
      38
      48
      44
      49
      48
      40
      44
      44
      56
      50
      36
      48
      49
      37
      38
      48
      45
      52
      41
      43
      50
      41
      52
      45
      44
      45
      41
      30
      46
      42
      53
      45
      49
      42
      50
      44
      36
      47
      43
      55
      41
      51
      49
      45
      31
      47
      27
      40
      50
      57
      39
      43
      46
      48
      35
      40
      48
      37
      37
      51
      49
      47
      44
      41
      43
      39
      44
      44
      61
      45
      54
      50
      46
      46
      52
      46
      53
      58
      29
      51
      55
      50
      51
      56
      55
      43
      47
      49
      43
      52
      50
      43
      49
      38
      54
      47
      44
      41
      53
      41
      40
      32
      47
      45
      41
      54
      36
      32
      36
      49
      57
      42
      45
      55
      45
      62
      54
      56
      46
      54
      55
      34
       2
       0
       0
       0
       0
       0
       0
       0
       0
       0
       0
       0
       0
       0
       0
       0
       0
       0
       0
       0
       0
       0
       0
       0
       0
       0
       0
       0
       0
       0
       0
       0
       0
       0
       0
       0
       0
       0
       0
       0
       0
       0
       0
       0
       0
       0
       0
       0
       0
       0
       0
       0
       0
       0
       0
       0
       0
       0
       0
       0
       0
       0
       0
       0
       0
       0
       0
       0
$ROI:
2
95 97
514 605
$PRESETS:
Real Time
200
0
$ENER_FIT:
-289.438599 1.280702
$MCA_CAL:
3
-2.894386E+002 1.280702E+000 0.000000E+000
$SHAPE_CAL:
3
0.000000E+000 0.000000E+000 0.000000E+000
