$SPEC_ID:
MEASURE 956.
$SPEC_REM:
DET# 1
DETDESC# MCB 25
AP# Maestro Version 6.05
$DATE_MEA:
04/08/2003 15:44:48
$MEAS_TIM:
196 200
$DATA:
0 1023
       0
       0
       0
       0
       0
       0
       0
       0
       0
       0
       0
       0
       0
       0
       0
       0
       0
       0
       0
       0
       0
       0
       0
       0
       0
       0
       0
       0
       0
       0
       0
       0
       0
       0
       0
       0
       0
       0
       0
       0
       0
       0
       0
       0
     132
     275
     265
     274
     267
     316
     223
     268
     267
     286
     270
     305
     254
     269
     260
     291
     292
     277
     274
     269
     294
     296
     290
     301
     292
     320
     306
     308
     305
     293
     314
     329
     305
     337
     356
     364
     357
     358
     378
     355
     360
     365
     407
     393
     406
     396
     437
     442
     416
     415
     457
     419
     463
     448
     463
     455
     492
     473
     445
     482
     513
     464
     482
     481
     504
     552
     490
     511
     514
     501
     553
     551
     600
     530
     543
     524
     560
     514
     568
     551
     592
     550
     563
     540
     600
     569
     572
     613
     575
     617
     604
     594
     650
     609
     609
     619
     573
     628
     596
     618
     623
     609
     632
     643
     594
     627
     619
     625
     641
     631
     646
     627
     614
     677
     563
     607
     611
     638
     620
     664
     647
     591
     641
     634
     590
     609
     651
     614
     610
     637
     617
     664
     618
     632
     683
     598
     651
     636
     625
     629
     658
     678
     622
     594
     612
     692
     640
     647
     659
     676
     656
     656
     638
     644
     663
     682
     743
     682
     729
     718
     646
     644
     716
     702
     710
     705
     715
     680
     720
     713
     694
     693
     701
     701
     689
     706
     664
     699
     655
     635
     680
     664
     656
     690
     658
     661
     616
     584
     611
     674
     562
     604
     621
     628
     548
     588
     603
     600
     601
     580
     564
     602
     502
     618
     569
     550
     609
     609
     604
     564
     543
     513
     528
     530
     551
     525
     546
     500
     526
     533
     507
     536
     508
     479
     510
     521
     506
     499
     509
     498
     503
     499
     474
     463
     471
     408
     465
     446
     474
     478
     438
     437
     448
     441
     443
     482
     475
     429
     406
     434
     447
     440
     460
     389
     427
     408
     434
     417
     379
     413
     428
     417
     438
     369
     402
     380
     438
     406
     394
     416
     403
     403
     395
     420
     377
     383
     370
     365
     388
     379
     394
     394
     371
     327
     371
     343
     381
     356
     385
     367
     363
     378
     359
     377
     370
     351
     338
     349
     344
     349
     351
     321
     372
     387
     343
     337
     353
     378
     355
     361
     309
     353
     373
     341
     340
     345
     331
     316
     335
     325
     331
     291
     335
     316
     308
     309
     336
     314
     280
     278
     278
     278
     262
     252
     286
     244
     274
     248
     247
     228
     267
     261
     229
     194
     215
     239
     203
     247
     221
     204
     229
     195
     226
     210
     209
     176
     192
     197
     184
     180
     207
     182
     157
     188
     207
     166
     172
     179
     183
     173
     166
     145
     174
     154
     169
     150
     146
     151
     162
     156
     147
     148
     145
     143
     168
     160
     135
     140
     138
     132
     124
     151
     134
     137
     155
     136
     146
     132
     122
     148
     123
     120
     127
     147
     142
     129
     147
     117
     118
     119
     121
     127
     130
     115
     123
     140
     138
     134
     120
     111
     123
     107
     108
     134
     126
      97
     142
     131
     122
     138
     116
     107
      95
     137
     121
     109
     126
     124
      97
     120
     114
     112
     119
     109
     116
     121
     109
     115
     105
     125
     117
     117
     119
     143
     140
     121
     127
     124
     132
     128
     129
     142
     135
     129
     128
     144
     136
     144
     144
     137
     129
     172
     157
     141
     169
     162
     196
     166
     180
     203
     233
     203
     216
     236
     241
     255
     256
     273
     272
     312
     330
     340
     381
     371
     371
     456
     453
     494
     510
     524
     632
     589
     644
     672
     726
     732
     758
     833
     833
     855
     880
     933
     946
     992
    1073
    1102
    1145
    1121
    1127
    1148
    1258
    1231
    1243
    1291
    1291
    1275
    1324
    1309
    1303
    1360
    1284
    1375
    1322
    1357
    1303
    1290
    1291
    1279
    1269
    1276
    1204
    1202
    1130
    1131
    1063
    1008
     966
     947
     962
     899
     874
     854
     812
     803
     687
     660
     623
     611
     595
     479
     512
     451
     410
     379
     366
     306
     284
     284
     240
     212
     234
     218
     219
     201
     132
     157
     144
     119
     123
     103
      90
      99
      96
      93
      66
      73
      73
      65
      83
      70
      51
      49
      56
      66
      61
      63
      46
      64
      66
      58
      60
      63
      48
      60
      51
      43
      44
      56
      65
      33
      44
      46
      49
      58
      45
      44
      52
      51
      48
      48
      54
      55
      40
      51
      51
      71
      54
      49
      52
      46
      54
      45
      35
      44
      53
      31
      47
      42
      64
      49
      39
      63
      43
      56
      43
      51
      54
      50
      57
      48
      55
      46
      32
      43
      45
      45
      40
      31
      43
      41
      33
      40
      47
      44
      39
      41
      48
      42
      47
      43
      49
      41
      41
      49
      50
      51
      35
      40
      43
      54
      45
      44
      52
      44
      41
      42
      43
      35
      46
      43
      36
      43
      36
      47
      47
      39
      45
      40
      42
      38
      52
      53
      39
      36
      38
      46
      27
      37
      42
      58
      40
      41
      50
      52
      52
      43
      46
      42
      41
      50
      43
      50
      47
      55
      39
      33
      42
      47
      38
      41
      31
      38
      36
      31
      42
      44
      47
      48
      42
      45
      45
      44
      50
      40
      38
      45
      43
      39
      34
      49
      43
      55
      49
      54
      45
      50
      37
      32
      56
      31
      37
      37
      45
      42
      43
      54
      41
      43
      45
      45
      49
      32
      35
      39
      41
      51
      29
      33
      46
      38
      41
      41
      54
      39
      34
      43
      50
      47
      42
      42
      36
      50
      46
      41
      40
      41
      37
      45
      50
      48
      43
      58
      52
      49
      55
      51
      38
      47
      50
      44
      45
      44
      54
      47
      39
      45
      41
      47
      44
      56
      51
      50
      44
      40
      37
      55
      48
      41
      56
      50
      47
      43
      43
      44
      40
      31
      41
      58
      38
      51
      46
      44
      42
      54
      53
      46
      51
      48
      35
      54
      41
      35
      43
      58
      38
      50
      50
      47
      46
      48
      50
      40
      31
      39
      41
      46
      48
      39
      28
      44
      52
      45
      46
      46
      46
      32
      32
      51
      45
      42
      50
      48
      44
      52
      63
      51
      46
      35
      58
      57
      51
      51
      47
      57
      52
      43
      51
      33
      35
      65
      44
      52
      51
      48
      42
      40
      49
      40
      39
      43
      37
      36
       1
       0
       0
       0
       0
       0
       0
       0
       0
       0
       0
       0
       0
       0
       0
       0
       0
       0
       0
       0
       0
       0
       0
       0
       0
       0
       0
       0
       0
       0
       0
       0
       0
       0
       0
       0
       0
       0
       0
       0
       0
       0
       0
       0
       0
       0
       0
       0
       0
       0
       0
       0
       0
       0
       0
       0
       0
       0
       0
       0
       0
       0
       0
       0
       0
       0
       0
       0
$ROI:
2
95 97
514 605
$PRESETS:
Real Time
200
0
$ENER_FIT:
-289.438599 1.280702
$MCA_CAL:
3
-2.894386E+002 1.280702E+000 0.000000E+000
$SHAPE_CAL:
3
0.000000E+000 0.000000E+000 0.000000E+000
