$SPEC_ID:
MEASURE 563.
$SPEC_REM:
DET# 1
DETDESC# MCB 25
AP# Maestro Version 6.05
$DATE_MEA:
04/07/2003 06:59:48
$MEAS_TIM:
196 200
$DATA:
0 1023
       0
       0
       0
       0
       0
       0
       0
       0
       0
       0
       0
       0
       0
       0
       0
       0
       0
       0
       0
       0
       0
       0
       0
       0
       0
       0
       0
       0
       0
       0
       0
       0
       0
       0
       0
       0
       0
       0
       0
       0
       0
       0
       0
       0
     127
     261
     279
     275
     251
     268
     239
     268
     264
     265
     266
     261
     294
     277
     252
     290
     283
     287
     283
     294
     270
     311
     295
     281
     281
     311
     278
     290
     306
     315
     355
     358
     296
     312
     331
     351
     335
     374
     373
     365
     379
     409
     382
     411
     399
     395
     417
     410
     348
     443
     427
     465
     445
     458
     453
     431
     448
     410
     440
     497
     498
     504
     488
     463
     511
     482
     478
     512
     498
     516
     534
     565
     578
     569
     499
     568
     588
     615
     534
     535
     555
     595
     592
     593
     569
     616
     567
     558
     571
     579
     579
     604
     650
     672
     631
     633
     616
     629
     591
     603
     628
     623
     658
     634
     625
     635
     635
     653
     616
     648
     647
     634
     621
     615
     595
     606
     596
     639
     599
     637
     626
     632
     585
     620
     630
     596
     595
     595
     641
     633
     585
     592
     584
     619
     632
     590
     629
     644
     592
     670
     583
     644
     611
     671
     605
     626
     604
     685
     615
     624
     678
     658
     661
     703
     659
     666
     689
     696
     703
     685
     725
     670
     687
     671
     735
     760
     737
     732
     760
     720
     714
     738
     668
     709
     700
     706
     727
     693
     588
     645
     626
     702
     616
     646
     620
     620
     658
     635
     606
     622
     617
     606
     595
     613
     630
     624
     602
     553
     576
     569
     622
     573
     611
     542
     547
     558
     549
     570
     565
     576
     570
     557
     535
     524
     534
     545
     513
     537
     533
     498
     476
     507
     524
     477
     538
     504
     538
     501
     522
     483
     482
     476
     497
     534
     494
     479
     463
     473
     494
     475
     448
     444
     452
     453
     426
     423
     461
     461
     426
     446
     480
     410
     412
     459
     432
     394
     405
     427
     415
     441
     450
     386
     398
     387
     377
     384
     404
     392
     412
     410
     405
     422
     409
     373
     402
     401
     396
     403
     388
     378
     371
     364
     370
     402
     385
     397
     354
     374
     362
     396
     375
     386
     356
     361
     335
     342
     370
     337
     352
     358
     357
     352
     329
     337
     371
     368
     384
     344
     348
     309
     332
     331
     363
     335
     337
     355
     332
     319
     354
     301
     286
     304
     339
     295
     346
     289
     293
     301
     292
     275
     272
     291
     275
     278
     228
     271
     276
     240
     240
     258
     251
     267
     209
     242
     224
     234
     199
     218
     195
     229
     211
     207
     184
     210
     203
     192
     188
     207
     187
     173
     187
     190
     169
     186
     174
     163
     186
     177
     182
     162
     156
     165
     173
     165
     157
     163
     157
     144
     140
     166
     170
     151
     155
     133
     159
     133
     149
     154
     143
     156
     113
     158
     153
     137
     117
     144
     139
     152
     129
     146
     125
     112
     129
     150
     127
     126
     149
     137
     139
     131
     135
     130
     123
     142
     149
     132
     127
     128
     118
     114
     115
     130
     116
     116
     110
     132
     126
     105
     126
     126
     111
     129
     126
     121
     130
     120
     129
     108
     113
     125
     103
     112
     129
      95
     125
     124
     117
     127
     122
     110
     122
     100
     115
     117
     125
     128
      96
     111
     110
     126
     119
     117
     150
     139
     132
     129
     155
     122
     164
     141
     150
     154
     142
     163
     156
     182
     163
     195
     189
     208
     191
     216
     259
     247
     277
     234
     307
     298
     312
     348
     345
     383
     361
     407
     413
     462
     502
     540
     541
     541
     602
     668
     655
     709
     672
     737
     764
     837
     887
     882
     960
     955
     992
    1058
    1048
    1063
    1196
    1125
    1225
    1184
    1257
    1252
    1238
    1325
    1332
    1381
    1304
    1278
    1391
    1391
    1346
    1395
    1313
    1285
    1387
    1285
    1277
    1295
    1167
    1334
    1153
    1134
    1080
    1126
    1070
    1032
     967
     915
     863
     854
     840
     769
     758
     720
     643
     655
     601
     536
     516
     484
     451
     442
     362
     313
     340
     285
     276
     240
     248
     200
     191
     174
     179
     174
     127
     131
     131
     124
     105
     103
     111
      89
      83
      66
      80
      71
      70
      62
      60
      58
      55
      55
      58
      39
      45
      65
      56
      50
      65
      34
      48
      51
      43
      51
      50
      60
      40
      44
      52
      42
      46
      52
      51
      40
      49
      34
      53
      49
      51
      45
      47
      53
      45
      41
      58
      42
      50
      47
      45
      47
      41
      44
      46
      45
      48
      47
      48
      36
      39
      46
      48
      44
      42
      45
      41
      52
      58
      42
      50
      40
      61
      49
      38
      43
      48
      43
      46
      41
      56
      51
      46
      48
      50
      36
      38
      45
      54
      55
      48
      57
      43
      45
      47
      51
      51
      34
      52
      58
      37
      40
      63
      29
      47
      50
      36
      49
      36
      41
      69
      47
      38
      49
      47
      37
      47
      41
      37
      39
      39
      40
      44
      41
      40
      38
      36
      43
      58
      59
      46
      38
      45
      49
      38
      36
      44
      66
      48
      47
      44
      26
      38
      50
      43
      46
      37
      52
      38
      44
      61
      41
      39
      46
      49
      48
      36
      43
      44
      40
      52
      40
      45
      55
      46
      37
      49
      50
      45
      39
      57
      44
      46
      47
      37
      49
      47
      49
      48
      33
      46
      45
      43
      38
      41
      43
      40
      48
      52
      38
      45
      41
      49
      45
      44
      51
      48
      35
      39
      35
      39
      44
      39
      43
      36
      38
      48
      45
      41
      37
      56
      40
      52
      31
      53
      40
      40
      51
      38
      43
      34
      52
      56
      56
      40
      47
      39
      39
      24
      48
      44
      44
      59
      45
      43
      32
      42
      36
      57
      34
      43
      44
      41
      43
      42
      47
      54
      49
      51
      43
      50
      38
      37
      55
      31
      51
      46
      43
      42
      46
      51
      48
      52
      47
      44
      52
      52
      42
      36
      40
      45
      48
      53
      50
      35
      44
      44
      47
      48
      44
      53
      45
      48
      44
      45
      45
      39
      42
      55
      54
      41
      40
      47
      44
      34
      45
      55
      46
      33
      46
      46
      43
      39
      39
      41
      55
      56
      36
      47
      34
      50
      50
      42
      45
      43
      45
      52
      44
      43
      57
      39
      35
      48
      49
      54
      46
      59
      39
      51
      50
      46
      43
      49
      31
       2
       0
       0
       0
       0
       0
       0
       0
       0
       0
       0
       0
       0
       0
       0
       0
       0
       0
       0
       0
       0
       0
       0
       0
       0
       0
       0
       0
       0
       0
       0
       0
       0
       0
       0
       0
       0
       0
       0
       0
       0
       0
       0
       0
       0
       0
       0
       0
       0
       0
       0
       0
       0
       0
       0
       0
       0
       0
       0
       0
       0
       0
       0
       0
       0
       0
       0
       0
$ROI:
2
95 97
514 605
$PRESETS:
Real Time
200
0
$ENER_FIT:
-289.438599 1.280702
$MCA_CAL:
3
-2.894386E+002 1.280702E+000 0.000000E+000
$SHAPE_CAL:
3
0.000000E+000 0.000000E+000 0.000000E+000
