$SPEC_ID:
MEASURE 830.
$SPEC_REM:
DET# 1
DETDESC# MCB 25
AP# Maestro Version 6.05
$DATE_MEA:
04/08/2003 05:14:48
$MEAS_TIM:
196 200
$DATA:
0 1023
       0
       0
       0
       0
       0
       0
       0
       0
       0
       0
       0
       0
       0
       0
       0
       0
       0
       0
       0
       0
       0
       0
       0
       0
       0
       0
       0
       0
       0
       0
       0
       0
       0
       0
       0
       0
       0
       0
       0
       0
       0
       0
       0
       0
     123
     281
     233
     254
     257
     251
     266
     267
     292
     301
     268
     248
     253
     269
     280
     284
     263
     284
     329
     316
     314
     285
     336
     306
     300
     273
     301
     320
     359
     287
     284
     328
     311
     352
     344
     340
     355
     342
     369
     362
     365
     335
     389
     388
     403
     412
     398
     420
     449
     427
     427
     430
     441
     436
     429
     502
     454
     457
     486
     465
     479
     479
     503
     476
     501
     491
     506
     499
     494
     533
     548
     504
     572
     513
     562
     508
     569
     575
     566
     542
     596
     600
     547
     572
     566
     558
     604
     620
     577
     601
     599
     599
     567
     595
     602
     642
     606
     597
     628
     631
     613
     644
     641
     617
     625
     593
     655
     623
     635
     615
     638
     631
     627
     644
     650
     649
     586
     610
     622
     638
     628
     612
     637
     616
     581
     622
     615
     616
     648
     622
     613
     568
     617
     605
     615
     585
     603
     632
     600
     619
     623
     568
     644
     651
     617
     612
     636
     662
     637
     681
     656
     698
     610
     670
     660
     686
     685
     712
     679
     679
     683
     673
     704
     671
     691
     736
     641
     675
     692
     745
     709
     686
     662
     734
     698
     719
     736
     688
     678
     675
     665
     641
     641
     652
     644
     642
     659
     580
     658
     642
     615
     652
     624
     589
     593
     612
     616
     540
     556
     530
     606
     537
     562
     550
     572
     581
     545
     579
     539
     537
     521
     541
     577
     554
     562
     551
     516
     499
     513
     518
     544
     522
     507
     480
     530
     472
     509
     489
     503
     473
     466
     495
     475
     463
     458
     445
     485
     473
     447
     483
     458
     435
     472
     480
     446
     447
     480
     414
     481
     443
     453
     474
     440
     384
     442
     406
     421
     399
     404
     418
     413
     410
     423
     390
     410
     371
     373
     437
     400
     405
     415
     398
     369
     357
     399
     361
     366
     395
     384
     398
     370
     370
     336
     387
     394
     405
     351
     367
     380
     394
     377
     329
     361
     395
     375
     345
     379
     391
     374
     377
     325
     338
     333
     356
     342
     366
     348
     369
     335
     371
     379
     328
     349
     348
     323
     338
     292
     336
     311
     328
     323
     316
     280
     286
     314
     305
     289
     293
     296
     308
     287
     268
     266
     266
     267
     276
     252
     247
     247
     230
     223
     274
     234
     223
     196
     232
     220
     240
     230
     210
     199
     206
     204
     176
     227
     191
     197
     204
     175
     184
     168
     210
     186
     177
     162
     157
     189
     188
     173
     171
     165
     153
     171
     154
     159
     132
     142
     123
     162
     163
     164
     171
     139
     160
     159
     141
     138
     149
     134
     132
     133
     126
     138
     141
     141
     120
     137
     145
     142
     139
     133
     131
     134
     133
     127
     160
     130
     123
     139
     141
     116
     144
     124
     108
     128
     137
     121
     123
     118
     142
     138
     128
     140
     142
     131
     121
     115
     128
     129
     123
     116
     134
     140
     104
     116
     121
     137
     117
     129
     128
     119
     119
     120
     112
     115
     129
      95
      97
     102
     112
     122
     112
     121
     102
     119
     105
     102
     134
     128
     137
     121
     126
     126
     125
     118
     136
     118
     134
     128
     132
     164
     165
     157
     161
     145
     167
     169
     184
     179
     192
     180
     198
     222
     252
     246
     284
     279
     284
     328
     324
     330
     329
     374
     424
     360
     463
     483
     488
     546
     511
     547
     566
     630
     658
     721
     662
     805
     803
     787
     845
     898
     927
     958
    1032
    1004
    1063
    1141
    1107
    1197
    1195
    1229
    1265
    1259
    1272
    1322
    1341
    1305
    1323
    1383
    1352
    1382
    1305
    1299
    1366
    1262
    1375
    1299
    1256
    1240
    1287
    1262
    1250
    1147
    1113
    1095
    1059
     998
    1020
     924
     934
     847
     820
     793
     772
     697
     687
     614
     577
     535
     511
     524
     419
     412
     408
     352
     347
     321
     264
     247
     238
     223
     207
     162
     189
     172
     177
     129
     107
     112
     105
     109
      87
      93
      82
      86
      89
      79
      87
      72
      83
      71
      57
      66
      57
      47
      70
      54
      50
      54
      49
      43
      65
      50
      53
      53
      44
      59
      49
      50
      51
      44
      47
      56
      57
      51
      61
      40
      50
      57
      43
      43
      42
      52
      43
      47
      44
      52
      45
      57
      65
      48
      42
      49
      48
      50
      61
      39
      43
      41
      43
      52
      58
      38
      65
      41
      53
      32
      56
      39
      49
      36
      50
      46
      64
      52
      45
      55
      39
      41
      44
      60
      59
      44
      58
      51
      40
      51
      46
      37
      45
      40
      40
      43
      41
      47
      52
      40
      35
      44
      39
      45
      47
      48
      48
      37
      52
      46
      49
      51
      44
      39
      43
      37
      54
      58
      54
      45
      41
      48
      40
      45
      46
      58
      49
      43
      48
      52
      52
      54
      37
      40
      46
      41
      54
      39
      37
      46
      57
      40
      44
      38
      49
      43
      33
      45
      52
      46
      53
      49
      46
      44
      37
      35
      41
      42
      38
      42
      48
      38
      53
      50
      52
      47
      42
      43
      44
      49
      46
      48
      40
      47
      53
      41
      49
      31
      37
      40
      47
      37
      47
      51
      39
      44
      50
      51
      48
      36
      37
      50
      47
      41
      34
      50
      53
      40
      52
      44
      40
      44
      48
      40
      42
      40
      40
      36
      48
      39
      53
      44
      42
      38
      51
      35
      46
      49
      41
      47
      50
      42
      32
      53
      37
      29
      55
      42
      46
      40
      43
      43
      54
      46
      57
      42
      47
      43
      37
      48
      38
      41
      42
      43
      42
      45
      40
      45
      37
      48
      37
      51
      44
      53
      38
      49
      46
      62
      48
      39
      47
      46
      47
      45
      37
      46
      45
      41
      51
      44
      53
      43
      40
      45
      42
      44
      34
      42
      37
      47
      32
      47
      54
      35
      44
      45
      40
      39
      51
      52
      52
      47
      43
      44
      30
      49
      42
      61
      36
      48
      46
      45
      54
      56
      58
      55
      49
      35
      45
      37
      36
      36
      47
      59
      33
      30
      50
      39
      50
      58
      62
      42
      52
      42
      51
      43
      33
      37
      53
      45
      48
      39
      41
      54
      35
       7
       0
       0
       0
       0
       0
       0
       0
       0
       0
       0
       0
       0
       0
       0
       0
       0
       0
       0
       0
       0
       0
       0
       0
       0
       0
       0
       0
       0
       0
       0
       0
       0
       0
       0
       0
       0
       0
       0
       0
       0
       0
       0
       0
       0
       0
       0
       0
       0
       0
       0
       0
       0
       0
       0
       0
       0
       0
       0
       0
       0
       0
       0
       0
       0
       0
       0
       0
$ROI:
2
95 97
514 605
$PRESETS:
Real Time
200
0
$ENER_FIT:
-289.438599 1.280702
$MCA_CAL:
3
-2.894386E+002 1.280702E+000 0.000000E+000
$SHAPE_CAL:
3
0.000000E+000 0.000000E+000 0.000000E+000
