$SPEC_ID:
MEASURE 522.
$SPEC_REM:
DET# 1
DETDESC# MCB 25
AP# Maestro Version 6.05
$DATE_MEA:
04/07/2003 03:34:48
$MEAS_TIM:
196 200
$DATA:
0 1023
       0
       0
       0
       0
       0
       0
       0
       0
       0
       0
       0
       0
       0
       0
       0
       0
       0
       0
       0
       0
       0
       0
       0
       0
       0
       0
       0
       0
       0
       0
       0
       0
       0
       0
       0
       0
       0
       0
       0
       0
       0
       0
       0
       0
     144
     250
     239
     274
     260
     277
     272
     282
     272
     274
     293
     304
     270
     272
     261
     272
     266
     281
     283
     290
     285
     299
     284
     291
     330
     311
     301
     293
     362
     313
     301
     315
     338
     323
     328
     351
     325
     358
     331
     373
     383
     364
     409
     434
     412
     405
     419
     393
     409
     459
     408
     446
     442
     449
     396
     449
     474
     483
     502
     493
     491
     507
     497
     504
     555
     514
     509
     501
     481
     486
     539
     573
     559
     542
     540
     525
     536
     608
     579
     567
     609
     563
     579
     570
     510
     603
     553
     579
     609
     583
     596
     616
     594
     587
     606
     647
     603
     595
     616
     664
     616
     590
     612
     623
     570
     625
     656
     597
     617
     648
     597
     607
     595
     614
     584
     607
     617
     589
     667
     611
     601
     637
     659
     598
     620
     586
     608
     587
     606
     626
     636
     610
     590
     606
     593
     559
     604
     618
     640
     639
     641
     623
     637
     575
     712
     644
     639
     602
     640
     643
     663
     679
     719
     671
     705
     660
     710
     733
     724
     722
     665
     703
     729
     725
     745
     729
     710
     748
     751
     658
     657
     717
     684
     720
     700
     663
     644
     701
     687
     648
     657
     670
     623
     639
     639
     680
     634
     687
     620
     610
     598
     599
     580
     569
     573
     583
     614
     634
     548
     551
     586
     576
     601
     546
     558
     555
     548
     561
     528
     503
     534
     529
     559
     557
     509
     546
     548
     576
     543
     500
     507
     520
     512
     490
     538
     512
     512
     504
     522
     507
     514
     490
     515
     473
     499
     458
     427
     469
     473
     454
     487
     479
     446
     418
     481
     433
     488
     444
     418
     407
     440
     442
     405
     402
     453
     450
     439
     419
     436
     423
     419
     404
     424
     396
     416
     346
     387
     402
     401
     369
     386
     382
     393
     384
     361
     374
     381
     358
     353
     363
     366
     365
     395
     386
     356
     369
     371
     336
     377
     353
     371
     374
     403
     343
     347
     390
     366
     373
     298
     337
     346
     369
     361
     358
     348
     317
     312
     331
     347
     342
     347
     330
     313
     344
     358
     339
     297
     330
     306
     319
     305
     329
     332
     290
     307
     308
     321
     305
     260
     296
     277
     258
     276
     316
     295
     296
     243
     247
     250
     249
     236
     277
     210
     235
     212
     203
     251
     198
     218
     199
     206
     188
     218
     208
     205
     204
     194
     206
     192
     200
     189
     167
     146
     177
     154
     191
     171
     177
     147
     162
     165
     168
     161
     164
     150
     158
     154
     149
     153
     147
     147
     142
     140
     144
     133
     159
     178
     122
     148
     147
     115
     121
     153
     147
     140
     152
     123
     142
     140
     129
     135
     134
     112
     125
     149
     144
     154
     136
     143
     128
     141
     143
     135
     132
     112
     109
     121
     127
     121
     123
     136
     107
     120
     125
     121
     114
     111
     120
     112
     127
     122
     118
     124
     118
     127
     111
     142
     112
     112
     129
     144
     102
     130
     117
     128
     112
     109
     122
     128
     144
     120
     110
     109
     104
     119
     105
     122
     119
     125
     127
     129
     120
     118
     129
     156
     143
     131
     164
     125
     142
     157
     136
     158
     169
     169
     172
     167
     176
     167
     212
     239
     212
     217
     265
     248
     301
     283
     297
     319
     333
     337
     330
     400
     404
     399
     448
     458
     503
     567
     570
     631
     655
     643
     647
     731
     745
     757
     814
     843
     854
     981
     987
     969
     994
    1059
    1076
    1109
    1138
    1199
    1272
    1242
    1242
    1321
    1255
    1302
    1350
    1374
    1332
    1329
    1321
    1383
    1374
    1291
    1304
    1326
    1267
    1277
    1277
    1340
    1306
    1158
    1174
    1211
    1094
    1086
     958
     977
     934
     870
     826
     824
     795
     697
     720
     650
     587
     572
     556
     546
     470
     438
     430
     383
     323
     324
     294
     263
     273
     228
     204
     202
     176
     163
     156
     160
     129
     123
     114
     103
     112
      94
      95
      86
      71
      95
      68
      60
      68
      49
      55
      55
      60
      56
      55
      52
      54
      55
      64
      55
      62
      54
      54
      38
      37
      57
      51
      44
      65
      39
      52
      52
      49
      54
      49
      51
      49
      55
      63
      48
      48
      43
      50
      44
      41
      48
      47
      38
      48
      55
      38
      48
      54
      52
      42
      38
      55
      50
      50
      42
      40
      35
      40
      51
      43
      51
      35
      36
      44
      49
      45
      59
      47
      49
      56
      38
      32
      49
      36
      49
      56
      67
      49
      36
      41
      57
      41
      43
      38
      44
      43
      47
      41
      62
      45
      49
      40
      35
      48
      37
      38
      38
      51
      41
      41
      34
      36
      47
      52
      48
      47
      48
      42
      49
      47
      46
      39
      43
      42
      41
      55
      40
      40
      44
      45
      32
      45
      42
      44
      35
      49
      44
      45
      36
      34
      43
      46
      25
      47
      48
      28
      51
      37
      50
      45
      35
      34
      52
      56
      47
      49
      38
      40
      48
      47
      46
      41
      35
      48
      45
      55
      38
      42
      47
      53
      39
      37
      41
      38
      31
      53
      46
      40
      39
      40
      36
      41
      51
      49
      41
      40
      45
      33
      33
      48
      49
      46
      40
      38
      54
      47
      35
      41
      45
      41
      58
      54
      54
      40
      46
      33
      43
      45
      37
      53
      45
      39
      60
      45
      50
      52
      43
      47
      59
      44
      46
      55
      30
      39
      42
      45
      47
      48
      46
      43
      36
      45
      45
      36
      33
      52
      54
      38
      32
      47
      36
      47
      37
      55
      50
      33
      45
      48
      44
      26
      52
      48
      56
      40
      49
      51
      45
      46
      59
      44
      43
      41
      53
      42
      43
      43
      45
      44
      45
      46
      50
      33
      47
      40
      49
      37
      51
      61
      37
      46
      57
      47
      57
      42
      50
      40
      53
      58
      38
      55
      46
      43
      49
      51
      47
      40
      45
      41
      33
      44
      45
      39
      60
      38
      42
      42
      46
      46
      34
      53
      59
      43
      46
      44
      56
      51
      39
      48
      49
      47
      49
      45
      49
      57
      55
      40
      45
      51
      43
      39
      47
      50
      44
      44
      56
      48
      45
      42
       5
       0
       0
       0
       0
       0
       0
       0
       0
       0
       0
       0
       0
       0
       0
       0
       0
       0
       0
       0
       0
       0
       0
       0
       0
       0
       0
       0
       0
       0
       0
       0
       0
       0
       0
       0
       0
       0
       0
       0
       0
       0
       0
       0
       0
       0
       0
       0
       0
       0
       0
       0
       0
       0
       0
       0
       0
       0
       0
       0
       0
       0
       0
       0
       0
       0
       0
       0
$ROI:
2
95 97
514 605
$PRESETS:
Real Time
200
0
$ENER_FIT:
-289.438599 1.280702
$MCA_CAL:
3
-2.894386E+002 1.280702E+000 0.000000E+000
$SHAPE_CAL:
3
0.000000E+000 0.000000E+000 0.000000E+000
