$SPEC_ID:
MEASURE 947.
$SPEC_REM:
DET# 1
DETDESC# MCB 25
AP# Maestro Version 6.05
$DATE_MEA:
04/08/2003 14:59:48
$MEAS_TIM:
196 200
$DATA:
0 1023
       0
       0
       0
       0
       0
       0
       0
       0
       0
       0
       0
       0
       0
       0
       0
       0
       0
       0
       0
       0
       0
       0
       0
       0
       0
       0
       0
       0
       0
       0
       0
       0
       0
       0
       0
       0
       0
       0
       0
       0
       0
       0
       0
       0
     103
     232
     269
     266
     301
     261
     254
     260
     282
     270
     321
     270
     270
     271
     283
     272
     260
     262
     315
     284
     306
     286
     310
     273
     303
     257
     313
     300
     320
     325
     332
     324
     354
     338
     355
     368
     367
     341
     341
     341
     360
     390
     386
     363
     387
     406
     394
     399
     426
     428
     421
     441
     391
     450
     474
     441
     456
     460
     466
     518
     478
     493
     487
     437
     529
     528
     548
     535
     513
     510
     478
     541
     524
     539
     506
     563
     545
     539
     567
     577
     544
     587
     558
     605
     603
     552
     589
     598
     586
     589
     586
     608
     623
     599
     601
     635
     623
     621
     593
     605
     625
     595
     616
     606
     642
     621
     600
     659
     626
     595
     589
     629
     599
     607
     646
     594
     659
     631
     609
     654
     622
     620
     678
     628
     587
     622
     625
     589
     647
     624
     618
     596
     634
     577
     637
     651
     652
     634
     569
     626
     623
     641
     650
     608
     595
     609
     621
     613
     632
     645
     685
     610
     637
     661
     683
     619
     615
     685
     663
     748
     698
     740
     728
     710
     766
     694
     703
     655
     694
     716
     697
     718
     707
     685
     692
     717
     684
     645
     655
     656
     657
     694
     607
     654
     648
     664
     582
     624
     644
     670
     630
     630
     591
     587
     597
     617
     613
     566
     574
     542
     588
     598
     563
     586
     580
     577
     575
     533
     546
     558
     552
     550
     532
     497
     590
     530
     569
     526
     563
     566
     519
     550
     502
     506
     510
     523
     488
     486
     481
     498
     471
     495
     501
     476
     495
     494
     505
     491
     490
     451
     440
     467
     489
     438
     444
     480
     422
     425
     456
     435
     426
     393
     481
     459
     457
     408
     427
     435
     411
     397
     377
     403
     392
     415
     411
     397
     400
     398
     409
     402
     412
     381
     431
     406
     363
     430
     388
     369
     359
     403
     359
     430
     382
     364
     379
     376
     353
     376
     405
     364
     359
     347
     390
     373
     367
     351
     382
     327
     347
     366
     322
     337
     370
     387
     332
     344
     339
     358
     377
     352
     323
     342
     328
     349
     310
     322
     336
     306
     293
     300
     315
     299
     269
     307
     275
     326
     283
     297
     291
     301
     311
     291
     269
     269
     267
     277
     267
     262
     238
     257
     238
     247
     270
     216
     248
     261
     227
     218
     222
     190
     216
     207
     217
     196
     166
     204
     195
     194
     190
     179
     209
     201
     208
     183
     174
     187
     176
     141
     177
     171
     188
     146
     169
     170
     162
     123
     165
     165
     152
     166
     153
     148
     140
     143
     141
     168
     129
     135
     146
     134
     142
     138
     137
     143
     140
     129
     133
     113
     129
     134
     154
     133
     107
     127
     128
     126
     134
     131
     137
     134
     121
     118
     136
     129
     133
     114
     124
     123
     123
     111
     123
     132
     106
     103
     125
     122
     120
     120
     100
     128
     106
     132
     117
     113
     119
     120
     111
     116
     118
     115
     100
     118
     131
     120
     109
     110
     124
     119
     104
     124
     129
     115
     117
     115
     123
     127
     118
     130
     119
     141
     111
     106
     121
     146
     122
     141
     132
     145
     169
     134
     159
     141
     158
     163
     138
     169
     158
     190
     197
     197
     193
     220
     225
     243
     232
     245
     251
     281
     285
     301
     300
     350
     392
     400
     416
     433
     444
     481
     532
     527
     537
     580
     654
     633
     720
     715
     727
     826
     792
     888
     851
     887
     993
    1004
    1068
    1081
    1119
    1090
    1159
    1201
    1193
    1203
    1207
    1284
    1280
    1300
    1283
    1339
    1350
    1363
    1315
    1346
    1402
    1282
    1311
    1298
    1287
    1326
    1310
    1258
    1223
    1203
    1190
    1128
    1030
    1010
    1001
     940
     929
     897
     804
     809
     777
     731
     690
     633
     634
     520
     533
     536
     495
     427
     430
     404
     372
     351
     320
     332
     277
     249
     238
     198
     190
     171
     175
     141
     134
     126
     126
     103
     105
     101
      95
      92
      76
      72
      79
      68
      59
      61
      63
      65
      55
      57
      41
      60
      55
      36
      51
      71
      55
      39
      52
      56
      48
      57
      40
      52
      43
      44
      56
      50
      61
      52
      56
      49
      37
      47
      57
      48
      32
      46
      59
      53
      46
      53
      39
      42
      53
      53
      39
      58
      47
      62
      67
      43
      35
      40
      53
      51
      44
      44
      51
      49
      51
      41
      47
      49
      38
      51
      48
      41
      52
      44
      35
      42
      46
      51
      45
      54
      45
      42
      49
      41
      45
      46
      40
      40
      56
      42
      46
      44
      53
      54
      46
      52
      44
      57
      52
      39
      55
      35
      39
      50
      50
      54
      51
      46
      50
      35
      41
      38
      41
      41
      40
      47
      40
      53
      44
      39
      44
      44
      34
      40
      57
      39
      51
      36
      60
      34
      37
      35
      45
      49
      34
      42
      33
      44
      46
      36
      47
      33
      40
      39
      32
      42
      52
      44
      45
      36
      41
      67
      37
      46
      46
      45
      34
      33
      55
      38
      38
      51
      42
      66
      40
      51
      48
      43
      48
      41
      55
      35
      42
      46
      32
      53
      47
      51
      39
      49
      41
      42
      55
      48
      51
      54
      39
      48
      49
      45
      51
      45
      47
      37
      53
      38
      47
      46
      45
      51
      28
      49
      37
      42
      28
      38
      52
      40
      48
      37
      45
      36
      46
      39
      39
      44
      39
      46
      39
      40
      48
      43
      45
      50
      51
      33
      45
      47
      45
      48
      50
      53
      35
      47
      49
      38
      57
      43
      47
      39
      46
      39
      59
      47
      46
      49
      43
      43
      35
      43
      41
      37
      42
      43
      42
      43
      48
      40
      43
      53
      50
      41
      41
      53
      34
      39
      38
      48
      50
      38
      43
      41
      71
      40
      29
      36
      45
      39
      40
      45
      47
      38
      40
      40
      44
      37
      40
      48
      44
      47
      41
      40
      34
      40
      36
      48
      57
      48
      46
      38
      42
      42
      49
      39
      59
      45
      52
      46
      48
      34
      45
      54
      43
      52
      46
      52
      42
      41
      46
      53
      65
      46
      50
      50
      50
      50
      45
      51
      55
      48
      54
      42
       2
       0
       0
       0
       0
       0
       0
       0
       0
       0
       0
       0
       0
       0
       0
       0
       0
       0
       0
       0
       0
       0
       0
       0
       0
       0
       0
       0
       0
       0
       0
       0
       0
       0
       0
       0
       0
       0
       0
       0
       0
       0
       0
       0
       0
       0
       0
       0
       0
       0
       0
       0
       0
       0
       0
       0
       0
       0
       0
       0
       0
       0
       0
       0
       0
       0
       0
       0
$ROI:
2
95 97
514 605
$PRESETS:
Real Time
200
0
$ENER_FIT:
-289.438599 1.280702
$MCA_CAL:
3
-2.894386E+002 1.280702E+000 0.000000E+000
$SHAPE_CAL:
3
0.000000E+000 0.000000E+000 0.000000E+000
