$SPEC_ID:
MEASURE 236.
$SPEC_REM:
DET# 1
DETDESC# MCB 25
AP# Maestro Version 6.05
$DATE_MEA:
04/09/2003 15:04:48
$MEAS_TIM:
196 200
$DATA:
0 1023
       0
       0
       0
       0
       0
       0
       0
       0
       0
       0
       0
       0
       0
       0
       0
       0
       0
       0
       0
       0
       0
       0
       0
       0
       0
       0
       0
       0
       0
       0
       0
       0
       0
       0
       0
       0
       0
       0
       0
       0
       0
       0
       0
       0
     102
     268
     244
     276
     298
     290
     247
     269
     289
     259
     296
     280
     261
     284
     261
     287
     300
     276
     264
     272
     319
     281
     290
     297
     321
     293
     281
     342
     351
     277
     335
     347
     337
     329
     337
     355
     325
     347
     355
     325
     380
     361
     374
     396
     401
     408
     422
     421
     375
     418
     387
     459
     413
     455
     450
     455
     485
     428
     420
     430
     490
     506
     464
     489
     490
     498
     513
     493
     518
     494
     528
     553
     516
     543
     553
     541
     518
     537
     566
     577
     591
     527
     573
     578
     560
     556
     571
     581
     609
     555
     611
     593
     621
     596
     586
     597
     606
     625
     626
     633
     621
     652
     601
     568
     626
     689
     649
     588
     590
     580
     609
     645
     627
     608
     605
     606
     595
     605
     627
     623
     615
     609
     658
     576
     622
     588
     605
     629
     633
     597
     593
     583
     562
     585
     649
     621
     628
     626
     575
     619
     627
     615
     605
     630
     604
     656
     614
     676
     623
     618
     646
     618
     643
     657
     685
     647
     679
     667
     702
     687
     713
     692
     713
     685
     684
     675
     721
     738
     716
     730
     693
     674
     721
     673
     711
     678
     675
     667
     722
     631
     652
     681
     655
     670
     661
     651
     639
     626
     580
     628
     600
     617
     602
     620
     589
     587
     595
     581
     599
     551
     550
     571
     544
     566
     545
     546
     579
     530
     542
     550
     582
     508
     545
     593
     538
     523
     551
     537
     521
     576
     518
     563
     537
     512
     512
     506
     532
     511
     526
     523
     427
     504
     488
     490
     473
     471
     497
     432
     494
     485
     446
     457
     457
     491
     436
     452
     480
     418
     420
     466
     443
     425
     404
     449
     426
     409
     355
     418
     420
     396
     450
     384
     403
     388
     380
     390
     410
     380
     433
     436
     413
     372
     378
     371
     369
     356
     377
     379
     391
     379
     395
     369
     403
     346
     432
     357
     385
     356
     375
     378
     347
     348
     355
     356
     370
     347
     358
     390
     365
     340
     353
     327
     372
     349
     372
     349
     373
     352
     359
     323
     316
     326
     340
     334
     355
     346
     331
     311
     340
     298
     318
     327
     313
     352
     290
     295
     307
     286
     288
     281
     307
     310
     311
     291
     275
     277
     261
     293
     278
     261
     234
     257
     252
     237
     208
     241
     246
     232
     230
     224
     209
     199
     190
     226
     214
     216
     207
     206
     188
     185
     157
     196
     194
     197
     184
     153
     164
     202
     183
     167
     181
     148
     164
     181
     160
     178
     161
     162
     154
     156
     146
     136
     156
     132
     163
     154
     137
     141
     149
     136
     125
     116
     146
     150
     119
     175
     149
     170
     142
     138
     136
     140
     127
     126
     146
     144
     128
     135
     136
     146
     133
     117
     137
     127
     142
     137
     107
     122
     117
     137
     114
     156
     118
     105
     134
     124
     116
     110
     101
     109
     141
     107
     100
     123
     111
     115
     113
     105
     108
     128
     120
     124
     128
     135
     109
     130
     130
     107
     124
     107
     109
     118
     117
     114
     126
     119
     122
     128
     120
     113
     127
     130
     126
     122
     108
     118
     128
     130
     139
     125
     146
     152
     137
     133
     144
     149
     168
     160
     141
     163
     176
     162
     203
     217
     219
     221
     233
     251
     236
     237
     258
     305
     305
     335
     348
     361
     369
     420
     395
     459
     435
     467
     519
     545
     545
     613
     636
     656
     688
     758
     767
     811
     840
     899
     867
     933
     888
     989
    1041
    1063
    1106
    1168
    1152
    1215
    1207
    1229
    1242
    1342
    1246
    1248
    1303
    1305
    1264
    1346
    1377
    1303
    1317
    1347
    1304
    1293
    1311
    1349
    1222
    1282
    1211
    1168
    1189
    1142
    1051
    1010
    1010
    1000
     934
     935
     844
     822
     797
     780
     694
     685
     586
     581
     530
     516
     460
     433
     410
     371
     381
     306
     328
     260
     266
     237
     244
     226
     218
     189
     168
     129
     128
     118
     114
     128
     123
     104
      95
      79
      79
      57
      60
      90
      68
      67
      70
      63
      65
      68
      48
      49
      48
      49
      55
      53
      43
      57
      61
      57
      37
      57
      55
      54
      48
      50
      44
      50
      59
      49
      66
      43
      40
      46
      52
      42
      57
      53
      67
      46
      48
      44
      54
      52
      62
      41
      47
      45
      48
      49
      49
      46
      56
      53
      44
      43
      55
      49
      44
      43
      46
      51
      49
      47
      35
      52
      56
      41
      52
      42
      38
      35
      42
      37
      40
      50
      47
      51
      51
      38
      53
      44
      44
      46
      35
      48
      35
      41
      58
      42
      35
      38
      50
      45
      48
      39
      57
      54
      45
      42
      50
      42
      54
      42
      51
      38
      39
      37
      47
      51
      53
      42
      50
      42
      44
      51
      44
      36
      47
      49
      44
      36
      59
      47
      52
      46
      34
      51
      35
      41
      42
      53
      38
      42
      52
      46
      52
      37
      45
      43
      38
      37
      40
      39
      41
      42
      53
      43
      46
      45
      45
      44
      39
      50
      49
      39
      40
      40
      43
      46
      39
      40
      46
      44
      38
      57
      45
      46
      45
      30
      40
      41
      25
      51
      35
      46
      43
      45
      34
      40
      35
      43
      38
      42
      52
      40
      46
      41
      43
      48
      33
      35
      47
      45
      53
      44
      43
      50
      55
      44
      37
      44
      41
      47
      37
      47
      34
      47
      53
      44
      41
      33
      44
      57
      45
      46
      45
      38
      50
      48
      43
      42
      38
      47
      43
      56
      37
      47
      40
      47
      59
      50
      56
      43
      47
      55
      49
      45
      34
      40
      53
      40
      40
      53
      44
      44
      45
      40
      36
      45
      42
      54
      52
      41
      51
      46
      42
      48
      54
      35
      46
      47
      47
      51
      54
      45
      48
      49
      45
      45
      47
      50
      44
      44
      48
      38
      52
      37
      51
      48
      51
      44
      55
      43
      37
      49
      44
      61
      46
      43
      45
      44
      50
      52
      42
      49
      46
      49
      48
      45
      41
      56
      47
      41
      56
      51
      68
      40
      39
      42
      28
      38
      38
      47
      56
      49
      43
      42
      49
      57
      50
      37
      38
      35
      30
       0
       0
       0
       0
       0
       0
       0
       0
       0
       0
       0
       0
       0
       0
       0
       0
       0
       0
       0
       0
       0
       0
       0
       0
       0
       0
       0
       0
       0
       0
       0
       0
       0
       0
       0
       0
       0
       0
       0
       0
       0
       0
       0
       0
       0
       0
       0
       0
       0
       0
       0
       0
       0
       0
       0
       0
       0
       0
       0
       0
       0
       0
       0
       0
       0
       0
       0
$ROI:
2
95 97
514 605
$PRESETS:
Real Time
200
0
$ENER_FIT:
-289.438599 1.280702
$MCA_CAL:
3
-2.894386E+002 1.280702E+000 0.000000E+000
$SHAPE_CAL:
3
0.000000E+000 0.000000E+000 0.000000E+000
