$SPEC_ID:
MEASURE 508.
$SPEC_REM:
DET# 1
DETDESC# MCB 25
AP# Maestro Version 6.05
$DATE_MEA:
04/07/2003 02:24:48
$MEAS_TIM:
196 200
$DATA:
0 1023
       0
       0
       0
       0
       0
       0
       0
       0
       0
       0
       0
       0
       0
       0
       0
       0
       0
       0
       0
       0
       0
       0
       0
       0
       0
       0
       0
       0
       0
       0
       0
       0
       0
       0
       0
       0
       0
       0
       0
       0
       0
       0
       0
       0
     109
     288
     278
     282
     283
     258
     264
     254
     296
     297
     281
     268
     267
     295
     277
     262
     277
     310
     266
     276
     291
     320
     272
     310
     302
     325
     298
     329
     287
     321
     330
     364
     345
     336
     365
     340
     389
     346
     346
     375
     355
     361
     401
     406
     441
     407
     396
     435
     428
     455
     462
     421
     435
     423
     464
     467
     462
     479
     488
     490
     519
     501
     486
     528
     484
     500
     565
     523
     560
     521
     503
     509
     518
     563
     548
     568
     562
     535
     606
     568
     569
     572
     544
     534
     588
     627
     568
     572
     589
     585
     586
     601
     632
     591
     598
     643
     591
     579
     644
     605
     599
     608
     609
     632
     637
     621
     676
     621
     640
     649
     645
     663
     614
     618
     638
     624
     641
     624
     644
     608
     603
     638
     595
     617
     643
     627
     630
     600
     614
     641
     598
     646
     599
     635
     620
     638
     626
     625
     617
     589
     612
     620
     669
     652
     616
     638
     630
     615
     670
     668
     669
     638
     704
     666
     717
     727
     669
     723
     726
     702
     693
     704
     756
     734
     710
     682
     704
     722
     699
     677
     728
     708
     696
     663
     686
     674
     658
     703
     676
     679
     637
     650
     632
     603
     605
     595
     677
     609
     628
     578
     606
     627
     591
     610
     590
     592
     592
     607
     601
     582
     569
     594
     570
     546
     594
     560
     526
     514
     582
     576
     496
     549
     538
     557
     509
     544
     541
     546
     523
     531
     478
     564
     526
     474
     515
     502
     540
     464
     497
     530
     484
     519
     445
     467
     451
     470
     438
     493
     503
     440
     456
     507
     421
     478
     438
     438
     443
     472
     484
     405
     460
     386
     431
     413
     410
     412
     376
     405
     430
     421
     395
     440
     428
     421
     412
     380
     371
     390
     384
     392
     382
     372
     384
     439
     376
     395
     388
     435
     381
     373
     394
     375
     345
     349
     376
     373
     354
     385
     408
     362
     382
     364
     368
     376
     385
     383
     345
     368
     396
     336
     368
     365
     331
     330
     330
     376
     346
     351
     324
     337
     312
     341
     304
     362
     310
     363
     336
     318
     340
     282
     309
     316
     317
     340
     321
     294
     304
     322
     311
     268
     301
     272
     269
     270
     262
     282
     278
     268
     230
     230
     231
     252
     264
     234
     234
     259
     243
     223
     185
     222
     212
     218
     212
     193
     200
     207
     194
     193
     188
     216
     171
     194
     161
     182
     170
     195
     145
     174
     183
     128
     139
     161
     180
     176
     152
     174
     162
     153
     156
     156
     145
     167
     144
     143
     148
     144
     138
     146
     134
     165
     164
     134
     127
     140
     139
     131
     119
     144
     130
     150
     135
     138
     143
     135
     142
     140
     123
     134
     120
     130
     119
     117
     127
     155
     126
     126
     130
     131
     118
      90
     119
     133
     130
     130
     127
     129
      97
     112
     117
     117
     149
     102
     123
     114
     124
     122
     100
     130
     142
     127
     133
     122
     112
     122
     122
     133
     107
     109
     146
     127
     112
     114
      99
     136
     124
      93
     125
     124
     119
     128
     113
     128
     111
     132
     137
     129
     132
     134
     139
     123
     142
     132
     148
     178
     188
     170
     157
     166
     171
     208
     204
     238
     233
     232
     238
     248
     280
     293
     324
     316
     316
     366
     384
     424
     457
     454
     453
     510
     570
     538
     586
     578
     645
     666
     725
     753
     802
     805
     857
     932
     941
     966
     995
    1062
    1124
    1018
    1132
    1140
    1183
    1165
    1237
    1266
    1241
    1321
    1363
    1301
    1308
    1308
    1335
    1331
    1389
    1407
    1409
    1335
    1344
    1297
    1331
    1252
    1280
    1246
    1199
    1180
    1138
    1056
    1090
    1019
     962
     943
     886
     816
     821
     768
     731
     710
     674
     614
     576
     571
     531
     449
     456
     417
     404
     375
     341
     323
     287
     257
     229
     232
     212
     203
     169
     161
     133
     132
     137
     132
     102
     114
     112
      86
      89
      66
      75
      60
      53
      69
      60
      74
      62
      62
      71
      56
      55
      51
      55
      38
      56
      46
      53
      40
      43
      65
      52
      47
      47
      55
      39
      42
      42
      42
      53
      47
      54
      46
      60
      35
      46
      58
      55
      44
      54
      65
      46
      57
      47
      65
      55
      41
      59
      55
      56
      53
      46
      51
      48
      34
      53
      49
      41
      57
      49
      40
      48
      48
      48
      45
      52
      56
      48
      50
      49
      45
      48
      61
      44
      44
      59
      48
      46
      47
      39
      47
      45
      52
      40
      37
      44
      41
      55
      47
      44
      51
      47
      53
      45
      52
      47
      42
      47
      37
      53
      50
      44
      39
      48
      50
      53
      40
      44
      53
      35
      45
      46
      42
      51
      35
      45
      44
      43
      42
      50
      28
      39
      50
      44
      47
      50
      44
      44
      41
      44
      51
      52
      38
      43
      35
      43
      40
      32
      40
      40
      36
      46
      38
      46
      46
      45
      50
      53
      39
      62
      30
      57
      53
      31
      51
      39
      34
      36
      41
      47
      47
      46
      36
      49
      43
      44
      40
      44
      52
      33
      50
      49
      47
      41
      56
      43
      43
      52
      47
      46
      44
      40
      53
      50
      50
      47
      49
      54
      45
      33
      55
      27
      38
      46
      42
      50
      49
      33
      45
      40
      40
      48
      45
      53
      42
      56
      49
      38
      52
      39
      40
      34
      44
      47
      48
      59
      39
      47
      47
      38
      35
      54
      44
      40
      39
      46
      52
      37
      43
      38
      57
      43
      42
      48
      31
      40
      43
      40
      53
      40
      57
      46
      45
      44
      49
      41
      46
      37
      45
      44
      51
      45
      52
      47
      51
      53
      48
      40
      43
      40
      41
      38
      55
      36
      45
      46
      38
      45
      39
      39
      41
      54
      51
      49
      49
      48
      43
      46
      49
      49
      48
      44
      39
      43
      61
      36
      47
      43
      44
      45
      47
      47
      46
      29
      43
      47
      33
      55
      39
      54
      39
      52
      40
      42
      51
      48
      40
      37
      55
      39
      61
      40
      49
      43
      51
      54
      47
      41
      58
      35
      55
      45
      46
      37
      41
      58
      39
      53
      41
       8
       0
       0
       0
       0
       0
       0
       0
       0
       0
       0
       0
       0
       0
       0
       0
       0
       0
       0
       0
       0
       0
       0
       0
       0
       0
       0
       0
       0
       0
       0
       0
       0
       0
       0
       0
       0
       0
       0
       0
       0
       0
       0
       0
       0
       0
       0
       0
       0
       0
       0
       0
       0
       0
       0
       0
       0
       0
       0
       0
       0
       0
       0
       0
       0
       0
       0
       0
$ROI:
2
95 97
514 605
$PRESETS:
Real Time
200
0
$ENER_FIT:
-289.438599 1.280702
$MCA_CAL:
3
-2.894386E+002 1.280702E+000 0.000000E+000
$SHAPE_CAL:
3
0.000000E+000 0.000000E+000 0.000000E+000
