$SPEC_ID:
MEASURE 881.
$SPEC_REM:
DET# 1
DETDESC# MCB 25
AP# Maestro Version 6.05
$DATE_MEA:
04/08/2003 09:29:48
$MEAS_TIM:
196 200
$DATA:
0 1023
       0
       0
       0
       0
       0
       0
       0
       0
       0
       0
       0
       0
       0
       0
       0
       0
       0
       0
       0
       0
       0
       0
       0
       0
       0
       0
       0
       0
       0
       0
       0
       0
       0
       0
       0
       0
       0
       0
       0
       0
       0
       0
       0
       0
     127
     270
     259
     258
     269
     285
     245
     282
     268
     321
     269
     275
     284
     274
     298
     273
     290
     261
     283
     292
     292
     313
     291
     302
     287
     303
     351
     278
     316
     317
     327
     333
     320
     335
     327
     323
     362
     366
     347
     413
     382
     381
     384
     370
     425
     397
     392
     427
     434
     434
     372
     429
     450
     413
     460
     466
     473
     471
     489
     500
     459
     495
     503
     486
     528
     524
     524
     488
     552
     552
     463
     541
     519
     528
     514
     575
     550
     565
     552
     542
     572
     565
     521
     640
     592
     551
     557
     568
     642
     561
     572
     626
     580
     566
     616
     615
     613
     622
     619
     653
     612
     606
     601
     614
     668
     594
     639
     632
     626
     620
     594
     658
     648
     672
     645
     634
     616
     611
     606
     562
     610
     613
     622
     628
     656
     603
     609
     687
     570
     633
     592
     556
     661
     588
     601
     628
     643
     653
     650
     615
     651
     600
     665
     646
     666
     642
     596
     621
     614
     639
     649
     688
     646
     689
     679
     673
     706
     703
     619
     732
     713
     713
     707
     692
     700
     713
     699
     706
     715
     674
     684
     646
     715
     673
     704
     695
     692
     690
     609
     675
     664
     641
     641
     605
     604
     620
     621
     622
     614
     666
     615
     622
     599
     586
     628
     603
     595
     612
     606
     574
     602
     567
     555
     570
     547
     535
     534
     514
     540
     539
     565
     553
     506
     551
     518
     518
     538
     504
     489
     525
     547
     502
     513
     508
     529
     497
     449
     505
     496
     477
     503
     499
     466
     468
     480
     477
     450
     495
     429
     448
     426
     433
     479
     446
     455
     472
     479
     441
     417
     487
     433
     423
     411
     454
     420
     456
     430
     375
     457
     433
     379
     399
     418
     393
     390
     385
     445
     372
     411
     424
     388
     367
     407
     386
     389
     402
     373
     363
     399
     392
     375
     398
     399
     377
     419
     381
     406
     366
     346
     360
     376
     361
     377
     350
     360
     332
     362
     337
     344
     338
     388
     353
     354
     321
     349
     378
     358
     330
     317
     345
     353
     299
     341
     309
     353
     345
     306
     329
     300
     290
     318
     307
     318
     267
     353
     302
     291
     273
     289
     280
     266
     252
     257
     330
     237
     265
     268
     280
     247
     275
     260
     231
     233
     215
     227
     208
     227
     211
     202
     203
     204
     187
     205
     204
     235
     197
     170
     203
     195
     188
     192
     203
     205
     194
     179
     171
     181
     192
     155
     152
     163
     169
     169
     151
     175
     170
     168
     157
     166
     143
     158
     160
     166
     146
     154
     160
     123
     149
     147
     136
     179
     125
     124
     133
     155
     146
     142
     126
     134
     138
     123
     134
     132
     120
     118
     119
     113
     133
     141
     127
     142
     132
     134
     136
     130
     121
     131
     153
     117
     119
     136
     129
     117
     108
     125
     128
     123
     116
     109
     118
     116
     115
     121
     128
     135
     124
     121
     135
     116
     112
     123
     137
     102
     121
     122
     113
     118
     113
     109
     126
     103
     124
     137
     104
     130
     141
     134
     102
     114
     118
     128
     117
     129
     129
     114
     140
     143
     145
     127
     151
     130
     143
     158
     157
     177
     174
     161
     168
     184
     205
     217
     169
     233
     248
     219
     274
     260
     273
     282
     294
     344
     377
     329
     382
     410
     443
     462
     493
     503
     537
     565
     615
     613
     658
     683
     713
     779
     744
     834
     866
     901
     962
     900
     994
    1093
    1085
    1096
    1119
    1157
    1198
    1176
    1248
    1269
    1265
    1297
    1314
    1334
    1372
    1356
    1337
    1350
    1377
    1296
    1291
    1327
    1356
    1251
    1319
    1293
    1210
    1221
    1189
    1162
    1153
    1067
    1048
     997
     995
     934
     900
     890
     786
     790
     730
     690
     674
     623
     598
     533
     496
     451
     455
     450
     432
     327
     351
     317
     271
     287
     235
     237
     203
     197
     175
     176
     136
     135
     144
     107
     121
     100
      98
      93
      65
      75
      75
      77
      75
      65
      60
      68
      64
      47
      55
      71
      62
      45
      50
      61
      57
      61
      55
      64
      41
      43
      52
      46
      55
      56
      53
      51
      57
      42
      38
      60
      51
      41
      54
      45
      54
      43
      39
      44
      45
      45
      53
      50
      70
      57
      42
      39
      45
      58
      59
      55
      34
      45
      36
      47
      43
      41
      36
      34
      61
      38
      50
      50
      45
      50
      50
      52
      50
      55
      52
      43
      51
      42
      37
      44
      38
      61
      63
      51
      51
      42
      50
      50
      55
      54
      46
      54
      52
      45
      42
      50
      48
      45
      39
      44
      32
      35
      32
      46
      35
      44
      59
      44
      42
      52
      48
      58
      44
      54
      37
      32
      42
      52
      50
      47
      41
      48
      42
      49
      52
      42
      53
      45
      44
      46
      43
      38
      42
      49
      52
      47
      54
      40
      43
      50
      37
      40
      41
      40
      35
      45
      40
      39
      41
      44
      41
      42
      47
      38
      38
      38
      53
      40
      49
      44
      49
      33
      38
      38
      42
      49
      33
      45
      35
      42
      44
      47
      41
      49
      48
      40
      46
      45
      43
      42
      49
      41
      47
      31
      41
      52
      35
      45
      40
      42
      59
      39
      48
      40
      43
      44
      45
      47
      47
      48
      45
      29
      43
      46
      57
      45
      54
      49
      51
      52
      37
      44
      39
      50
      43
      43
      50
      39
      46
      58
      40
      48
      39
      44
      54
      47
      47
      45
      47
      52
      54
      50
      39
      47
      29
      41
      38
      34
      42
      41
      39
      51
      41
      44
      64
      39
      43
      44
      49
      36
      45
      43
      41
      46
      45
      37
      53
      46
      56
      44
      44
      38
      40
      39
      35
      53
      51
      44
      42
      41
      39
      49
      42
      40
      45
      43
      46
      41
      48
      43
      42
      54
      24
      37
      45
      36
      41
      50
      44
      41
      54
      52
      42
      40
      55
      46
      43
      38
      43
      49
      47
      39
      50
      50
      41
      42
      52
      44
      35
      46
      42
      43
      45
      46
      41
      51
      52
      43
      40
      38
      39
      37
      47
      46
      58
      50
      48
      32
      52
      54
      44
      46
      30
       1
       0
       0
       0
       0
       0
       0
       0
       0
       0
       0
       0
       0
       0
       0
       0
       0
       0
       0
       0
       0
       0
       0
       0
       0
       0
       0
       0
       0
       0
       0
       0
       0
       0
       0
       0
       0
       0
       0
       0
       0
       0
       0
       0
       0
       0
       0
       0
       0
       0
       0
       0
       0
       0
       0
       0
       0
       0
       0
       0
       0
       0
       0
       0
       0
       0
       0
       0
$ROI:
2
95 97
514 605
$PRESETS:
Real Time
200
0
$ENER_FIT:
-289.438599 1.280702
$MCA_CAL:
3
-2.894386E+002 1.280702E+000 0.000000E+000
$SHAPE_CAL:
3
0.000000E+000 0.000000E+000 0.000000E+000
