$SPEC_ID:
MEASURE 909.
$SPEC_REM:
DET# 1
DETDESC# MCB 25
AP# Maestro Version 6.05
$DATE_MEA:
04/08/2003 11:49:48
$MEAS_TIM:
196 200
$DATA:
0 1023
       0
       0
       0
       0
       0
       0
       0
       0
       0
       0
       0
       0
       0
       0
       0
       0
       0
       0
       0
       0
       0
       0
       0
       0
       0
       0
       0
       0
       0
       0
       0
       0
       0
       0
       0
       0
       0
       0
       0
       0
       0
       0
       0
       0
     120
     248
     244
     279
     246
     259
     270
     257
     273
     264
     254
     283
     265
     286
     280
     276
     286
     315
     265
     296
     319
     288
     295
     313
     347
     333
     305
     319
     345
     343
     324
     312
     338
     360
     337
     355
     352
     355
     363
     351
     375
     341
     373
     384
     398
     411
     393
     398
     417
     425
     413
     432
     492
     464
     466
     485
     439
     499
     511
     471
     470
     536
     477
     465
     497
     537
     494
     534
     551
     465
     522
     528
     557
     531
     520
     550
     543
     566
     597
     549
     553
     575
     571
     561
     578
     571
     597
     600
     604
     580
     594
     603
     629
     585
     639
     644
     569
     628
     638
     590
     600
     635
     547
     651
     582
     625
     610
     597
     657
     621
     660
     609
     588
     617
     589
     638
     579
     669
     616
     631
     648
     678
     625
     626
     607
     617
     633
     583
     628
     638
     646
     637
     614
     613
     617
     608
     588
     636
     665
     607
     595
     630
     587
     596
     679
     623
     648
     649
     673
     664
     672
     646
     632
     740
     692
     690
     678
     738
     675
     649
     712
     746
     733
     724
     727
     745
     702
     733
     690
     683
     677
     684
     637
     770
     693
     640
     676
     698
     651
     669
     647
     693
     631
     624
     663
     595
     573
     599
     658
     606
     613
     596
     595
     606
     607
     580
     580
     550
     590
     519
     590
     559
     529
     587
     552
     560
     525
     569
     547
     554
     562
     596
     552
     523
     517
     533
     494
     553
     539
     532
     509
     541
     575
     513
     497
     471
     510
     528
     471
     510
     500
     491
     505
     522
     474
     454
     495
     418
     514
     477
     467
     467
     460
     447
     411
     446
     440
     422
     497
     460
     426
     409
     426
     426
     442
     444
     408
     402
     401
     441
     422
     397
     452
     406
     419
     359
     394
     402
     398
     378
     367
     416
     408
     364
     359
     379
     404
     386
     415
     355
     358
     386
     347
     389
     367
     379
     393
     392
     332
     381
     372
     362
     353
     368
     363
     371
     353
     365
     354
     342
     328
     340
     358
     347
     363
     311
     335
     330
     361
     337
     356
     334
     367
     313
     340
     320
     307
     314
     303
     308
     291
     305
     283
     322
     314
     292
     305
     273
     290
     263
     294
     266
     290
     256
     259
     236
     264
     262
     263
     265
     260
     239
     248
     239
     219
     228
     214
     238
     171
     223
     213
     217
     193
     209
     212
     198
     201
     182
     234
     207
     201
     201
     171
     158
     182
     172
     162
     166
     170
     168
     162
     170
     160
     161
     130
     160
     171
     165
     176
     154
     164
     138
     159
     161
     152
     135
     166
     141
     162
     139
     145
     128
     156
     126
     126
     136
     144
     130
     139
     133
     107
     141
     148
     153
     130
     136
     130
     123
     137
     123
     111
      90
     122
     116
     122
     117
     125
      97
     128
     110
     129
     135
     135
     121
     120
     118
     128
     107
     113
     104
     135
     116
     139
     124
     121
     125
     127
     121
     135
     102
     119
     124
      89
     118
     122
     125
     115
     130
     111
     103
     113
     118
     135
     120
     107
     130
     116
     141
     116
     151
     113
     128
     132
     153
     141
     142
     135
     126
     133
     151
     166
     147
     143
     161
     159
     162
     177
     177
     149
     198
     205
     215
     216
     243
     227
     274
     257
     290
     308
     317
     343
     377
     332
     396
     444
     397
     479
     497
     553
     555
     601
     605
     654
     646
     710
     690
     730
     810
     814
     901
     855
     881
     969
     993
    1076
    1038
    1066
    1119
    1212
    1204
    1215
    1237
    1268
    1208
    1208
    1224
    1390
    1308
    1324
    1426
    1336
    1259
    1336
    1328
    1320
    1300
    1307
    1264
    1231
    1197
    1208
    1199
    1208
    1093
    1082
    1072
    1047
     970
     918
     970
     906
     769
     778
     724
     724
     648
     618
     570
     518
     517
     434
     402
     418
     373
     343
     300
     301
     290
     269
     248
     230
     193
     193
     178
     178
     152
     139
     136
     101
     109
     103
     109
      94
      82
      78
      76
      63
      78
      62
      60
      43
      62
      66
      61
      53
      57
      66
      51
      45
      55
      52
      39
      56
      71
      46
      45
      50
      50
      58
      44
      56
      51
      49
      45
      52
      41
      43
      54
      43
      42
      50
      42
      53
      31
      42
      58
      53
      52
      52
      56
      50
      52
      53
      47
      41
      51
      49
      39
      47
      45
      47
      43
      47
      68
      47
      47
      39
      49
      40
      41
      50
      39
      52
      45
      43
      47
      44
      41
      44
      57
      39
      53
      40
      36
      43
      54
      36
      55
      44
      57
      56
      53
      47
      41
      53
      46
      47
      35
      37
      53
      38
      53
      48
      45
      39
      38
      49
      32
      51
      39
      51
      40
      42
      56
      48
      47
      49
      51
      42
      44
      32
      45
      47
      45
      44
      36
      39
      49
      40
      39
      40
      49
      40
      52
      36
      39
      52
      31
      36
      46
      31
      50
      49
      46
      35
      43
      46
      45
      51
      45
      47
      46
      41
      36
      48
      37
      48
      52
      42
      44
      40
      39
      37
      54
      50
      54
      40
      48
      38
      38
      42
      48
      47
      42
      39
      48
      38
      49
      47
      33
      57
      49
      50
      40
      52
      40
      42
      44
      31
      45
      42
      42
      52
      32
      37
      39
      42
      43
      52
      33
      39
      33
      44
      44
      38
      32
      46
      39
      46
      44
      49
      54
      31
      47
      38
      51
      38
      50
      48
      47
      50
      47
      41
      45
      42
      48
      45
      54
      55
      35
      48
      44
      34
      41
      49
      49
      41
      57
      40
      44
      41
      48
      40
      45
      38
      52
      64
      40
      36
      58
      44
      43
      52
      38
      36
      47
      44
      27
      49
      33
      55
      42
      45
      39
      48
      43
      49
      60
      41
      39
      43
      44
      37
      45
      37
      47
      45
      49
      54
      29
      44
      43
      56
      41
      45
      49
      33
      35
      47
      46
      44
      57
      39
      43
      59
      46
      38
      43
      51
      42
      52
      66
      43
      46
      53
      56
      55
      58
      47
      43
      47
      59
      48
      46
      52
      50
      55
      40
      50
      54
      51
      50
      36
      53
      38
      44
      46
      50
      56
      43
      57
      37
       2
       0
       0
       0
       0
       0
       0
       0
       0
       0
       0
       0
       0
       0
       0
       0
       0
       0
       0
       0
       0
       0
       0
       0
       0
       0
       0
       0
       0
       0
       0
       0
       0
       0
       0
       0
       0
       0
       0
       0
       0
       0
       0
       0
       0
       0
       0
       0
       0
       0
       0
       0
       0
       0
       0
       0
       0
       0
       0
       0
       0
       0
       0
       0
       0
       0
       0
       0
$ROI:
2
95 97
514 605
$PRESETS:
Real Time
200
0
$ENER_FIT:
-289.438599 1.280702
$MCA_CAL:
3
-2.894386E+002 1.280702E+000 0.000000E+000
$SHAPE_CAL:
3
0.000000E+000 0.000000E+000 0.000000E+000
