$SPEC_ID:
MEASURE 160.
$SPEC_REM:
DET# 1
DETDESC# MCB 25
AP# Maestro Version 6.05
$DATE_MEA:
04/09/2003 08:44:48
$MEAS_TIM:
196 200
$DATA:
0 1023
       0
       0
       0
       0
       0
       0
       0
       0
       0
       0
       0
       0
       0
       0
       0
       0
       0
       0
       0
       0
       0
       0
       0
       0
       0
       0
       0
       0
       0
       0
       0
       0
       0
       0
       0
       0
       0
       0
       0
       0
       0
       0
       0
       0
     119
     265
     259
     289
     269
     260
     276
     283
     274
     256
     265
     263
     274
     283
     285
     234
     305
     247
     304
     299
     285
     272
     269
     312
     319
     290
     301
     305
     311
     303
     324
     304
     340
     359
     331
     350
     347
     380
     371
     383
     366
     379
     391
     354
     421
     412
     389
     386
     402
     410
     444
     450
     444
     460
     409
     455
     481
     467
     479
     489
     507
     451
     484
     509
     478
     517
     499
     491
     478
     534
     545
     494
     558
     541
     547
     568
     564
     488
     500
     532
     560
     586
     568
     563
     579
     553
     586
     600
     572
     622
     566
     542
     600
     566
     580
     595
     609
     630
     637
     625
     634
     591
     592
     654
     605
     610
     649
     631
     574
     639
     668
     587
     623
     614
     619
     573
     611
     588
     605
     565
     635
     619
     617
     579
     585
     664
     648
     605
     603
     592
     578
     622
     625
     564
     639
     604
     597
     609
     624
     620
     630
     578
     575
     661
     606
     646
     595
     639
     618
     659
     650
     699
     664
     659
     667
     661
     663
     619
     698
     638
     680
     697
     704
     695
     681
     713
     739
     709
     681
     688
     683
     692
     712
     677
     736
     652
     678
     687
     664
     657
     692
     643
     634
     629
     673
     608
     608
     605
     621
     625
     587
     630
     648
     596
     575
     595
     576
     613
     584
     550
     575
     548
     559
     525
     546
     549
     581
     529
     557
     550
     562
     530
     533
     514
     513
     495
     524
     544
     507
     511
     537
     562
     490
     505
     502
     494
     483
     492
     542
     519
     537
     470
     457
     449
     486
     461
     464
     475
     447
     425
     459
     449
     470
     498
     412
     437
     460
     420
     471
     418
     456
     410
     443
     433
     416
     426
     381
     433
     420
     429
     430
     400
     350
     401
     390
     375
     345
     387
     399
     390
     397
     432
     391
     407
     395
     387
     384
     393
     379
     424
     396
     350
     378
     378
     378
     404
     378
     356
     405
     372
     350
     343
     352
     410
     357
     340
     357
     382
     353
     391
     345
     360
     365
     352
     318
     366
     339
     346
     325
     320
     330
     330
     352
     313
     344
     311
     356
     337
     335
     318
     314
     324
     324
     317
     297
     290
     276
     286
     276
     254
     274
     275
     278
     295
     277
     277
     255
     244
     262
     219
     243
     241
     234
     246
     231
     245
     237
     202
     193
     223
     195
     193
     184
     201
     206
     182
     183
     194
     197
     186
     187
     199
     196
     164
     185
     177
     163
     152
     182
     180
     183
     167
     171
     168
     149
     139
     159
     162
     155
     173
     151
     157
     160
     154
     164
     172
     155
     149
     158
     147
     156
     160
     141
     139
     143
     145
     137
     130
     130
     136
     121
     140
     139
     150
     149
     127
     131
     141
     141
     143
     125
     147
     118
     122
     127
     121
     127
     120
     106
     122
     113
     121
     112
     131
     106
     123
     109
     143
     118
     115
     138
     118
     101
     117
     133
     112
     124
     145
     123
     114
     112
     115
     117
      95
     116
     110
     101
     131
      93
     110
     124
     108
     115
     117
     105
     130
     124
      97
     129
     124
     135
     120
     120
     134
     142
     119
     110
     134
     158
     135
     164
     127
     149
     154
     151
     166
     144
     171
     207
     189
     197
     191
     245
     224
     222
     224
     250
     248
     302
     273
     281
     329
     328
     354
     390
     398
     448
     418
     510
     488
     536
     567
     558
     611
     623
     665
     700
     658
     779
     815
     823
     884
     897
     918
     978
     973
    1062
    1058
    1104
    1144
    1149
    1194
    1209
    1249
    1182
    1301
    1354
    1306
    1310
    1306
    1381
    1323
    1336
    1367
    1369
    1325
    1301
    1277
    1288
    1294
    1263
    1223
    1164
    1242
    1154
    1102
    1078
    1012
     994
     972
     862
     856
     802
     866
     739
     697
     660
     652
     587
     616
     543
     485
     478
     433
     429
     404
     359
     316
     295
     303
     311
     260
     249
     222
     173
     173
     172
     147
     113
     106
     130
     109
     133
      87
      89
      82
      96
      72
      66
      82
      81
      74
      59
      61
      53
      62
      52
      48
      51
      50
      45
      63
      52
      55
      60
      56
      62
      54
      61
      40
      60
      49
      48
      44
      53
      43
      59
      59
      53
      42
      43
      46
      61
      49
      59
      38
      46
      41
      41
      40
      53
      42
      44
      48
      51
      51
      44
      50
      47
      34
      48
      40
      60
      43
      59
      54
      47
      41
      45
      52
      32
      31
      43
      51
      48
      42
      44
      48
      48
      49
      29
      40
      53
      53
      42
      46
      43
      47
      45
      35
      53
      46
      52
      48
      37
      50
      49
      46
      47
      38
      48
      51
      47
      45
      49
      62
      43
      41
      40
      56
      47
      49
      48
      48
      57
      41
      45
      43
      47
      35
      41
      46
      45
      39
      41
      32
      44
      48
      43
      45
      36
      45
      44
      50
      45
      32
      48
      45
      41
      41
      40
      40
      43
      47
      41
      39
      52
      35
      49
      48
      39
      43
      34
      45
      44
      43
      38
      43
      47
      52
      48
      52
      39
      50
      30
      44
      44
      38
      47
      41
      58
      36
      34
      39
      41
      43
      46
      46
      39
      39
      41
      46
      49
      49
      42
      34
      41
      37
      50
      41
      38
      60
      42
      51
      43
      37
      52
      38
      38
      40
      40
      48
      42
      39
      56
      38
      49
      41
      54
      61
      39
      35
      51
      47
      55
      42
      49
      44
      40
      35
      44
      47
      45
      45
      50
      43
      46
      45
      48
      47
      52
      40
      51
      33
      43
      56
      46
      40
      56
      53
      63
      40
      45
      45
      34
      52
      46
      54
      46
      46
      55
      43
      38
      51
      54
      42
      50
      60
      55
      42
      43
      45
      39
      44
      44
      45
      42
      38
      38
      43
      55
      45
      46
      41
      44
      36
      46
      42
      48
      38
      42
      43
      43
      39
      38
      47
      45
      55
      24
      40
      44
      47
      41
      49
      34
      49
      40
      47
      39
      45
      51
      46
      42
      43
      47
      38
      44
      40
      45
      41
      44
      48
      45
      39
      40
      49
      50
      46
      36
      45
      48
      53
      43
      39
      47
      36
      37
      47
      40
      44
      44
      50
      23
       2
       0
       0
       0
       0
       0
       0
       0
       0
       0
       0
       0
       0
       0
       0
       0
       0
       0
       0
       0
       0
       0
       0
       0
       0
       0
       0
       0
       0
       0
       0
       0
       0
       0
       0
       0
       0
       0
       0
       0
       0
       0
       0
       0
       0
       0
       0
       0
       0
       0
       0
       0
       0
       0
       0
       0
       0
       0
       0
       0
       0
       0
       0
       0
       0
       0
       0
$ROI:
2
95 97
514 605
$PRESETS:
Real Time
200
0
$ENER_FIT:
-289.438599 1.280702
$MCA_CAL:
3
-2.894386E+002 1.280702E+000 0.000000E+000
$SHAPE_CAL:
3
0.000000E+000 0.000000E+000 0.000000E+000
