$SPEC_ID:
MEASURE 227.
$SPEC_REM:
DET# 1
DETDESC# MCB 25
AP# Maestro Version 6.05
$DATE_MEA:
04/09/2003 14:19:48
$MEAS_TIM:
196 200
$DATA:
0 1023
       0
       0
       0
       0
       0
       0
       0
       0
       0
       0
       0
       0
       0
       0
       0
       0
       0
       0
       0
       0
       0
       0
       0
       0
       0
       0
       0
       0
       0
       0
       0
       0
       0
       0
       0
       0
       0
       0
       0
       0
       0
       0
       0
       0
     106
     271
     247
     262
     258
     293
     258
     257
     307
     294
     258
     284
     254
     261
     280
     277
     264
     281
     305
     296
     264
     281
     315
     292
     327
     346
     287
     312
     302
     336
     327
     323
     335
     333
     337
     299
     349
     346
     344
     388
     351
     391
     378
     391
     372
     395
     410
     421
     401
     435
     436
     442
     418
     406
     455
     439
     444
     489
     440
     512
     445
     508
     485
     496
     502
     480
     553
     502
     482
     507
     552
     489
     567
     517
     530
     541
     536
     576
     539
     558
     560
     546
     559
     562
     624
     582
     573
     561
     611
     569
     597
     586
     595
     624
     608
     555
     621
     629
     611
     623
     596
     596
     592
     613
     627
     612
     634
     580
     629
     626
     601
     624
     609
     642
     617
     594
     607
     613
     626
     613
     610
     605
     640
     562
     629
     609
     590
     637
     627
     663
     609
     625
     625
     619
     620
     610
     685
     642
     641
     646
     604
     642
     659
     631
     602
     615
     659
     633
     669
     628
     688
     628
     632
     655
     671
     665
     684
     726
     714
     687
     683
     673
     692
     699
     706
     712
     704
     692
     735
     721
     701
     672
     664
     689
     652
     696
     680
     689
     672
     672
     682
     672
     692
     616
     672
     644
     664
     608
     625
     633
     603
     627
     621
     593
     612
     596
     564
     553
     606
     619
     580
     600
     600
     553
     559
     537
     555
     510
     560
     534
     532
     541
     568
     539
     526
     526
     521
     519
     555
     499
     564
     502
     497
     528
     516
     553
     502
     498
     515
     493
     486
     472
     493
     501
     492
     517
     458
     498
     456
     491
     446
     429
     446
     436
     439
     428
     431
     461
     455
     470
     400
     462
     403
     402
     436
     421
     466
     428
     419
     452
     397
     433
     395
     426
     396
     402
     411
     382
     394
     390
     373
     432
     366
     380
     393
     396
     349
     384
     389
     381
     332
     365
     381
     372
     357
     386
     364
     383
     362
     377
     387
     366
     350
     364
     401
     360
     337
     352
     378
     350
     344
     342
     360
     351
     343
     352
     354
     347
     311
     330
     345
     346
     375
     378
     309
     343
     331
     333
     310
     339
     330
     322
     326
     312
     287
     319
     271
     259
     300
     339
     286
     272
     264
     284
     233
     279
     239
     262
     242
     223
     259
     244
     252
     217
     237
     227
     225
     222
     223
     189
     231
     217
     239
     201
     199
     186
     212
     197
     175
     177
     213
     204
     194
     175
     178
     161
     181
     179
     199
     186
     146
     155
     170
     166
     162
     182
     148
     178
     142
     159
     159
     140
     159
     149
     142
     150
     164
     160
     156
     135
     139
     141
     158
     120
     132
     162
     120
     149
     129
     128
     134
     156
     117
     117
     138
     145
     137
     141
     116
     122
     112
     132
     138
     152
     125
     127
     137
     145
     115
     120
     108
     132
     122
     113
     129
     109
     112
     116
     116
     110
     118
     121
     122
     128
     116
     102
     122
     137
     108
     121
     106
     107
     115
     114
     112
     104
     121
     129
     123
     130
     118
     111
     117
     120
     112
     119
     114
     114
     125
     121
     131
     128
     109
     114
     117
     108
     129
     141
     127
     121
      98
     148
     137
     130
     138
     123
     145
     163
     176
     166
     190
     223
     206
     197
     213
     215
     230
     227
     220
     264
     264
     265
     294
     309
     334
     352
     365
     362
     464
     447
     426
     530
     498
     532
     519
     590
     616
     716
     658
     758
     725
     803
     801
     909
     901
     927
     957
     980
     960
    1032
    1089
    1109
    1224
    1170
    1284
    1224
    1242
    1261
    1291
    1328
    1258
    1315
    1368
    1364
    1371
    1322
    1343
    1305
    1257
    1281
    1283
    1304
    1200
    1210
    1236
    1166
    1162
    1110
    1051
    1050
     963
     982
     934
     862
     846
     832
     731
     720
     706
     629
     612
     573
     521
     502
     468
     448
     419
     373
     357
     324
     290
     290
     253
     251
     205
     173
     229
     188
     188
     139
     112
     139
     108
     105
      93
     102
      67
      85
      82
      75
      70
      71
      76
      72
      71
      65
      58
      64
      41
      47
      65
      45
      50
      38
      52
      52
      66
      53
      44
      51
      54
      57
      55
      39
      40
      64
      49
      50
      53
      47
      39
      46
      45
      52
      42
      35
      46
      50
      61
      48
      54
      56
      61
      45
      35
      50
      50
      43
      56
      42
      47
      48
      38
      42
      50
      46
      36
      52
      52
      39
      40
      45
      47
      49
      60
      39
      45
      43
      40
      52
      47
      42
      59
      53
      49
      38
      50
      47
      47
      42
      42
      42
      47
      49
      47
      52
      49
      45
      38
      49
      50
      42
      40
      45
      47
      48
      49
      52
      34
      46
      43
      36
      46
      40
      27
      44
      48
      33
      48
      49
      45
      34
      36
      49
      48
      47
      26
      46
      40
      53
      49
      40
      43
      58
      40
      53
      37
      53
      39
      58
      42
      48
      45
      49
      35
      45
      45
      40
      36
      44
      42
      44
      49
      38
      39
      45
      41
      33
      48
      38
      41
      38
      52
      57
      49
      43
      44
      43
      46
      47
      39
      42
      36
      42
      43
      40
      40
      40
      47
      44
      42
      57
      55
      42
      48
      50
      43
      53
      54
      51
      39
      68
      34
      50
      35
      60
      43
      48
      42
      40
      51
      49
      47
      32
      48
      54
      39
      45
      46
      38
      36
      45
      53
      34
      40
      35
      47
      39
      33
      41
      34
      33
      50
      31
      40
      45
      47
      39
      47
      45
      36
      56
      41
      50
      48
      42
      52
      48
      29
      46
      44
      35
      48
      49
      58
      63
      46
      36
      47
      45
      57
      52
      50
      43
      43
      55
      41
      46
      48
      36
      39
      42
      48
      48
      49
      59
      43
      49
      40
      57
      44
      43
      40
      46
      37
      45
      40
      53
      37
      49
      60
      46
      46
      40
      41
      52
      57
      37
      48
      35
      36
      53
      39
      52
      46
      52
      52
      43
      46
      38
      37
      53
      37
      43
      44
      43
      47
      45
      40
      53
      41
      48
      49
      40
      44
      51
      33
      46
      32
      39
      47
      49
      49
      45
      51
      44
      39
      48
      56
      36
      41
      40
      23
       1
       0
       0
       0
       0
       0
       0
       0
       0
       0
       0
       0
       0
       0
       0
       0
       0
       0
       0
       0
       0
       0
       0
       0
       0
       0
       0
       0
       0
       0
       0
       0
       0
       0
       0
       0
       0
       0
       0
       0
       0
       0
       0
       0
       0
       0
       0
       0
       0
       0
       0
       0
       0
       0
       0
       0
       0
       0
       0
       0
       0
       0
       0
       0
       0
       0
       0
$ROI:
2
95 97
514 605
$PRESETS:
Real Time
200
0
$ENER_FIT:
-289.438599 1.280702
$MCA_CAL:
3
-2.894386E+002 1.280702E+000 0.000000E+000
$SHAPE_CAL:
3
0.000000E+000 0.000000E+000 0.000000E+000
