$SPEC_ID:
MEASURE 023.
$SPEC_REM:
DET# 1
DETDESC# MCB 25
AP# Maestro Version 6.05
$DATE_MEA:
04/08/2003 21:19:48
$MEAS_TIM:
196 200
$DATA:
0 1023
       0
       0
       0
       0
       0
       0
       0
       0
       0
       0
       0
       0
       0
       0
       0
       0
       0
       0
       0
       0
       0
       0
       0
       0
       0
       0
       0
       0
       0
       0
       0
       0
       0
       0
       0
       0
       0
       0
       0
       0
       0
       0
       0
       0
     130
     278
     238
     270
     263
     260
     258
     296
     298
     275
     265
     304
     254
     274
     254
     249
     282
     283
     312
     282
     273
     312
     293
     288
     297
     317
     321
     308
     294
     319
     322
     331
     352
     345
     315
     346
     349
     371
     364
     367
     408
     386
     388
     376
     387
     408
     435
     413
     418
     426
     419
     391
     449
     430
     435
     457
     463
     485
     469
     475
     496
     449
     486
     510
     520
     475
     502
     473
     510
     483
     562
     534
     534
     513
     537
     516
     562
     590
     568
     544
     589
     580
     559
     579
     577
     580
     600
     559
     592
     614
     566
     577
     565
     606
     614
     616
     615
     604
     563
     591
     610
     600
     646
     642
     618
     639
     612
     610
     591
     636
     661
     656
     672
     632
     604
     624
     617
     653
     619
     656
     604
     651
     626
     603
     640
     671
     607
     636
     623
     632
     620
     631
     620
     609
     617
     571
     614
     623
     581
     620
     579
     653
     630
     617
     619
     658
     654
     654
     634
     677
     665
     688
     661
     663
     678
     650
     707
     738
     688
     711
     698
     702
     670
     711
     758
     716
     729
     734
     691
     703
     730
     707
     708
     698
     649
     663
     701
     661
     646
     665
     659
     636
     653
     634
     612
     614
     605
     580
     669
     616
     623
     633
     606
     613
     584
     612
     624
     593
     579
     618
     554
     547
     578
     564
     592
     610
     530
     508
     589
     539
     544
     546
     558
     549
     500
     533
     517
     576
     544
     532
     514
     529
     489
     488
     484
     492
     538
     506
     518
     472
     516
     488
     503
     463
     468
     440
     467
     500
     452
     475
     458
     461
     476
     438
     491
     444
     439
     396
     460
     406
     431
     447
     431
     394
     407
     455
     399
     419
     435
     388
     413
     438
     351
     394
     414
     402
     381
     381
     373
     394
     384
     403
     401
     401
     409
     412
     350
     426
     369
     365
     349
     383
     364
     384
     400
     356
     371
     347
     386
     357
     369
     353
     393
     332
     381
     360
     367
     341
     389
     343
     357
     376
     376
     331
     340
     378
     333
     368
     351
     335
     341
     354
     345
     300
     331
     309
     343
     321
     334
     312
     323
     328
     340
     302
     310
     306
     287
     296
     278
     267
     299
     289
     271
     289
     268
     260
     276
     244
     242
     244
     252
     232
     252
     198
     225
     231
     241
     206
     223
     216
     189
     221
     199
     208
     215
     191
     192
     193
     208
     193
     181
     175
     170
     176
     172
     197
     179
     168
     171
     146
     141
     180
     147
     165
     175
     142
     186
     168
     151
     152
     177
     144
     186
     152
     133
     143
     146
     136
     148
     166
     137
     145
     150
     133
     154
     133
     132
     160
     125
     137
     152
     127
     143
     134
     146
     136
     116
     111
     131
     141
     143
     121
     129
     127
     150
     116
     130
     107
     127
     112
     121
     125
      93
     126
     107
     107
     137
     123
     131
     144
     117
     121
     106
     130
     113
     120
     124
     128
     122
     131
     101
     130
     112
     110
      99
     107
      98
     120
     111
     118
     108
     103
     126
     115
     117
     104
     115
     129
     116
     123
     129
     140
     117
     131
     136
     118
     137
     136
     150
     149
     157
     161
     139
     137
     198
     182
     173
     186
     161
     203
     166
     200
     221
     232
     248
     266
     276
     290
     293
     324
     310
     355
     377
     410
     410
     441
     467
     470
     559
     531
     571
     594
     597
     640
     687
     712
     733
     776
     767
     848
     934
     924
     969
     976
     994
    1014
    1112
    1130
    1172
    1205
    1269
    1187
    1274
    1289
    1238
    1240
    1287
    1290
    1470
    1316
    1407
    1366
    1411
    1357
    1321
    1296
    1316
    1262
    1227
    1203
    1195
    1183
    1203
    1122
    1084
    1091
    1015
     995
     903
     900
     833
     818
     777
     710
     697
     663
     641
     569
     537
     460
     500
     473
     433
     356
     343
     322
     314
     308
     286
     232
     220
     202
     179
     172
     149
     148
     122
     110
     108
     113
      93
      84
      70
      83
      86
      78
      65
      65
      70
      66
      66
      63
      55
      56
      65
      52
      54
      37
      49
      48
      51
      50
      46
      52
      54
      49
      47
      36
      43
      56
      50
      54
      44
      48
      46
      64
      55
      52
      51
      52
      49
      41
      35
      42
      49
      56
      48
      50
      66
      60
      49
      51
      44
      45
      41
      47
      46
      50
      43
      43
      54
      56
      44
      39
      43
      34
      45
      42
      53
      45
      47
      44
      46
      58
      43
      54
      42
      48
      45
      53
      44
      53
      37
      36
      51
      43
      43
      48
      44
      47
      52
      55
      37
      48
      42
      50
      50
      40
      38
      43
      47
      44
      46
      50
      37
      58
      54
      35
      39
      46
      41
      29
      46
      37
      30
      44
      43
      38
      37
      38
      49
      39
      30
      46
      37
      43
      40
      35
      48
      33
      42
      44
      44
      40
      41
      50
      50
      54
      34
      53
      26
      50
      42
      45
      64
      43
      47
      53
      34
      35
      38
      27
      39
      44
      40
      30
      47
      32
      40
      49
      49
      50
      47
      51
      40
      58
      43
      43
      55
      52
      47
      42
      51
      50
      51
      54
      45
      45
      36
      40
      44
      41
      42
      47
      57
      56
      37
      39
      54
      50
      44
      46
      46
      41
      52
      45
      42
      38
      36
      49
      56
      46
      32
      51
      44
      45
      52
      39
      53
      41
      44
      44
      51
      49
      48
      42
      45
      54
      41
      38
      51
      57
      45
      43
      50
      59
      46
      35
      48
      47
      43
      42
      50
      50
      52
      57
      34
      53
      56
      42
      45
      33
      48
      35
      46
      37
      36
      34
      44
      50
      55
      50
      55
      42
      43
      45
      36
      37
      44
      39
      52
      46
      37
      47
      43
      41
      42
      45
      46
      42
      47
      40
      46
      46
      44
      42
      37
      37
      35
      53
      48
      34
      50
      39
      33
      47
      56
      51
      44
      51
      46
      46
      45
      47
      48
      56
      51
      41
      37
      43
      48
      49
      35
      41
      46
      52
      48
      43
      53
      55
      47
      44
      41
      37
      43
      45
      38
      48
      51
      38
      44
      43
      47
      49
      53
      38
      38
      43
      43
      33
      46
      31
       2
       0
       0
       0
       0
       0
       0
       0
       0
       0
       0
       0
       0
       0
       0
       0
       0
       0
       0
       0
       0
       0
       0
       0
       0
       0
       0
       0
       0
       0
       0
       0
       0
       0
       0
       0
       0
       0
       0
       0
       0
       0
       0
       0
       0
       0
       0
       0
       0
       0
       0
       0
       0
       0
       0
       0
       0
       0
       0
       0
       0
       0
       0
       0
       0
       0
       0
       0
$ROI:
2
95 97
514 605
$PRESETS:
Real Time
200
0
$ENER_FIT:
-289.438599 1.280702
$MCA_CAL:
3
-2.894386E+002 1.280702E+000 0.000000E+000
$SHAPE_CAL:
3
0.000000E+000 0.000000E+000 0.000000E+000
