$SPEC_ID:
MEASURE 525.
$SPEC_REM:
DET# 1
DETDESC# MCB 25
AP# Maestro Version 6.05
$DATE_MEA:
04/07/2003 03:49:48
$MEAS_TIM:
196 200
$DATA:
0 1023
       0
       0
       0
       0
       0
       0
       0
       0
       0
       0
       0
       0
       0
       0
       0
       0
       0
       0
       0
       0
       0
       0
       0
       0
       0
       0
       0
       0
       0
       0
       0
       0
       0
       0
       0
       0
       0
       0
       0
       0
       0
       0
       0
       0
     126
     279
     259
     252
     265
     272
     245
     269
     263
     263
     281
     287
     295
     288
     306
     278
     307
     299
     274
     287
     282
     303
     259
     281
     299
     318
     310
     300
     317
     333
     339
     361
     321
     343
     304
     356
     360
     343
     361
     365
     403
     385
     391
     414
     401
     404
     425
     423
     433
     402
     449
     476
     447
     433
     482
     463
     458
     496
     471
     487
     505
     522
     474
     506
     550
     495
     500
     542
     521
     533
     532
     534
     536
     552
     552
     597
     547
     557
     541
     577
     581
     561
     579
     564
     576
     595
     618
     538
     631
     620
     579
     551
     598
     588
     596
     655
     664
     608
     607
     584
     584
     607
     626
     638
     619
     652
     630
     647
     579
     648
     630
     617
     689
     626
     639
     554
     612
     615
     590
     609
     570
     600
     615
     615
     577
     635
     620
     628
     649
     619
     591
     629
     592
     621
     608
     626
     614
     679
     641
     579
     640
     579
     635
     675
     660
     661
     646
     600
     607
     609
     625
     619
     597
     659
     686
     724
     678
     733
     698
     706
     713
     695
     737
     667
     713
     706
     663
     762
     722
     688
     692
     707
     720
     708
     674
     646
     706
     703
     651
     692
     662
     662
     662
     662
     627
     706
     599
     635
     604
     606
     550
     618
     571
     595
     626
     591
     533
     565
     581
     583
     585
     601
     607
     524
     552
     572
     485
     570
     534
     553
     520
     559
     545
     560
     538
     489
     554
     570
     541
     536
     524
     538
     456
     481
     515
     504
     522
     509
     470
     479
     483
     485
     457
     448
     463
     469
     501
     461
     492
     463
     437
     441
     467
     473
     450
     471
     413
     427
     431
     455
     425
     440
     425
     409
     434
     443
     424
     434
     412
     405
     419
     422
     420
     402
     399
     405
     437
     390
     429
     373
     385
     390
     402
     379
     357
     387
     414
     386
     372
     377
     415
     388
     367
     398
     390
     353
     330
     377
     387
     349
     355
     380
     357
     371
     361
     364
     352
     375
     338
     370
     374
     324
     316
     339
     357
     359
     318
     324
     380
     330
     323
     342
     343
     372
     342
     338
     301
     351
     339
     321
     311
     313
     309
     322
     277
     289
     333
     304
     296
     294
     269
     299
     267
     257
     237
     255
     278
     243
     251
     255
     255
     262
     220
     251
     252
     219
     209
     220
     215
     233
     186
     222
     217
     212
     182
     192
     197
     176
     183
     204
     182
     202
     176
     175
     164
     189
     169
     186
     160
     161
     166
     159
     162
     170
     147
     153
     140
     137
     169
     138
     176
     147
     173
     127
     140
     134
     123
     149
     151
     121
     144
     141
     136
     147
     124
     131
     139
     135
     118
     120
     134
     145
     136
     115
     136
     129
     134
     133
     139
     126
     124
     133
     133
     134
     127
     140
     122
     120
     128
     123
     114
     120
     126
     119
     120
     129
     126
     114
     118
     126
     108
     126
     104
     144
     109
     113
     112
     111
     119
     117
     118
     104
     106
     153
     114
     107
     111
     133
     103
     111
     138
     116
     122
     131
     115
     137
     135
     108
     131
     118
     134
     124
     114
     120
     119
     140
     134
     153
     139
     154
     153
     144
     148
     180
     158
     157
     184
     176
     222
     170
     199
     212
     256
     242
     261
     270
     285
     319
     368
     299
     324
     378
     382
     398
     412
     438
     516
     506
     524
     549
     602
     573
     682
     716
     777
     789
     823
     825
     863
     878
     949
     960
    1011
     998
    1019
    1102
    1105
    1132
    1121
    1193
    1249
    1220
    1262
    1240
    1352
    1295
    1331
    1363
    1359
    1358
    1417
    1370
    1299
    1385
    1335
    1323
    1347
    1285
    1283
    1261
    1194
    1181
    1180
    1094
    1089
     969
     935
     923
     905
     888
     817
     793
     725
     667
     658
     642
     616
     524
     498
     472
     456
     415
     380
     340
     295
     284
     300
     259
     245
     231
     210
     212
     193
     146
     153
     120
     153
     131
     122
     114
      84
      82
      82
      94
      74
      63
      67
      77
      66
      74
      53
      47
      60
      52
      48
      60
      59
      70
      62
      52
      53
      61
      50
      56
      45
      54
      49
      47
      41
      55
      49
      60
      52
      47
      43
      38
      52
      40
      56
      40
      39
      51
      59
      54
      59
      50
      47
      52
      54
      53
      36
      53
      52
      36
      41
      36
      56
      58
      38
      48
      43
      33
      36
      52
      45
      36
      48
      41
      42
      39
      50
      46
      43
      56
      46
      42
      41
      52
      52
      45
      59
      35
      54
      46
      49
      45
      36
      43
      58
      36
      57
      51
      53
      46
      46
      40
      39
      43
      41
      46
      48
      42
      44
      35
      33
      47
      47
      38
      45
      38
      43
      46
      38
      43
      46
      52
      38
      34
      54
      37
      42
      36
      52
      51
      52
      48
      42
      43
      42
      48
      42
      37
      54
      52
      42
      51
      31
      49
      38
      43
      45
      47
      52
      33
      42
      35
      43
      51
      41
      46
      48
      57
      37
      35
      37
      40
      43
      47
      52
      57
      43
      31
      45
      51
      50
      39
      37
      49
      41
      39
      59
      36
      45
      40
      36
      52
      42
      42
      53
      49
      47
      39
      44
      35
      41
      41
      51
      43
      56
      51
      35
      56
      44
      40
      45
      44
      48
      58
      45
      57
      37
      50
      47
      42
      48
      44
      46
      52
      47
      39
      43
      38
      44
      39
      45
      45
      59
      50
      48
      44
      53
      46
      45
      46
      49
      43
      45
      52
      42
      36
      29
      37
      39
      33
      44
      40
      42
      49
      45
      49
      38
      41
      54
      39
      54
      48
      43
      34
      47
      50
      58
      38
      50
      57
      45
      38
      42
      52
      54
      42
      51
      46
      43
      46
      48
      55
      32
      44
      45
      45
      43
      53
      56
      43
      55
      45
      39
      44
      41
      43
      43
      40
      56
      45
      42
      43
      47
      52
      63
      42
      42
      43
      35
      47
      48
      52
      56
      57
      46
      41
      50
      55
      52
      45
      45
      47
      44
      60
      37
      48
      40
      58
      44
      37
      47
      44
      42
      55
      47
      50
      42
      46
      46
      42
      51
      46
      28
      51
      47
      40
      53
      37
       0
       0
       0
       0
       0
       0
       0
       0
       0
       0
       0
       0
       0
       0
       0
       0
       0
       0
       0
       0
       0
       0
       0
       0
       0
       0
       0
       0
       0
       0
       0
       0
       0
       0
       0
       0
       0
       0
       0
       0
       0
       0
       0
       0
       0
       0
       0
       0
       0
       0
       0
       0
       0
       0
       0
       0
       0
       0
       0
       0
       0
       0
       0
       0
       0
       0
       0
       0
$ROI:
2
95 97
514 605
$PRESETS:
Real Time
200
0
$ENER_FIT:
-289.438599 1.280702
$MCA_CAL:
3
-2.894386E+002 1.280702E+000 0.000000E+000
$SHAPE_CAL:
3
0.000000E+000 0.000000E+000 0.000000E+000
