$SPEC_ID:
MEASURE 423.
$SPEC_REM:
DET# 1
DETDESC# MCB 25
AP# Maestro Version 6.05
$DATE_MEA:
04/06/2003 19:19:48
$MEAS_TIM:
196 200
$DATA:
0 1023
       0
       0
       0
       0
       0
       0
       0
       0
       0
       0
       0
       0
       0
       0
       0
       0
       0
       0
       0
       0
       0
       0
       0
       0
       0
       0
       0
       0
       0
       0
       0
       0
       0
       0
       0
       0
       0
       0
       0
       0
       0
       0
       0
       0
     124
     261
     286
     266
     264
     313
     274
     300
     297
     286
     270
     264
     282
     280
     290
     292
     279
     303
     308
     276
     282
     313
     313
     276
     344
     308
     317
     317
     322
     312
     309
     310
     365
     344
     331
     351
     338
     349
     332
     368
     368
     389
     369
     394
     431
     404
     454
     442
     408
     475
     409
     470
     427
     474
     452
     470
     459
     474
     468
     508
     502
     467
     465
     452
     554
     511
     510
     476
     521
     495
     551
     527
     547
     523
     512
     513
     538
     531
     491
     550
     573
     562
     573
     577
     580
     540
     551
     600
     603
     594
     587
     632
     598
     632
     567
     608
     652
     593
     583
     592
     570
     655
     573
     611
     636
     648
     625
     628
     655
     661
     578
     617
     604
     598
     612
     622
     629
     603
     636
     648
     593
     621
     627
     638
     607
     668
     636
     595
     606
     604
     574
     638
     601
     646
     607
     587
     605
     635
     643
     614
     620
     579
     626
     595
     623
     633
     696
     670
     624
     675
     666
     650
     622
     673
     682
     675
     669
     687
     730
     744
     710
     733
     738
     697
     648
     773
     721
     742
     711
     701
     700
     687
     710
     670
     649
     725
     709
     688
     697
     674
     649
     655
     649
     679
     636
     646
     652
     655
     682
     606
     599
     619
     589
     609
     613
     571
     604
     582
     599
     572
     611
     565
     574
     551
     588
     564
     588
     552
     540
     521
     582
     515
     552
     560
     527
     519
     515
     539
     531
     514
     502
     504
     503
     497
     536
     509
     503
     468
     523
     533
     518
     509
     482
     482
     484
     479
     418
     453
     449
     443
     458
     495
     435
     450
     429
     453
     426
     432
     445
     420
     446
     409
     440
     438
     417
     420
     436
     445
     431
     397
     407
     431
     440
     419
     403
     409
     388
     386
     416
     408
     379
     420
     370
     402
     400
     395
     407
     401
     369
     371
     404
     407
     358
     391
     379
     427
     382
     393
     351
     361
     370
     371
     387
     349
     360
     370
     356
     378
     344
     379
     368
     379
     381
     325
     340
     346
     315
     346
     340
     361
     367
     335
     329
     305
     333
     326
     316
     320
     341
     297
     298
     320
     308
     273
     312
     312
     328
     318
     269
     263
     282
     303
     262
     269
     264
     263
     274
     257
     264
     241
     251
     240
     266
     223
     277
     209
     228
     207
     199
     198
     205
     186
     206
     219
     201
     180
     202
     204
     185
     179
     201
     174
     180
     219
     187
     169
     158
     174
     165
     145
     178
     161
     160
     157
     161
     147
     153
     153
     138
     166
     127
     139
     155
     162
     143
     155
     145
     141
     152
     143
     118
     134
     138
     138
     135
     147
     127
     132
     149
     132
     127
     135
     143
     126
     133
     117
     128
     118
     129
     130
     144
     119
     124
     124
     148
     136
     122
     131
     108
     115
     116
     134
     141
      89
     123
     127
     125
     121
     103
     130
     125
     121
     131
     125
     108
     121
     105
     114
     113
     122
     100
     118
     127
     136
     122
     136
     113
     119
     113
     117
     107
     125
     141
     117
     137
     111
     134
     127
     125
     106
     132
     145
     120
     157
     136
     140
     143
     174
     142
     145
     141
     149
     169
     162
     142
     159
     174
     202
     194
     186
     224
     215
     230
     261
     256
     273
     272
     309
     284
     336
     348
     374
     392
     407
     460
     449
     461
     509
     545
     576
     586
     619
     665
     714
     702
     755
     796
     854
     833
     853
     899
     943
    1032
    1008
    1101
    1094
    1115
    1224
    1188
    1206
    1215
    1248
    1317
    1285
    1273
    1309
    1369
    1343
    1344
    1372
    1305
    1344
    1374
    1268
    1348
    1319
    1336
    1254
    1291
    1204
    1231
    1110
    1133
    1065
    1069
     992
     968
     964
     928
     821
     851
     766
     711
     718
     667
     628
     576
     559
     529
     509
     455
     427
     378
     365
     340
     297
     304
     244
     224
     214
     222
     174
     157
     173
     152
     136
     123
     117
      97
     101
      94
      95
      81
      53
      57
      71
      78
      61
      69
      71
      55
      57
      43
      57
      51
      52
      48
      52
      53
      52
      55
      59
      50
      63
      43
      47
      46
      51
      48
      39
      53
      49
      51
      35
      48
      54
      51
      45
      51
      53
      45
      47
      56
      53
      55
      45
      42
      44
      49
      48
      48
      46
      57
      39
      45
      50
      49
      53
      44
      45
      44
      43
      43
      50
      56
      45
      45
      34
      52
      39
      45
      42
      50
      52
      48
      35
      42
      38
      52
      30
      46
      38
      31
      48
      49
      41
      48
      43
      48
      40
      36
      39
      46
      35
      45
      33
      41
      41
      52
      42
      48
      43
      39
      45
      45
      51
      36
      52
      47
      38
      40
      34
      66
      37
      41
      50
      48
      41
      49
      42
      55
      36
      42
      44
      56
      45
      45
      42
      31
      41
      48
      52
      32
      32
      40
      42
      33
      33
      52
      48
      46
      41
      41
      46
      34
      46
      47
      43
      45
      46
      44
      48
      43
      46
      47
      34
      41
      29
      43
      35
      33
      52
      44
      49
      40
      51
      34
      40
      48
      44
      42
      55
      59
      45
      54
      39
      46
      54
      45
      48
      59
      54
      54
      33
      52
      37
      49
      48
      36
      48
      52
      44
      30
      39
      39
      41
      54
      34
      64
      53
      40
      25
      43
      43
      39
      43
      52
      28
      39
      49
      37
      49
      58
      37
      38
      52
      40
      42
      39
      47
      40
      49
      57
      41
      35
      29
      28
      37
      39
      43
      52
      54
      46
      42
      46
      47
      40
      62
      54
      43
      44
      48
      41
      32
      49
      37
      56
      42
      42
      41
      36
      57
      53
      43
      45
      41
      51
      48
      40
      38
      33
      43
      37
      44
      38
      27
      63
      39
      47
      47
      50
      45
      40
      50
      60
      46
      45
      35
      42
      45
      46
      42
      27
      43
      35
      53
      38
      45
      40
      45
      51
      46
      29
      44
      50
      48
      40
      47
      49
      44
      45
      43
      50
      33
      46
      51
      43
      36
      48
      49
      40
      57
      49
      40
      45
      52
      47
      46
      52
      47
      53
      39
      49
      45
      40
      59
      48
      38
      46
      50
      51
      51
       4
       0
       0
       0
       0
       0
       0
       0
       0
       0
       0
       0
       0
       0
       0
       0
       0
       0
       0
       0
       0
       0
       0
       0
       0
       0
       0
       0
       0
       0
       0
       0
       0
       0
       0
       0
       0
       0
       0
       0
       0
       0
       0
       0
       0
       0
       0
       0
       0
       0
       0
       0
       0
       0
       0
       0
       0
       0
       0
       0
       0
       0
       0
       0
       0
       0
       0
       0
$ROI:
2
95 97
514 605
$PRESETS:
Real Time
200
0
$ENER_FIT:
-289.438599 1.280702
$MCA_CAL:
3
-2.894386E+002 1.280702E+000 0.000000E+000
$SHAPE_CAL:
3
0.000000E+000 0.000000E+000 0.000000E+000
