$SPEC_ID:
MEASURE 064.
$SPEC_REM:
DET# 1
DETDESC# MCB 25
AP# Maestro Version 6.05
$DATE_MEA:
04/09/2003 00:44:48
$MEAS_TIM:
196 200
$DATA:
0 1023
       0
       0
       0
       0
       0
       0
       0
       0
       0
       0
       0
       0
       0
       0
       0
       0
       0
       0
       0
       0
       0
       0
       0
       0
       0
       0
       0
       0
       0
       0
       0
       0
       0
       0
       0
       0
       0
       0
       0
       0
       0
       0
       0
       0
     120
     244
     251
     255
     256
     276
     246
     265
     270
     300
     280
     284
     301
     273
     274
     309
     273
     277
     292
     302
     288
     286
     308
     312
     305
     284
     329
     292
     303
     319
     325
     307
     324
     326
     339
     362
     332
     355
     364
     335
     363
     387
     375
     381
     350
     411
     421
     414
     448
     405
     463
     411
     472
     444
     421
     446
     446
     488
     451
     475
     451
     491
     528
     504
     471
     508
     520
     517
     515
     532
     518
     541
     517
     527
     514
     546
     581
     520
     542
     589
     555
     561
     621
     585
     562
     576
     588
     572
     544
     568
     591
     597
     594
     583
     599
     653
     586
     609
     618
     647
     572
     636
     551
     617
     639
     641
     613
     579
     669
     633
     587
     605
     629
     623
     602
     623
     595
     617
     603
     612
     602
     585
     637
     598
     655
     664
     619
     621
     603
     626
     657
     663
     669
     660
     606
     583
     631
     623
     606
     656
     594
     619
     649
     641
     623
     627
     629
     610
     634
     639
     617
     683
     655
     733
     715
     686
     704
     680
     687
     675
     698
     694
     692
     724
     709
     716
     715
     695
     678
     680
     705
     691
     679
     661
     711
     708
     710
     656
     633
     675
     662
     689
     658
     630
     635
     649
     627
     650
     640
     640
     555
     587
     620
     560
     507
     568
     590
     596
     596
     594
     563
     587
     590
     518
     572
     561
     565
     546
     561
     538
     544
     539
     513
     518
     526
     562
     515
     538
     541
     549
     491
     532
     532
     550
     494
     474
     474
     476
     562
     503
     533
     509
     492
     463
     485
     474
     503
     465
     472
     506
     437
     464
     452
     394
     480
     446
     433
     425
     434
     470
     445
     454
     421
     395
     423
     444
     437
     450
     405
     410
     391
     401
     460
     402
     425
     404
     365
     367
     395
     375
     399
     383
     384
     365
     425
     354
     400
     372
     399
     368
     395
     382
     379
     405
     386
     349
     401
     369
     373
     367
     396
     328
     359
     358
     403
     348
     374
     354
     342
     340
     392
     360
     368
     341
     338
     342
     332
     356
     353
     337
     307
     366
     377
     324
     330
     345
     334
     319
     298
     324
     328
     291
     294
     276
     328
     255
     293
     308
     290
     299
     256
     283
     277
     289
     312
     245
     258
     240
     231
     274
     237
     244
     247
     242
     242
     223
     216
     204
     211
     212
     217
     238
     194
     195
     188
     194
     185
     197
     183
     192
     186
     168
     181
     186
     176
     181
     167
     174
     183
     175
     172
     145
     174
     147
     163
     166
     152
     152
     157
     168
     155
     140
     162
     141
     154
     150
     141
     126
     150
     143
     142
     147
     133
     154
     145
     117
     126
     152
     147
     124
     139
     137
     140
     126
     142
     124
     123
     147
     136
     122
     148
     145
     119
     120
     126
     112
     122
     119
     129
     114
     133
     127
     142
     121
     102
     130
     133
     125
     145
     127
     105
     133
     113
     106
     111
      92
     129
     121
     117
     139
     119
     107
     107
     113
     110
     111
     111
     117
     110
     153
     125
     129
     139
     106
     113
     119
     115
     125
     125
     109
     141
     143
     114
     126
     108
     129
     122
     126
     137
     153
     145
     150
     193
     164
     180
     178
     181
     186
     179
     189
     197
     194
     228
     241
     226
     258
     260
     284
     289
     327
     370
     360
     368
     359
     374
     418
     446
     493
     512
     525
     644
     620
     618
     698
     658
     690
     735
     760
     795
     871
     867
     951
     966
     987
    1051
    1072
    1115
    1183
    1134
    1152
    1216
    1265
    1301
    1273
    1314
    1324
    1300
    1294
    1341
    1327
    1351
    1340
    1377
    1332
    1321
    1284
    1315
    1293
    1247
    1198
    1210
    1142
    1142
    1176
    1037
    1054
    1018
    1000
     880
     914
     858
     855
     801
     700
     742
     670
     640
     598
     560
     516
     488
     443
     403
     400
     350
     354
     313
     291
     286
     249
     229
     211
     177
     174
     145
     168
     141
     141
     122
     107
      93
      84
      78
      74
      77
      76
      86
      72
      75
      61
      65
      61
      59
      58
      46
      57
      42
      51
      52
      42
      52
      55
      42
      46
      48
      55
      51
      47
      45
      52
      53
      44
      42
      50
      52
      43
      40
      51
      48
      47
      48
      53
      57
      43
      52
      48
      47
      51
      53
      46
      47
      45
      33
      55
      41
      50
      41
      34
      38
      47
      53
      51
      49
      44
      44
      51
      35
      50
      47
      54
      41
      45
      36
      55
      43
      48
      44
      40
      49
      46
      35
      56
      49
      46
      32
      54
      51
      44
      36
      41
      52
      54
      46
      53
      42
      37
      47
      40
      39
      47
      42
      44
      53
      39
      53
      60
      41
      46
      40
      40
      56
      37
      30
      48
      51
      43
      43
      46
      46
      51
      44
      32
      41
      47
      44
      35
      38
      44
      53
      47
      49
      36
      36
      44
      31
      52
      46
      42
      52
      35
      37
      35
      43
      32
      45
      39
      46
      44
      48
      56
      39
      56
      42
      39
      41
      44
      46
      42
      36
      36
      47
      51
      49
      40
      52
      40
      41
      46
      34
      52
      54
      40
      42
      41
      48
      40
      44
      49
      35
      41
      33
      45
      35
      29
      37
      45
      46
      44
      49
      61
      41
      48
      35
      36
      43
      48
      39
      43
      48
      41
      49
      52
      44
      50
      56
      47
      47
      44
      45
      48
      30
      37
      45
      40
      36
      49
      56
      39
      49
      48
      42
      56
      54
      47
      49
      42
      45
      45
      42
      52
      43
      46
      46
      40
      42
      52
      47
      63
      38
      34
      38
      56
      39
      40
      52
      49
      43
      47
      48
      54
      55
      50
      59
      47
      44
      42
      40
      32
      47
      44
      53
      53
      38
      34
      49
      51
      56
      47
      34
      45
      36
      42
      42
      42
      50
      51
      42
      49
      31
      33
      47
      27
      56
      44
      38
      57
      35
      52
      50
      49
      45
      44
      36
      54
      43
      40
      50
      53
      35
      41
      52
      48
      36
      38
      51
      46
      40
      45
      37
      45
      56
      39
      50
      39
      48
      42
      42
      46
      59
      50
      44
      40
      42
      41
      37
      47
      42
      53
      51
      37
      51
      43
       5
       0
       0
       0
       0
       0
       0
       0
       0
       0
       0
       0
       0
       0
       0
       0
       0
       0
       0
       0
       0
       0
       0
       0
       0
       0
       0
       0
       0
       0
       0
       0
       0
       0
       0
       0
       0
       0
       0
       0
       0
       0
       0
       0
       0
       0
       0
       0
       0
       0
       0
       0
       0
       0
       0
       0
       0
       0
       0
       0
       0
       0
       0
       0
       0
       0
       0
       0
$ROI:
2
95 97
514 605
$PRESETS:
Real Time
200
0
$ENER_FIT:
-289.438599 1.280702
$MCA_CAL:
3
-2.894386E+002 1.280702E+000 0.000000E+000
$SHAPE_CAL:
3
0.000000E+000 0.000000E+000 0.000000E+000
