$SPEC_ID:
MEASURE 225.
$SPEC_REM:
DET# 1
DETDESC# MCB 25
AP# Maestro Version 6.05
$DATE_MEA:
04/09/2003 14:09:48
$MEAS_TIM:
196 200
$DATA:
0 1023
       0
       0
       0
       0
       0
       0
       0
       0
       0
       0
       0
       0
       0
       0
       0
       0
       0
       0
       0
       0
       0
       0
       0
       0
       0
       0
       0
       0
       0
       0
       0
       0
       0
       0
       0
       0
       0
       0
       0
       0
       0
       0
       0
       0
     111
     283
     279
     277
     272
     254
     260
     268
     271
     257
     266
     264
     296
     291
     277
     263
     289
     277
     299
     286
     264
     311
     300
     303
     322
     283
     296
     317
     299
     292
     322
     294
     349
     346
     312
     323
     351
     326
     381
     374
     380
     388
     408
     351
     408
     366
     413
     396
     415
     431
     411
     437
     467
     432
     478
     478
     463
     432
     483
     460
     454
     509
     517
     521
     477
     493
     531
     522
     536
     523
     488
     501
     465
     551
     589
     521
     511
     505
     532
     543
     557
     552
     561
     599
     552
     568
     552
     592
     629
     610
     544
     544
     599
     578
     554
     581
     655
     608
     557
     561
     611
     649
     604
     599
     623
     683
     629
     572
     659
     615
     630
     621
     624
     616
     634
     584
     631
     576
     602
     667
     656
     614
     615
     586
     638
     620
     584
     625
     601
     649
     618
     624
     588
     582
     626
     588
     577
     593
     633
     604
     659
     642
     642
     661
     647
     629
     635
     638
     648
     605
     613
     671
     674
     662
     688
     629
     692
     678
     726
     663
     688
     700
     707
     697
     729
     695
     722
     714
     699
     690
     703
     712
     722
     664
     676
     685
     655
     698
     705
     688
     665
     616
     638
     658
     607
     609
     670
     614
     585
     597
     652
     602
     624
     557
     592
     601
     597
     593
     590
     595
     560
     598
     561
     558
     557
     548
     566
     546
     568
     566
     543
     542
     512
     571
     548
     587
     523
     504
     572
     512
     526
     527
     526
     520
     561
     553
     514
     503
     506
     510
     515
     480
     472
     481
     479
     461
     499
     459
     478
     451
     451
     454
     464
     440
     468
     391
     434
     412
     440
     394
     465
     436
     417
     431
     431
     404
     424
     428
     405
     448
     448
     384
     400
     403
     392
     395
     399
     394
     395
     397
     387
     400
     404
     371
     389
     407
     342
     341
     369
     363
     409
     362
     365
     382
     347
     363
     366
     400
     382
     357
     403
     368
     340
     355
     383
     348
     357
     349
     362
     374
     341
     306
     387
     371
     380
     347
     369
     357
     343
     348
     361
     367
     368
     345
     329
     319
     332
     342
     308
     315
     342
     341
     324
     311
     272
     287
     328
     313
     295
     299
     288
     286
     293
     304
     287
     274
     277
     247
     247
     254
     265
     255
     248
     246
     242
     225
     218
     221
     216
     216
     216
     221
     207
     212
     202
     188
     212
     200
     203
     199
     171
     182
     200
     186
     197
     174
     184
     178
     168
     168
     159
     156
     158
     182
     166
     176
     164
     144
     155
     150
     178
     172
     181
     157
     152
     160
     147
     148
     148
     156
     145
     148
     159
     136
     123
     118
     149
     157
     141
     133
     127
     129
     137
     129
     138
     133
     122
     117
     140
     111
     126
     109
     127
     138
     126
     109
     135
     128
     140
     129
     145
     120
     119
     108
     125
     103
     114
     126
     118
     139
     123
     122
     113
     116
     132
      97
     118
     123
     123
     120
     124
     113
      86
     122
     114
     108
      96
     118
     116
     115
     106
     114
     112
     116
     119
     112
     113
     133
      98
     122
     113
     110
     114
     123
     132
     132
     136
     134
     125
     120
     125
     132
     135
     140
     146
     165
     167
     151
     161
     172
     165
     183
     195
     193
     178
     207
     262
     237
     227
     273
     261
     289
     308
     329
     328
     369
     377
     372
     396
     410
     436
     439
     545
     564
     620
     582
     613
     647
     704
     731
     733
     771
     861
     851
     858
    1009
     977
    1031
     982
    1116
    1055
    1131
    1181
    1201
    1170
    1240
    1219
    1252
    1276
    1309
    1359
    1356
    1345
    1303
    1380
    1269
    1300
    1394
    1332
    1311
    1269
    1277
    1291
    1258
    1196
    1151
    1129
    1100
    1047
    1097
     946
     947
     906
     845
     873
     765
     747
     760
     737
     681
     623
     586
     562
     489
     473
     419
     393
     358
     328
     306
     309
     271
     248
     251
     206
     201
     198
     177
     174
     158
     135
     136
     118
     124
     102
      82
     106
      84
      93
      74
      62
      68
      70
      65
      48
      42
      71
      66
      61
      52
      64
      47
      52
      52
      52
      51
      47
      46
      62
      55
      49
      65
      64
      56
      58
      48
      44
      47
      56
      41
      51
      55
      46
      47
      66
      48
      43
      52
      43
      53
      41
      57
      47
      56
      39
      55
      59
      52
      44
      59
      46
      48
      37
      44
      46
      49
      51
      45
      41
      41
      41
      46
      38
      57
      52
      48
      44
      34
      50
      39
      51
      41
      45
      33
      51
      47
      40
      39
      47
      46
      49
      31
      41
      42
      42
      54
      42
      42
      55
      43
      52
      28
      41
      47
      33
      39
      31
      35
      36
      40
      49
      43
      42
      44
      45
      48
      48
      51
      32
      46
      62
      52
      52
      40
      35
      45
      47
      30
      45
      46
      42
      37
      47
      36
      35
      47
      42
      40
      34
      42
      48
      42
      51
      35
      44
      36
      38
      37
      32
      54
      46
      42
      38
      42
      39
      42
      37
      42
      35
      34
      37
      43
      60
      51
      38
      40
      39
      43
      43
      49
      41
      32
      41
      42
      37
      42
      42
      50
      37
      40
      48
      35
      39
      54
      43
      48
      36
      50
      52
      53
      34
      44
      46
      48
      46
      43
      49
      61
      34
      59
      44
      44
      47
      41
      41
      56
      45
      53
      42
      54
      50
      48
      49
      40
      38
      41
      47
      50
      50
      53
      34
      41
      44
      51
      37
      42
      37
      57
      40
      47
      48
      50
      56
      46
      46
      39
      59
      50
      36
      47
      47
      48
      37
      58
      38
      48
      46
      39
      56
      44
      42
      45
      39
      35
      37
      45
      47
      47
      48
      45
      52
      41
      47
      46
      39
      46
      48
      47
      35
      38
      48
      42
      40
      40
      41
      44
      48
      33
      36
      37
      61
      56
      43
      36
      53
      62
      47
      35
      33
      40
      49
      50
      36
      40
      45
      46
      55
      35
      47
      48
      39
      50
      54
      44
      39
      42
      44
      48
      45
      44
      45
      33
      48
      46
      50
      44
      48
      54
      40
      44
      47
      45
      38
      47
      44
      44
      43
      47
      43
      52
      55
      44
      34
       1
       0
       0
       0
       0
       0
       0
       0
       0
       0
       0
       0
       0
       0
       0
       0
       0
       0
       0
       0
       0
       0
       0
       0
       0
       0
       0
       0
       0
       0
       0
       0
       0
       0
       0
       0
       0
       0
       0
       0
       0
       0
       0
       0
       0
       0
       0
       0
       0
       0
       0
       0
       0
       0
       0
       0
       0
       0
       0
       0
       0
       0
       0
       0
       0
       0
       0
$ROI:
2
95 97
514 605
$PRESETS:
Real Time
200
0
$ENER_FIT:
-289.438599 1.280702
$MCA_CAL:
3
-2.894386E+002 1.280702E+000 0.000000E+000
$SHAPE_CAL:
3
0.000000E+000 0.000000E+000 0.000000E+000
