$SPEC_ID:
MEASURE 123.
$SPEC_REM:
DET# 1
DETDESC# MCB 25
AP# Maestro Version 6.05
$DATE_MEA:
04/09/2003 05:39:48
$MEAS_TIM:
196 200
$DATA:
0 1023
       0
       0
       0
       0
       0
       0
       0
       0
       0
       0
       0
       0
       0
       0
       0
       0
       0
       0
       0
       0
       0
       0
       0
       0
       0
       0
       0
       0
       0
       0
       0
       0
       0
       0
       0
       0
       0
       0
       0
       0
       0
       0
       0
       0
     115
     261
     261
     271
     247
     256
     274
     285
     247
     270
     271
     262
     300
     233
     283
     282
     316
     256
     257
     333
     287
     329
     257
     311
     276
     311
     348
     313
     330
     315
     314
     334
     322
     349
     312
     359
     375
     324
     356
     348
     359
     350
     407
     385
     398
     380
     421
     380
     412
     463
     414
     403
     396
     455
     450
     458
     443
     453
     466
     488
     479
     510
     510
     494
     491
     467
     507
     542
     545
     525
     547
     540
     516
     569
     595
     545
     514
     563
     540
     597
     579
     528
     558
     568
     627
     583
     574
     601
     574
     603
     615
     609
     651
     640
     602
     582
     596
     608
     629
     627
     597
     572
     622
     634
     599
     592
     632
     665
     585
     630
     600
     641
     601
     636
     664
     630
     630
     663
     593
     570
     632
     571
     623
     621
     558
     597
     612
     626
     635
     620
     571
     635
     605
     584
     635
     597
     638
     620
     622
     637
     600
     597
     610
     651
     654
     639
     678
     642
     656
     667
     672
     663
     656
     702
     649
     683
     710
     670
     728
     684
     683
     727
     705
     733
     735
     707
     684
     671
     725
     697
     696
     695
     703
     714
     729
     722
     709
     690
     707
     696
     623
     633
     651
     640
     668
     626
     665
     645
     607
     643
     586
     612
     624
     576
     612
     578
     580
     564
     550
     578
     551
     564
     536
     560
     544
     544
     551
     552
     583
     564
     556
     511
     520
     554
     545
     527
     520
     525
     483
     504
     508
     534
     540
     551
     534
     496
     485
     507
     513
     495
     514
     448
     460
     471
     504
     492
     474
     437
     441
     441
     458
     449
     498
     484
     460
     431
     451
     463
     429
     456
     445
     445
     416
     398
     406
     427
     446
     428
     416
     415
     435
     420
     406
     414
     425
     425
     413
     394
     358
     413
     449
     376
     399
     378
     399
     360
     423
     386
     376
     355
     384
     359
     382
     395
     349
     379
     372
     351
     339
     358
     338
     355
     354
     369
     358
     339
     365
     368
     386
     358
     368
     389
     324
     358
     357
     339
     380
     348
     317
     335
     366
     365
     334
     335
     355
     351
     337
     327
     307
     335
     314
     311
     316
     306
     311
     303
     280
     290
     291
     278
     303
     254
     301
     264
     255
     266
     257
     231
     247
     282
     235
     228
     259
     206
     230
     221
     227
     213
     216
     229
     226
     194
     211
     209
     199
     237
     207
     192
     200
     183
     191
     195
     160
     198
     186
     178
     168
     182
     176
     176
     152
     154
     157
     153
     174
     165
     151
     160
     158
     154
     150
     131
     145
     189
     147
     140
     160
     138
     160
     149
     122
     139
     150
     130
     139
     140
     143
     144
     136
     150
     143
     133
     127
     135
     138
     145
     130
     124
     141
     112
     142
     111
     132
     112
     135
     133
     118
     124
      97
     123
     138
     109
     140
     138
     127
     129
     110
     127
     128
     126
     120
     132
     100
     107
     124
     101
     104
     116
     117
     101
     114
     121
     108
     123
     111
     112
     105
     135
     134
     125
     112
      95
     108
     112
     124
     116
     125
     122
     112
     130
     116
     133
     117
     111
     123
     127
     144
     133
     139
     142
     140
     138
     156
     172
     164
     168
     171
     172
     182
     174
     183
     201
     224
     213
     199
     227
     270
     304
     294
     281
     327
     343
     332
     406
     385
     448
     449
     490
     492
     538
     535
     618
     632
     648
     672
     703
     744
     746
     791
     815
     811
     904
     906
     939
    1056
    1038
    1040
    1103
    1113
    1130
    1178
    1198
    1239
    1344
    1271
    1272
    1279
    1350
    1246
    1426
    1329
    1361
    1312
    1311
    1318
    1333
    1301
    1364
    1301
    1265
    1227
    1225
    1195
    1134
    1051
    1074
    1005
     983
     959
     872
     871
     873
     815
     750
     753
     703
     641
     595
     600
     545
     451
     462
     458
     422
     379
     334
     345
     314
     285
     264
     206
     237
     201
     188
     180
     148
     159
     145
     122
     126
     117
     110
      86
      93
      93
      72
      74
      66
      78
      71
      59
      71
      70
      41
      47
      58
      60
      56
      40
      52
      61
      47
      53
      47
      49
      47
      57
      62
      52
      59
      45
      59
      52
      51
      55
      53
      49
      57
      40
      31
      41
      34
      61
      46
      63
      43
      52
      49
      52
      48
      53
      53
      46
      55
      46
      43
      40
      49
      44
      37
      53
      44
      39
      48
      57
      43
      44
      51
      58
      46
      39
      43
      37
      58
      43
      48
      51
      46
      34
      45
      55
      54
      44
      45
      40
      41
      37
      44
      39
      42
      42
      41
      44
      52
      46
      47
      34
      46
      48
      50
      33
      42
      51
      51
      53
      36
      54
      43
      43
      34
      43
      47
      54
      40
      48
      40
      48
      41
      50
      37
      49
      42
      34
      45
      38
      44
      34
      44
      38
      34
      60
      43
      40
      44
      47
      43
      51
      41
      44
      46
      37
      34
      48
      56
      51
      46
      44
      38
      38
      47
      43
      31
      46
      38
      41
      54
      36
      46
      51
      53
      37
      33
      43
      51
      38
      34
      48
      36
      46
      47
      35
      47
      38
      49
      45
      35
      50
      40
      43
      47
      39
      43
      50
      33
      38
      36
      41
      41
      61
      49
      41
      39
      49
      47
      45
      51
      46
      40
      43
      32
      38
      54
      52
      37
      51
      50
      46
      45
      50
      47
      41
      38
      44
      46
      50
      53
      49
      50
      41
      46
      47
      51
      46
      40
      34
      48
      39
      41
      46
      39
      39
      47
      38
      36
      53
      39
      39
      35
      47
      38
      48
      57
      55
      37
      50
      44
      52
      38
      47
      49
      36
      42
      48
      50
      47
      48
      49
      41
      45
      52
      44
      49
      45
      39
      34
      50
      49
      49
      38
      45
      34
      42
      44
      39
      48
      51
      42
      41
      38
      45
      46
      47
      39
      49
      47
      49
      42
      48
      42
      51
      42
      59
      44
      53
      35
      46
      40
      45
      50
      41
      53
      30
      49
      54
      42
      39
      42
      44
      40
      56
      56
      51
      41
      53
      46
      58
      53
      47
      57
      37
      42
      33
      56
      39
      42
      47
      44
      51
      55
      50
      43
      55
      21
       0
       0
       0
       0
       0
       0
       0
       0
       0
       0
       0
       0
       0
       0
       0
       0
       0
       0
       0
       0
       0
       0
       0
       0
       0
       0
       0
       0
       0
       0
       0
       0
       0
       0
       0
       0
       0
       0
       0
       0
       0
       0
       0
       0
       0
       0
       0
       0
       0
       0
       0
       0
       0
       0
       0
       0
       0
       0
       0
       0
       0
       0
       0
       0
       0
       0
       0
$ROI:
2
95 97
514 605
$PRESETS:
Real Time
200
0
$ENER_FIT:
-289.438599 1.280702
$MCA_CAL:
3
-2.894386E+002 1.280702E+000 0.000000E+000
$SHAPE_CAL:
3
0.000000E+000 0.000000E+000 0.000000E+000
