$SPEC_ID:
MEASURE 920.
$SPEC_REM:
DET# 1
DETDESC# MCB 25
AP# Maestro Version 6.05
$DATE_MEA:
04/08/2003 12:44:48
$MEAS_TIM:
196 200
$DATA:
0 1023
       0
       0
       0
       0
       0
       0
       0
       0
       0
       0
       0
       0
       0
       0
       0
       0
       0
       0
       0
       0
       0
       0
       0
       0
       0
       0
       0
       0
       0
       0
       0
       0
       0
       0
       0
       0
       0
       0
       0
       0
       0
       0
       0
       0
     145
     266
     253
     260
     304
     288
     271
     258
     252
     266
     302
     307
     270
     267
     259
     282
     284
     268
     301
     277
     267
     278
     290
     292
     301
     294
     289
     300
     352
     289
     319
     359
     343
     340
     353
     343
     338
     349
     384
     364
     403
     377
     403
     368
     411
     381
     399
     365
     393
     457
     444
     463
     457
     465
     461
     444
     482
     488
     492
     491
     473
     459
     499
     477
     495
     504
     484
     505
     541
     473
     476
     497
     482
     568
     547
     535
     559
     527
     576
     613
     562
     583
     556
     597
     621
     594
     607
     607
     610
     581
     590
     567
     594
     591
     615
     595
     596
     636
     621
     612
     653
     625
     685
     659
     672
     620
     637
     619
     635
     629
     643
     592
     682
     627
     615
     587
     622
     577
     665
     645
     617
     642
     669
     627
     602
     577
     583
     590
     637
     650
     639
     595
     591
     609
     624
     617
     621
     611
     624
     588
     583
     658
     645
     583
     626
     642
     621
     631
     645
     625
     638
     653
     702
     689
     675
     700
     676
     689
     751
     676
     703
     715
     703
     679
     693
     703
     688
     684
     714
     668
     732
     747
     683
     667
     679
     661
     684
     660
     681
     689
     666
     626
     673
     652
     662
     621
     670
     632
     649
     620
     579
     615
     611
     628
     608
     635
     608
     554
     584
     576
     545
     585
     562
     542
     537
     561
     555
     540
     593
     547
     540
     589
     541
     550
     532
     490
     555
     526
     575
     488
     511
     517
     510
     537
     552
     480
     470
     495
     532
     532
     486
     460
     501
     501
     486
     469
     458
     482
     489
     457
     464
     453
     432
     438
     435
     489
     436
     444
     447
     418
     444
     426
     469
     406
     425
     449
     417
     441
     415
     413
     417
     389
     426
     429
     408
     413
     399
     405
     428
     401
     405
     386
     427
     392
     383
     391
     385
     400
     395
     395
     346
     397
     351
     369
     396
     388
     396
     362
     367
     347
     360
     323
     351
     380
     354
     353
     351
     377
     379
     386
     340
     349
     352
     347
     324
     314
     353
     324
     368
     349
     379
     330
     327
     353
     355
     335
     318
     323
     323
     335
     320
     270
     326
     278
     285
     266
     290
     293
     318
     287
     288
     282
     289
     275
     247
     252
     260
     246
     271
     262
     253
     244
     251
     245
     231
     221
     237
     236
     200
     211
     229
     197
     205
     192
     202
     180
     200
     199
     191
     193
     202
     187
     151
     180
     192
     164
     173
     189
     173
     166
     180
     150
     142
     161
     152
     141
     170
     165
     159
     160
     158
     146
     151
     135
     126
     165
     154
     122
     143
     132
     124
     130
     155
     142
     128
     137
     163
     143
     139
     149
     142
     105
     132
     136
     138
     127
     122
     117
     142
     130
     138
     120
     126
     119
     118
     132
     112
     116
     128
     126
     139
     119
     110
     114
     130
     137
     110
     114
     134
     111
     118
     110
     117
     137
     128
      91
     122
     137
     117
     110
     119
     112
     140
     103
     108
     116
     114
     111
     108
     134
     112
     118
     125
     118
     115
     112
     136
     115
     136
     141
     115
     118
     134
     136
     133
     125
     148
     131
     146
     154
     140
     132
     177
     138
     146
     141
     167
     181
     176
     167
     218
     209
     218
     224
     234
     247
     256
     286
     278
     306
     333
     356
     355
     380
     405
     450
     453
     468
     525
     545
     549
     585
     649
     626
     711
     797
     743
     781
     807
     841
     876
     949
     977
     970
    1000
    1022
    1053
    1156
    1113
    1178
    1251
    1201
    1317
    1275
    1277
    1320
    1320
    1365
    1334
    1344
    1355
    1297
    1302
    1411
    1329
    1237
    1315
    1252
    1214
    1238
    1238
    1224
    1138
    1118
    1070
    1050
     977
     996
     935
     917
     857
     757
     775
     760
     643
     691
     658
     535
     529
     526
     476
     436
     443
     386
     349
     353
     349
     255
     264
     225
     215
     191
     195
     169
     142
     147
     130
     135
     125
     113
      94
     103
      77
      86
      82
      84
      66
      93
      65
      70
      53
      64
      65
      61
      61
      54
      46
      48
      61
      52
      58
      41
      42
      47
      56
      49
      41
      49
      37
      48
      47
      58
      59
      45
      41
      52
      36
      45
      42
      48
      54
      54
      54
      54
      55
      41
      48
      53
      50
      46
      39
      46
      54
      52
      57
      43
      41
      51
      47
      39
      54
      55
      47
      52
      48
      52
      48
      44
      48
      38
      43
      52
      53
      62
      36
      55
      34
      48
      48
      47
      49
      42
      41
      48
      50
      45
      53
      44
      45
      50
      53
      42
      47
      48
      36
      46
      56
      36
      39
      53
      39
      34
      47
      59
      41
      48
      51
      39
      42
      44
      48
      47
      32
      38
      35
      49
      43
      40
      48
      42
      46
      42
      41
      40
      44
      36
      45
      46
      44
      46
      47
      53
      47
      50
      33
      39
      38
      47
      29
      42
      47
      51
      42
      43
      46
      45
      36
      46
      56
      33
      50
      31
      38
      43
      41
      45
      46
      56
      48
      52
      31
      45
      40
      39
      47
      34
      47
      47
      41
      42
      40
      41
      38
      39
      52
      59
      39
      33
      46
      43
      47
      32
      47
      46
      35
      48
      42
      49
      42
      39
      43
      44
      50
      33
      42
      50
      43
      44
      52
      35
      38
      35
      44
      36
      47
      35
      52
      47
      38
      55
      46
      41
      34
      48
      56
      50
      61
      43
      38
      47
      45
      39
      35
      47
      48
      36
      56
      40
      53
      55
      40
      44
      46
      45
      47
      62
      49
      59
      41
      39
      45
      50
      55
      53
      49
      34
      35
      45
      38
      38
      42
      50
      49
      40
      38
      56
      46
      41
      50
      49
      47
      50
      53
      45
      46
      49
      39
      54
      49
      41
      41
      46
      41
      50
      43
      48
      49
      57
      41
      39
      36
      51
      35
      43
      37
      40
      50
      49
      52
      47
      49
      46
      42
      54
      46
      45
      40
      37
      48
      48
      44
      38
      39
      50
      50
      47
      52
      44
      41
      29
      46
      56
      55
      49
      37
      50
      44
      59
      49
      47
      39
      49
      35
      55
      61
      50
      46
      54
      50
      51
      44
      23
       2
       0
       0
       0
       0
       0
       0
       0
       0
       0
       0
       0
       0
       0
       0
       0
       0
       0
       0
       0
       0
       0
       0
       0
       0
       0
       0
       0
       0
       0
       0
       0
       0
       0
       0
       0
       0
       0
       0
       0
       0
       0
       0
       0
       0
       0
       0
       0
       0
       0
       0
       0
       0
       0
       0
       0
       0
       0
       0
       0
       0
       0
       0
       0
       0
       0
       0
       0
$ROI:
2
95 97
514 605
$PRESETS:
Real Time
200
0
$ENER_FIT:
-289.438599 1.280702
$MCA_CAL:
3
-2.894386E+002 1.280702E+000 0.000000E+000
$SHAPE_CAL:
3
0.000000E+000 0.000000E+000 0.000000E+000
