$SPEC_ID:
MEASURE 080.
$SPEC_REM:
DET# 1
DETDESC# MCB 25
AP# Maestro Version 6.05
$DATE_MEA:
04/09/2003 02:04:48
$MEAS_TIM:
196 200
$DATA:
0 1023
       0
       0
       0
       0
       0
       0
       0
       0
       0
       0
       0
       0
       0
       0
       0
       0
       0
       0
       0
       0
       0
       0
       0
       0
       0
       0
       0
       0
       0
       0
       0
       0
       0
       0
       0
       0
       0
       0
       0
       0
       0
       0
       0
       0
     148
     232
     289
     265
     255
     273
     291
     260
     295
     255
     298
     291
     254
     309
     277
     244
     296
     254
     257
     287
     269
     296
     303
     288
     356
     314
     354
     323
     334
     305
     308
     336
     336
     321
     346
     358
     334
     336
     367
     386
     364
     353
     407
     391
     388
     414
     423
     354
     425
     422
     464
     444
     479
     479
     437
     470
     486
     488
     475
     476
     486
     506
     477
     484
     503
     492
     524
     522
     509
     534
     511
     530
     572
     558
     529
     578
     551
     545
     541
     533
     553
     519
     538
     542
     569
     591
     568
     592
     582
     629
     588
     595
     604
     584
     625
     617
     633
     603
     649
     613
     617
     595
     605
     620
     627
     661
     594
     623
     611
     619
     618
     606
     633
     578
     614
     642
     632
     620
     664
     637
     657
     597
     659
     644
     586
     633
     593
     604
     638
     633
     574
     588
     565
     594
     634
     623
     602
     587
     618
     666
     607
     622
     621
     614
     642
     615
     608
     656
     645
     653
     654
     647
     649
     731
     673
     666
     698
     700
     685
     679
     728
     752
     714
     715
     711
     704
     684
     699
     726
     735
     718
     698
     726
     678
     706
     707
     659
     664
     664
     704
     681
     665
     643
     649
     646
     637
     618
     612
     619
     608
     559
     633
     572
     611
     626
     575
     601
     600
     611
     568
     556
     563
     584
     533
     577
     580
     554
     568
     561
     567
     548
     539
     515
     506
     533
     579
     509
     542
     506
     572
     546
     532
     533
     514
     478
     503
     513
     508
     483
     500
     529
     485
     499
     482
     497
     459
     477
     469
     438
     488
     464
     476
     464
     444
     457
     429
     440
     389
     460
     431
     451
     442
     441
     439
     422
     419
     424
     395
     439
     389
     422
     414
     386
     417
     415
     375
     419
     397
     393
     381
     420
     371
     410
     387
     401
     414
     393
     370
     371
     401
     408
     390
     409
     372
     369
     400
     393
     354
     407
     380
     382
     373
     370
     370
     324
     381
     400
     375
     360
     342
     352
     321
     340
     367
     365
     367
     350
     354
     348
     350
     383
     361
     352
     359
     333
     324
     323
     360
     328
     296
     305
     315
     308
     309
     325
     286
     317
     301
     322
     270
     274
     279
     243
     262
     274
     259
     250
     239
     279
     226
     228
     225
     273
     223
     187
     209
     214
     213
     216
     189
     207
     197
     225
     193
     199
     205
     180
     186
     176
     174
     186
     199
     190
     185
     182
     187
     147
     170
     166
     182
     163
     179
     187
     146
     161
     186
     148
     140
     166
     173
     163
     151
     153
     163
     149
     147
     157
     151
     148
     161
     136
     146
     143
     142
     142
     134
     137
     134
     142
     123
     123
     121
     132
     121
     111
     155
     132
     124
     130
     141
     128
     126
     123
     129
     131
     133
     127
     133
     141
     137
     133
     113
     118
     134
     129
     124
     122
     108
     123
     102
     128
     126
     116
     112
     119
     112
     113
     127
     122
      98
     114
     128
     116
     118
     121
     117
     123
     105
     118
     147
     120
     108
     128
     131
     114
     116
     125
     128
     142
     142
     134
     146
     137
     134
     127
     143
     131
     125
     153
     156
     152
     169
     138
     166
     147
     155
     174
     178
     189
     190
     201
     229
     214
     240
     263
     262
     284
     267
     248
     296
     328
     355
     326
     419
     422
     438
     451
     461
     514
     541
     570
     594
     593
     652
     674
     700
     731
     797
     792
     889
     971
     911
     999
     999
    1048
     988
    1125
    1125
    1189
    1154
    1266
    1249
    1214
    1239
    1311
    1262
    1300
    1246
    1349
    1357
    1332
    1338
    1317
    1356
    1332
    1279
    1283
    1336
    1255
    1200
    1144
    1200
    1189
    1168
    1105
    1108
    1059
    1003
     930
     888
     894
     858
     773
     731
     733
     634
     607
     610
     562
     507
     450
     459
     427
     379
     372
     326
     329
     263
     283
     242
     232
     225
     183
     158
     156
     148
     139
     141
     131
     114
     116
      95
      88
      86
      70
      73
      72
      66
      68
      65
      55
      68
      58
      51
      60
      53
      55
      65
      57
      56
      44
      50
      73
      51
      48
      61
      38
      58
      61
      44
      58
      62
      38
      36
      40
      49
      52
      40
      61
      54
      37
      44
      42
      54
      38
      44
      35
      44
      52
      48
      52
      50
      42
      50
      45
      44
      50
      41
      32
      43
      50
      58
      40
      48
      44
      47
      53
      57
      45
      47
      50
      54
      50
      38
      43
      40
      47
      50
      35
      52
      47
      46
      34
      40
      45
      56
      38
      37
      44
      50
      48
      42
      46
      35
      49
      62
      42
      46
      40
      57
      47
      46
      47
      39
      41
      45
      41
      50
      38
      52
      38
      39
      53
      42
      50
      41
      40
      42
      57
      44
      40
      43
      40
      43
      41
      55
      54
      45
      39
      49
      40
      41
      47
      51
      38
      51
      41
      57
      36
      41
      61
      40
      50
      55
      39
      52
      52
      40
      49
      34
      41
      54
      27
      42
      24
      44
      34
      48
      47
      38
      36
      41
      47
      36
      43
      49
      42
      34
      37
      57
      43
      56
      44
      39
      46
      44
      42
      47
      38
      43
      42
      48
      50
      42
      47
      41
      40
      36
      42
      47
      48
      41
      44
      48
      50
      47
      63
      41
      36
      40
      39
      51
      38
      52
      52
      52
      46
      45
      48
      37
      40
      47
      51
      46
      40
      38
      51
      55
      40
      51
      37
      42
      48
      37
      50
      42
      44
      41
      47
      38
      44
      33
      34
      54
      47
      40
      48
      56
      40
      51
      41
      51
      44
      46
      44
      46
      47
      39
      38
      35
      40
      35
      48
      48
      36
      55
      39
      47
      45
      46
      52
      42
      61
      48
      36
      46
      37
      37
      40
      42
      41
      40
      47
      47
      50
      43
      54
      49
      48
      36
      58
      50
      40
      52
      47
      48
      51
      35
      49
      40
      43
      27
      41
      47
      41
      45
      46
      47
      35
      43
      35
      45
      44
      55
      37
      37
      34
      48
      40
      58
      45
      44
      40
      34
      47
      53
      43
      49
      36
      30
      52
      37
      44
      52
      40
      49
      51
      54
      48
      39
      39
      49
       3
       0
       0
       0
       0
       0
       0
       0
       0
       0
       0
       0
       0
       0
       0
       0
       0
       0
       0
       0
       0
       0
       0
       0
       0
       0
       0
       0
       0
       0
       0
       0
       0
       0
       0
       0
       0
       0
       0
       0
       0
       0
       0
       0
       0
       0
       0
       0
       0
       0
       0
       0
       0
       0
       0
       0
       0
       0
       0
       0
       0
       0
       0
       0
       0
       0
       0
       0
$ROI:
2
95 97
514 605
$PRESETS:
Real Time
200
0
$ENER_FIT:
-289.438599 1.280702
$MCA_CAL:
3
-2.894386E+002 1.280702E+000 0.000000E+000
$SHAPE_CAL:
3
0.000000E+000 0.000000E+000 0.000000E+000
