$SPEC_ID:
MEASURE 142.
$SPEC_REM:
DET# 1
DETDESC# MCB 25
AP# Maestro Version 6.05
$DATE_MEA:
04/09/2003 07:14:48
$MEAS_TIM:
196 200
$DATA:
0 1023
       0
       0
       0
       0
       0
       0
       0
       0
       0
       0
       0
       0
       0
       0
       0
       0
       0
       0
       0
       0
       0
       0
       0
       0
       0
       0
       0
       0
       0
       0
       0
       0
       0
       0
       0
       0
       0
       0
       0
       0
       0
       0
       0
       0
     131
     234
     267
     252
     294
     282
     272
     292
     246
     275
     288
     289
     292
     289
     266
     304
     271
     273
     292
     296
     298
     291
     316
     256
     318
     305
     300
     300
     331
     330
     322
     350
     344
     321
     335
     327
     337
     367
     348
     360
     375
     408
     378
     394
     419
     383
     393
     420
     421
     437
     436
     441
     460
     429
     434
     451
     444
     519
     490
     460
     479
     445
     473
     508
     532
     522
     515
     519
     546
     521
     522
     545
     545
     560
     499
     543
     501
     569
     522
     524
     527
     519
     582
     578
     553
     575
     624
     601
     609
     602
     583
     595
     582
     624
     627
     605
     622
     596
     622
     554
     583
     631
     660
     646
     656
     628
     641
     615
     598
     643
     592
     647
     606
     619
     600
     604
     659
     611
     642
     595
     598
     578
     651
     650
     607
     614
     656
     650
     608
     651
     635
     638
     607
     594
     636
     623
     615
     663
     627
     632
     647
     615
     638
     645
     631
     591
     656
     622
     671
     614
     658
     648
     636
     660
     646
     671
     691
     705
     675
     746
     741
     699
     710
     739
     754
     699
     665
     679
     719
     728
     702
     674
     688
     687
     726
     677
     692
     664
     702
     662
     686
     646
     671
     653
     676
     618
     680
     636
     643
     606
     604
     595
     658
     630
     600
     595
     514
     569
     589
     577
     538
     579
     598
     594
     556
     580
     564
     561
     574
     583
     542
     535
     540
     597
     566
     522
     562
     504
     539
     529
     497
     521
     488
     529
     486
     489
     513
     526
     492
     505
     538
     466
     496
     472
     463
     503
     472
     458
     490
     451
     438
     457
     481
     457
     481
     448
     452
     435
     463
     445
     442
     432
     433
     444
     392
     421
     434
     402
     391
     440
     390
     431
     422
     391
     411
     393
     372
     407
     410
     380
     399
     408
     415
     364
     380
     385
     411
     394
     351
     401
     424
     375
     344
     392
     369
     358
     381
     385
     376
     391
     376
     371
     363
     361
     362
     378
     326
     370
     360
     357
     341
     364
     365
     346
     316
     316
     356
     358
     327
     334
     336
     346
     316
     341
     332
     332
     313
     300
     314
     322
     324
     330
     315
     315
     318
     280
     287
     293
     280
     298
     263
     267
     278
     253
     314
     276
     258
     256
     252
     238
     216
     246
     228
     242
     245
     236
     220
     214
     217
     237
     224
     192
     233
     184
     221
     205
     178
     193
     220
     195
     178
     178
     170
     191
     168
     174
     162
     166
     164
     172
     161
     187
     166
     192
     164
     170
     150
     153
     159
     158
     149
     149
     141
     139
     134
     150
     144
     130
     148
     150
     169
     156
     154
     136
     141
     160
     146
     152
     122
     145
     138
     124
     139
     120
     141
     135
     132
     107
     136
     127
     114
     134
     131
     129
     140
     140
     141
     126
     130
     114
     113
     113
     134
     121
     106
     109
     115
     129
     102
     122
     112
     127
     118
     120
     125
     109
     118
     134
     107
     116
     105
     106
     128
     126
     115
     146
     111
     120
     105
      95
     114
     110
     107
     122
     127
     105
     113
     131
     108
     106
     111
     119
      99
     149
     120
     119
     140
     128
     143
     146
     148
     139
     139
     139
     154
     158
     161
     184
     183
     169
     177
     189
     205
     231
     197
     238
     268
     250
     259
     283
     329
     297
     335
     360
     349
     360
     485
     435
     465
     504
     507
     586
     585
     636
     639
     642
     691
     801
     805
     786
     893
     824
     887
     941
     968
     995
    1087
    1054
    1107
    1145
    1203
    1151
    1191
    1227
    1287
    1269
    1286
    1277
    1338
    1389
    1355
    1321
    1324
    1388
    1345
    1343
    1312
    1366
    1318
    1238
    1204
    1170
    1194
    1171
    1164
    1097
    1077
    1009
    1004
     970
     956
     897
     812
     814
     736
     678
     660
     691
     616
     553
     535
     479
     474
     425
     417
     368
     342
     324
     313
     274
     249
     221
     231
     217
     191
     169
     167
     152
     134
     117
     110
     108
     101
     102
      71
      88
      77
      70
      79
      78
      65
      77
      61
      40
      48
      55
      52
      35
      47
      54
      62
      50
      48
      49
      49
      58
      47
      38
      51
      49
      58
      55
      53
      42
      46
      47
      48
      45
      46
      50
      49
      54
      47
      49
      58
      45
      41
      53
      57
      63
      38
      51
      49
      39
      33
      46
      49
      66
      49
      53
      54
      49
      40
      37
      42
      55
      50
      50
      50
      40
      44
      36
      38
      44
      54
      50
      60
      40
      52
      37
      43
      46
      47
      40
      39
      48
      49
      30
      42
      44
      46
      55
      47
      45
      46
      37
      46
      31
      44
      57
      35
      31
      61
      31
      47
      43
      46
      43
      27
      36
      38
      50
      43
      48
      39
      32
      41
      48
      49
      44
      44
      36
      44
      50
      48
      44
      38
      39
      52
      32
      50
      48
      45
      50
      42
      47
      45
      39
      39
      39
      49
      40
      40
      44
      42
      41
      34
      41
      49
      39
      49
      48
      44
      41
      46
      45
      56
      41
      48
      41
      46
      56
      43
      36
      35
      42
      35
      48
      51
      46
      41
      30
      41
      44
      38
      54
      50
      46
      39
      42
      51
      53
      46
      35
      32
      44
      41
      36
      51
      38
      45
      36
      52
      44
      44
      39
      34
      39
      37
      47
      45
      35
      52
      36
      41
      45
      50
      43
      53
      41
      50
      37
      40
      46
      53
      35
      39
      53
      41
      48
      38
      45
      41
      44
      49
      31
      45
      36
      32
      49
      48
      50
      40
      40
      56
      44
      43
      38
      43
      41
      56
      40
      51
      49
      55
      38
      48
      51
      53
      36
      43
      39
      39
      46
      40
      56
      46
      44
      41
      53
      48
      41
      46
      52
      27
      36
      39
      45
      40
      45
      51
      48
      49
      56
      46
      57
      41
      49
      44
      41
      51
      59
      34
      57
      44
      49
      37
      39
      55
      49
      47
      48
      39
      50
      45
      39
      42
      36
      28
      63
      48
      56
      59
      44
      45
      47
      55
      47
      48
      40
      54
      39
      50
      36
      42
      56
      43
      51
      37
      54
      40
      49
      40
      57
      47
      49
      50
      53
      56
      54
      45
      45
      18
       0
       0
       0
       0
       0
       0
       0
       0
       0
       0
       0
       0
       0
       0
       0
       0
       0
       0
       0
       0
       0
       0
       0
       0
       0
       0
       0
       0
       0
       0
       0
       0
       0
       0
       0
       0
       0
       0
       0
       0
       0
       0
       0
       0
       0
       0
       0
       0
       0
       0
       0
       0
       0
       0
       0
       0
       0
       0
       0
       0
       0
       0
       0
       0
       0
       0
       0
$ROI:
2
95 97
514 605
$PRESETS:
Real Time
200
0
$ENER_FIT:
-289.438599 1.280702
$MCA_CAL:
3
-2.894386E+002 1.280702E+000 0.000000E+000
$SHAPE_CAL:
3
0.000000E+000 0.000000E+000 0.000000E+000
