$SPEC_ID:
MEASURE 105.
$SPEC_REM:
DET# 1
DETDESC# MCB 25
AP# Maestro Version 6.05
$DATE_MEA:
04/09/2003 04:09:48
$MEAS_TIM:
196 200
$DATA:
0 1023
       0
       0
       0
       0
       0
       0
       0
       0
       0
       0
       0
       0
       0
       0
       0
       0
       0
       0
       0
       0
       0
       0
       0
       0
       0
       0
       0
       0
       0
       0
       0
       0
       0
       0
       0
       0
       0
       0
       0
       0
       0
       0
       0
       0
     130
     262
     261
     286
     262
     245
     290
     239
     267
     263
     277
     272
     278
     273
     286
     283
     300
     307
     269
     256
     276
     297
     307
     263
     284
     317
     287
     303
     302
     301
     306
     322
     326
     331
     351
     335
     354
     360
     354
     337
     374
     413
     364
     383
     410
     399
     419
     440
     429
     462
     466
     422
     449
     453
     471
     488
     476
     468
     499
     497
     431
     453
     479
     488
     494
     523
     503
     527
     487
     491
     541
     539
     533
     538
     600
     570
     567
     537
     550
     581
     545
     537
     559
     549
     549
     582
     608
     567
     610
     552
     565
     625
     591
     593
     619
     632
     647
     633
     665
     575
     646
     602
     600
     601
     633
     625
     616
     630
     637
     594
     620
     625
     621
     644
     636
     672
     659
     622
     640
     611
     584
     580
     597
     590
     617
     601
     573
     652
     633
     630
     628
     645
     643
     589
     595
     582
     646
     650
     642
     597
     615
     637
     585
     618
     584
     661
     636
     673
     632
     637
     713
     614
     650
     675
     676
     681
     656
     739
     679
     698
     752
     733
     682
     729
     685
     762
     698
     799
     698
     687
     695
     703
     726
     709
     699
     685
     724
     673
     689
     701
     693
     659
     668
     616
     709
     663
     640
     629
     621
     616
     603
     602
     569
     579
     575
     600
     604
     636
     588
     586
     598
     533
     567
     565
     570
     508
     534
     553
     575
     550
     576
     523
     533
     516
     545
     551
     584
     515
     554
     511
     544
     512
     525
     534
     525
     494
     517
     466
     541
     486
     493
     463
     460
     502
     480
     519
     494
     486
     432
     477
     443
     462
     462
     462
     457
     459
     417
     464
     483
     454
     437
     422
     439
     413
     433
     423
     422
     412
     396
     379
     383
     429
     419
     380
     434
     411
     388
     390
     382
     385
     403
     378
     400
     427
     380
     406
     396
     399
     367
     375
     345
     407
     371
     367
     379
     379
     396
     366
     343
     353
     334
     383
     378
     371
     352
     354
     349
     378
     379
     371
     373
     352
     363
     334
     368
     368
     370
     354
     362
     370
     385
     358
     332
     328
     328
     336
     347
     347
     325
     310
     361
     319
     330
     295
     302
     300
     289
     286
     260
     287
     257
     253
     290
     260
     240
     269
     260
     267
     247
     229
     258
     255
     238
     244
     232
     226
     235
     216
     207
     219
     179
     222
     226
     211
     210
     201
     190
     177
     212
     197
     206
     172
     195
     188
     177
     206
     179
     166
     151
     159
     183
     163
     181
     164
     156
     133
     154
     170
     148
     166
     173
     159
     174
     153
     134
     146
     128
     142
     151
     128
     160
     131
     129
     142
     151
     147
     138
     131
     149
     123
     110
     143
     150
     120
     129
     108
     151
     140
     145
     135
     144
     128
     133
     138
     107
     136
     129
     125
     135
     142
     119
     113
     136
     124
     112
     113
     126
     136
     134
     105
     107
     117
     106
     120
     111
     125
     119
     126
     148
     117
     125
     109
     127
      95
     116
     123
     113
     125
     134
     133
     127
     146
     125
     120
     113
     108
     111
     119
     122
     128
     134
     123
     125
     131
     147
     119
     156
     146
     144
     140
     124
     153
     159
     152
     179
     183
     178
     192
     182
     192
     227
     204
     221
     214
     218
     245
     251
     297
     309
     306
     338
     330
     340
     399
     387
     438
     491
     446
     484
     557
     533
     594
     615
     679
     693
     705
     761
     806
     816
     868
     921
     909
     991
     997
    1040
    1064
    1102
    1140
    1118
    1187
    1213
    1230
    1223
    1303
    1298
    1309
    1312
    1331
    1314
    1370
    1348
    1286
    1378
    1375
    1380
    1368
    1292
    1260
    1282
    1287
    1223
    1195
    1150
    1117
    1046
    1099
    1010
     969
     947
     903
     861
     780
     731
     763
     740
     652
     623
     583
     572
     499
     477
     480
     442
     417
     387
     333
     334
     255
     269
     253
     225
     200
     206
     177
     188
     156
     134
     140
     121
     107
      88
     105
      75
      91
      79
      72
      57
      65
      74
      65
      49
      54
      54
      47
      58
      64
      51
      45
      51
      51
      44
      47
      45
      52
      46
      54
      49
      47
      42
      48
      56
      44
      49
      52
      44
      54
      42
      47
      46
      56
      39
      52
      45
      48
      33
      47
      53
      54
      58
      41
      46
      47
      44
      54
      50
      57
      37
      43
      39
      44
      28
      49
      47
      52
      39
      59
      61
      48
      44
      35
      43
      38
      61
      58
      51
      45
      44
      48
      53
      51
      51
      37
      44
      49
      42
      57
      40
      46
      41
      45
      44
      48
      47
      46
      40
      46
      46
      54
      51
      42
      50
      42
      48
      42
      52
      57
      33
      42
      39
      46
      67
      51
      40
      41
      44
      53
      42
      44
      45
      44
      50
      39
      41
      44
      45
      46
      32
      47
      35
      32
      32
      35
      34
      42
      42
      48
      41
      44
      37
      41
      40
      40
      34
      54
      43
      41
      48
      50
      45
      58
      52
      51
      49
      38
      52
      48
      45
      45
      30
      40
      34
      39
      36
      42
      42
      47
      46
      42
      44
      44
      38
      53
      47
      30
      45
      29
      44
      46
      39
      44
      49
      45
      55
      49
      33
      32
      45
      48
      49
      44
      43
      40
      32
      50
      42
      48
      47
      33
      46
      38
      58
      49
      38
      49
      53
      38
      51
      38
      32
      39
      42
      41
      36
      36
      38
      42
      45
      46
      54
      45
      49
      52
      49
      35
      42
      54
      53
      48
      48
      44
      41
      59
      47
      41
      52
      39
      57
      47
      52
      52
      54
      38
      50
      48
      57
      41
      53
      45
      63
      49
      48
      43
      40
      42
      49
      40
      48
      51
      52
      36
      55
      47
      48
      39
      42
      54
      45
      38
      36
      43
      44
      32
      41
      41
      28
      50
      61
      41
      51
      52
      49
      39
      42
      59
      47
      36
      40
      44
      55
      55
      51
      50
      64
      43
      33
      58
      58
      52
      48
      41
      45
      48
      47
      48
      48
      54
      44
      57
      48
      42
      54
      41
      44
      54
      39
      51
      53
      45
      45
      38
      59
      44
      51
      44
      57
      40
      41
      56
      51
      48
      43
      37
       2
       0
       0
       0
       0
       0
       0
       0
       0
       0
       0
       0
       0
       0
       0
       0
       0
       0
       0
       0
       0
       0
       0
       0
       0
       0
       0
       0
       0
       0
       0
       0
       0
       0
       0
       0
       0
       0
       0
       0
       0
       0
       0
       0
       0
       0
       0
       0
       0
       0
       0
       0
       0
       0
       0
       0
       0
       0
       0
       0
       0
       0
       0
       0
       0
       0
       0
       0
$ROI:
2
95 97
514 605
$PRESETS:
Real Time
200
0
$ENER_FIT:
-289.438599 1.280702
$MCA_CAL:
3
-2.894386E+002 1.280702E+000 0.000000E+000
$SHAPE_CAL:
3
0.000000E+000 0.000000E+000 0.000000E+000
