$SPEC_ID:
MEASURE 237.
$SPEC_REM:
DET# 1
DETDESC# MCB 25
AP# Maestro Version 6.05
$DATE_MEA:
04/09/2003 15:09:48
$MEAS_TIM:
196 200
$DATA:
0 1023
       0
       0
       0
       0
       0
       0
       0
       0
       0
       0
       0
       0
       0
       0
       0
       0
       0
       0
       0
       0
       0
       0
       0
       0
       0
       0
       0
       0
       0
       0
       0
       0
       0
       0
       0
       0
       0
       0
       0
       0
       0
       0
       0
       0
     102
     285
     281
     261
     263
     299
     281
     292
     276
     278
     267
     282
     272
     256
     274
     273
     277
     324
     261
     297
     277
     255
     297
     307
     284
     277
     294
     333
     342
     303
     318
     305
     305
     318
     366
     352
     335
     305
     362
     383
     351
     360
     383
     378
     431
     394
     396
     433
     397
     402
     436
     426
     439
     440
     436
     451
     476
     440
     482
     484
     547
     457
     477
     508
     498
     521
     497
     506
     497
     514
     525
     506
     572
     538
     544
     504
     541
     566
     533
     553
     544
     576
     578
     547
     605
     553
     614
     609
     588
     585
     574
     622
     623
     571
     601
     601
     590
     638
     574
     593
     633
     647
     602
     600
     628
     635
     643
     632
     630
     624
     586
     649
     601
     648
     667
     599
     634
     614
     663
     543
     616
     646
     659
     660
     635
     630
     615
     646
     622
     684
     626
     602
     556
     643
     656
     606
     600
     621
     606
     661
     652
     647
     657
     609
     650
     611
     596
     595
     603
     631
     631
     690
     652
     641
     692
     636
     632
     678
     680
     713
     691
     701
     673
     664
     685
     657
     702
     708
     715
     708
     721
     681
     680
     658
     670
     680
     681
     668
     678
     675
     702
     660
     660
     663
     574
     687
     643
     572
     593
     616
     601
     618
     644
     619
     581
     607
     615
     562
     600
     608
     554
     548
     583
     601
     555
     541
     525
     558
     513
     531
     587
     582
     554
     509
     531
     525
     528
     550
     477
     530
     488
     520
     511
     464
     494
     498
     501
     513
     515
     496
     482
     461
     473
     441
     488
     477
     469
     521
     440
     471
     419
     471
     453
     487
     490
     445
     448
     431
     450
     454
     434
     486
     452
     419
     419
     446
     462
     403
     420
     367
     411
     398
     404
     420
     445
     392
     399
     405
     404
     372
     397
     396
     374
     397
     359
     385
     409
     399
     402
     387
     355
     398
     372
     362
     340
     352
     375
     375
     387
     347
     404
     407
     383
     385
     353
     359
     372
     389
     347
     344
     365
     345
     342
     361
     351
     327
     323
     356
     340
     347
     366
     320
     334
     320
     340
     332
     312
     341
     323
     327
     288
     277
     326
     329
     296
     282
     281
     309
     335
     300
     311
     320
     294
     305
     292
     265
     249
     290
     261
     261
     250
     237
     204
     230
     226
     233
     212
     234
     218
     228
     224
     193
     206
     216
     224
     204
     184
     195
     184
     181
     166
     177
     196
     199
     196
     186
     184
     175
     171
     166
     176
     179
     154
     158
     135
     155
     150
     177
     154
     149
     146
     160
     160
     173
     195
     167
     166
     147
     150
     160
     141
     130
     129
     118
     145
     149
     150
     139
     118
     158
     128
     139
     118
     138
     149
     130
     132
     138
     132
     130
     114
     151
     129
     100
      99
     127
     112
     119
     140
     144
     144
     124
     125
     107
     128
     127
     124
     124
     116
     110
     120
     117
     117
     108
     132
     114
     108
     128
     133
     123
     121
     113
     123
     130
     111
     121
     115
     116
     116
     113
     117
     134
     120
     117
     116
     122
     109
     140
     137
     116
     123
     136
     131
     132
     141
     133
     133
     114
     139
     136
     134
     148
     147
     144
     146
     149
     168
     148
     155
     173
     153
     187
     195
     183
     215
     210
     213
     232
     217
     230
     249
     284
     288
     310
     364
     363
     366
     373
     428
     474
     457
     489
     485
     514
     562
     591
     601
     654
     701
     727
     755
     797
     814
     774
     863
     917
     956
     963
    1010
    1008
    1106
    1160
    1184
    1119
    1215
    1250
    1215
    1219
    1315
    1375
    1300
    1346
    1309
    1404
    1372
    1349
    1363
    1298
    1262
    1266
    1273
    1295
    1208
    1234
    1224
    1208
    1132
    1113
    1109
    1038
     955
    1048
     955
     920
     885
     843
     766
     732
     698
     654
     618
     602
     524
     517
     508
     449
     420
     369
     389
     361
     349
     268
     283
     267
     219
     201
     187
     170
     177
     151
     138
     151
     121
     110
     103
      83
      82
     105
      73
     103
      83
      77
      60
      61
      47
      65
      64
      51
      46
      37
      50
      50
      48
      50
      41
      53
      62
      52
      52
      49
      54
      33
      48
      59
      55
      45
      38
      56
      50
      52
      39
      43
      62
      52
      55
      56
      57
      42
      60
      37
      47
      59
      54
      38
      50
      56
      49
      57
      52
      43
      58
      59
      41
      69
      55
      45
      42
      45
      55
      47
      46
      50
      50
      50
      48
      41
      56
      44
      55
      39
      66
      42
      43
      48
      49
      33
      37
      35
      40
      54
      50
      43
      38
      41
      49
      48
      54
      54
      50
      47
      42
      43
      39
      43
      48
      45
      38
      45
      44
      41
      52
      47
      48
      34
      52
      41
      46
      34
      43
      53
      49
      42
      41
      47
      45
      46
      39
      55
      48
      57
      51
      33
      50
      45
      41
      43
      51
      47
      34
      40
      35
      53
      45
      41
      39
      46
      51
      48
      48
      48
      43
      46
      44
      41
      35
      51
      37
      44
      43
      45
      40
      49
      39
      51
      32
      34
      39
      39
      40
      45
      38
      37
      48
      45
      41
      39
      58
      45
      34
      41
      43
      54
      38
      45
      48
      44
      45
      38
      37
      45
      41
      36
      55
      48
      39
      47
      46
      49
      37
      44
      45
      40
      36
      49
      47
      50
      50
      47
      41
      44
      55
      26
      40
      36
      39
      59
      43
      37
      55
      49
      41
      47
      46
      46
      41
      40
      56
      48
      49
      38
      50
      50
      40
      41
      33
      48
      40
      37
      37
      47
      34
      43
      45
      37
      46
      42
      34
      70
      33
      39
      50
      46
      47
      42
      51
      43
      41
      39
      43
      53
      40
      34
      37
      43
      45
      45
      43
      48
      52
      38
      45
      37
      47
      47
      35
      35
      51
      43
      45
      48
      44
      46
      45
      46
      44
      42
      39
      36
      53
      27
      48
      51
      49
      58
      45
      34
      55
      50
      52
      39
      40
      43
      41
      43
      42
      39
      41
      49
      37
      41
      39
      44
      51
      44
      47
      45
      52
      38
      54
      44
      37
      44
      43
      37
      38
      46
      43
      50
      24
      38
      50
      45
      39
       1
       0
       0
       0
       0
       0
       0
       0
       0
       0
       0
       0
       0
       0
       0
       0
       0
       0
       0
       0
       0
       0
       0
       0
       0
       0
       0
       0
       0
       0
       0
       0
       0
       0
       0
       0
       0
       0
       0
       0
       0
       0
       0
       0
       0
       0
       0
       0
       0
       0
       0
       0
       0
       0
       0
       0
       0
       0
       0
       0
       0
       0
       0
       0
       0
       0
       0
$ROI:
2
95 97
514 605
$PRESETS:
Real Time
200
0
$ENER_FIT:
-289.438599 1.280702
$MCA_CAL:
3
-2.894386E+002 1.280702E+000 0.000000E+000
$SHAPE_CAL:
3
0.000000E+000 0.000000E+000 0.000000E+000
