$SPEC_ID:
MEASURE 139.
$SPEC_REM:
DET# 1
DETDESC# MCB 25
AP# Maestro Version 6.05
$DATE_MEA:
04/09/2003 06:59:48
$MEAS_TIM:
196 200
$DATA:
0 1023
       0
       0
       0
       0
       0
       0
       0
       0
       0
       0
       0
       0
       0
       0
       0
       0
       0
       0
       0
       0
       0
       0
       0
       0
       0
       0
       0
       0
       0
       0
       0
       0
       0
       0
       0
       0
       0
       0
       0
       0
       0
       0
       0
       0
     100
     255
     258
     255
     290
     293
     265
     255
     304
     292
     282
     253
     283
     268
     278
     285
     287
     319
     268
     285
     289
     298
     291
     276
     269
     300
     329
     337
     304
     310
     307
     353
     324
     334
     321
     322
     364
     356
     338
     376
     372
     362
     357
     392
     425
     386
     406
     410
     415
     390
     441
     396
     439
     452
     458
     471
     479
     464
     434
     471
     479
     486
     477
     506
     490
     512
     510
     509
     502
     510
     505
     536
     538
     534
     537
     542
     525
     550
     508
     553
     566
     570
     572
     565
     564
     589
     568
     536
     588
     597
     605
     601
     586
     631
     581
     613
     569
     627
     600
     612
     590
     593
     595
     635
     615
     614
     607
     596
     573
     606
     592
     623
     621
     634
     624
     613
     604
     681
     689
     625
     582
     580
     613
     618
     652
     632
     608
     644
     644
     619
     589
     594
     609
     577
     626
     592
     607
     665
     617
     606
     607
     643
     589
     614
     643
     657
     625
     648
     634
     633
     694
     677
     668
     637
     653
     677
     680
     670
     710
     683
     708
     761
     704
     704
     732
     696
     705
     698
     719
     718
     677
     740
     660
     729
     704
     667
     659
     645
     684
     680
     671
     631
     703
     634
     660
     648
     620
     628
     564
     600
     591
     575
     635
     590
     585
     604
     583
     616
     567
     598
     575
     537
     549
     576
     559
     571
     551
     570
     551
     564
     537
     533
     483
     529
     527
     514
     517
     540
     491
     511
     516
     538
     514
     566
     497
     529
     524
     508
     488
     474
     511
     502
     485
     508
     472
     487
     481
     471
     498
     509
     460
     442
     512
     485
     441
     459
     451
     422
     459
     441
     451
     430
     421
     426
     424
     431
     419
     416
     394
     406
     407
     418
     406
     439
     425
     424
     406
     425
     397
     385
     386
     386
     386
     386
     394
     368
     397
     400
     400
     380
     436
     372
     342
     365
     400
     398
     359
     388
     351
     341
     372
     399
     368
     373
     373
     350
     381
     367
     343
     373
     354
     346
     360
     323
     346
     344
     340
     379
     371
     345
     301
     374
     361
     355
     311
     355
     339
     310
     299
     318
     310
     327
     335
     304
     331
     289
     302
     276
     307
     288
     290
     281
     259
     279
     286
     237
     275
     249
     227
     247
     233
     244
     242
     244
     244
     191
     233
     226
     234
     245
     231
     215
     220
     214
     198
     178
     199
     184
     199
     187
     212
     187
     198
     168
     182
     175
     158
     167
     167
     150
     172
     186
     144
     172
     156
     156
     135
     141
     173
     152
     172
     145
     165
     163
     169
     145
     147
     132
     139
     131
     153
     127
     139
     133
     108
     133
     123
     130
     160
     139
     136
     143
     129
     132
     125
     137
     150
     137
     135
     119
     118
     138
     146
     127
     118
     135
     128
     129
     142
     140
     113
     111
     128
     116
     126
     114
     139
     107
     109
     126
     115
      95
     123
     124
     127
     136
     125
     111
     124
      98
     107
     122
     117
     121
     128
     113
     110
     116
     111
      97
     111
     104
     119
     100
     115
     118
     112
     133
     117
     125
     118
     115
     132
     130
     133
      99
     128
     129
     139
     171
     132
     153
     140
     164
     175
     181
     149
     191
     154
     190
     195
     190
     184
     233
     218
     259
     272
     275
     275
     305
     309
     333
     334
     372
     354
     398
     429
     408
     506
     486
     561
     575
     550
     627
     618
     675
     679
     758
     780
     782
     856
     892
     903
     947
     994
    1055
    1071
    1076
    1126
    1177
    1138
    1147
    1234
    1246
    1288
    1236
    1335
    1383
    1303
    1330
    1284
    1322
    1349
    1362
    1305
    1306
    1361
    1296
    1255
    1253
    1275
    1179
    1167
    1212
    1156
    1038
    1101
    1019
    1033
     925
     870
     841
     781
     789
     746
     725
     660
     645
     610
     545
     568
     489
     413
     412
     374
     333
     359
     296
     298
     245
     256
     230
     227
     178
     203
     151
     162
     172
     143
     123
     113
      98
      85
      84
      74
      90
      74
      68
      65
      65
      60
      61
      56
      62
      65
      41
      52
      54
      57
      38
      50
      40
      57
      43
      43
      34
      58
      56
      51
      47
      49
      53
      43
      45
      36
      46
      50
      44
      60
      72
      50
      54
      39
      52
      47
      55
      57
      38
      43
      38
      41
      56
      49
      52
      44
      51
      47
      56
      52
      38
      39
      53
      49
      48
      44
      45
      49
      41
      39
      46
      51
      58
      42
      63
      43
      50
      47
      47
      46
      46
      38
      45
      38
      44
      46
      49
      51
      51
      50
      37
      36
      51
      44
      48
      45
      51
      43
      39
      40
      48
      44
      42
      36
      48
      37
      46
      44
      41
      56
      48
      49
      40
      41
      35
      46
      48
      38
      50
      38
      43
      30
      36
      32
      54
      43
      44
      56
      45
      47
      61
      45
      46
      44
      39
      49
      46
      51
      39
      43
      54
      55
      51
      38
      46
      47
      44
      44
      44
      37
      36
      43
      33
      40
      41
      44
      36
      45
      56
      43
      39
      49
      49
      47
      41
      39
      48
      42
      40
      39
      47
      49
      46
      33
      37
      52
      38
      40
      53
      39
      38
      43
      43
      44
      41
      44
      42
      50
      52
      54
      36
      48
      39
      41
      35
      43
      50
      37
      43
      42
      42
      51
      43
      48
      42
      37
      58
      49
      50
      50
      37
      50
      51
      54
      37
      55
      39
      47
      43
      37
      41
      34
      43
      53
      42
      50
      47
      48
      40
      50
      39
      38
      45
      51
      57
      55
      36
      46
      48
      45
      40
      49
      40
      45
      43
      55
      43
      52
      50
      48
      42
      61
      51
      33
      48
      46
      45
      42
      34
      42
      43
      54
      50
      35
      58
      45
      61
      38
      47
      51
      38
      55
      48
      53
      57
      46
      44
      53
      41
      57
      45
      36
      45
      44
      42
      59
      44
      50
      48
      44
      44
      45
      50
      41
      39
      36
      50
      52
      50
      60
      54
      42
      49
      49
      45
      39
      45
      52
      48
      46
      52
      55
      40
      52
      66
      24
      48
      50
      34
      34
      53
      51
      45
      50
      46
      54
      54
      39
      48
      49
      51
      51
      39
      16
       0
       0
       0
       0
       0
       0
       0
       0
       0
       0
       0
       0
       0
       0
       0
       0
       0
       0
       0
       0
       0
       0
       0
       0
       0
       0
       0
       0
       0
       0
       0
       0
       0
       0
       0
       0
       0
       0
       0
       0
       0
       0
       0
       0
       0
       0
       0
       0
       0
       0
       0
       0
       0
       0
       0
       0
       0
       0
       0
       0
       0
       0
       0
       0
       0
       0
       0
$ROI:
2
95 97
514 605
$PRESETS:
Real Time
200
0
$ENER_FIT:
-289.438599 1.280702
$MCA_CAL:
3
-2.894386E+002 1.280702E+000 0.000000E+000
$SHAPE_CAL:
3
0.000000E+000 0.000000E+000 0.000000E+000
