$SPEC_ID:
MEASURE 055.
$SPEC_REM:
DET# 1
DETDESC# MCB 25
AP# Maestro Version 6.05
$DATE_MEA:
04/08/2003 23:59:48
$MEAS_TIM:
196 200
$DATA:
0 1023
       0
       0
       0
       0
       0
       0
       0
       0
       0
       0
       0
       0
       0
       0
       0
       0
       0
       0
       0
       0
       0
       0
       0
       0
       0
       0
       0
       0
       0
       0
       0
       0
       0
       0
       0
       0
       0
       0
       0
       0
       0
       0
       0
       0
     128
     259
     306
     292
     253
     271
     278
     284
     270
     293
     267
     278
     275
     263
     278
     264
     284
     263
     282
     290
     280
     304
     323
     295
     285
     271
     318
     334
     317
     338
     329
     315
     333
     318
     348
     343
     349
     412
     361
     351
     368
     373
     367
     365
     357
     388
     419
     440
     427
     399
     441
     413
     423
     431
     465
     411
     487
     455
     477
     510
     475
     508
     530
     519
     495
     498
     477
     518
     548
     540
     544
     525
     512
     517
     509
     508
     561
     527
     531
     578
     527
     545
     596
     571
     584
     607
     610
     583
     581
     580
     616
     548
     595
     598
     586
     618
     597
     615
     624
     613
     634
     594
     591
     641
     588
     658
     642
     586
     638
     627
     645
     623
     574
     667
     631
     638
     667
     627
     663
     627
     667
     619
     594
     605
     611
     633
     648
     596
     648
     645
     639
     614
     580
     642
     591
     589
     600
     593
     571
     616
     624
     635
     606
     586
     659
     605
     615
     647
     666
     601
     636
     667
     637
     686
     661
     706
     675
     689
     660
     674
     672
     686
     703
     693
     706
     687
     694
     724
     747
     722
     728
     715
     719
     705
     704
     696
     701
     656
     678
     642
     688
     677
     665
     637
     640
     626
     625
     626
     593
     576
     627
     592
     628
     588
     582
     587
     606
     594
     591
     587
     605
     578
     580
     556
     540
     529
     551
     529
     527
     536
     543
     529
     568
     541
     573
     553
     537
     555
     530
     517
     550
     483
     517
     561
     509
     469
     510
     516
     494
     512
     502
     502
     502
     509
     492
     482
     486
     449
     466
     469
     467
     451
     465
     437
     452
     426
     453
     423
     416
     420
     406
     433
     443
     412
     381
     434
     407
     395
     405
     407
     408
     392
     416
     373
     392
     435
     405
     406
     401
     415
     398
     389
     373
     393
     390
     413
     426
     408
     348
     407
     399
     353
     382
     368
     338
     393
     343
     416
     379
     393
     361
     383
     367
     350
     374
     380
     371
     343
     357
     398
     322
     334
     339
     371
     327
     341
     350
     332
     349
     333
     348
     323
     340
     321
     321
     352
     323
     317
     338
     308
     287
     297
     299
     275
     308
     266
     302
     309
     304
     274
     289
     284
     281
     263
     270
     270
     297
     249
     233
     259
     213
     243
     244
     250
     236
     226
     208
     231
     204
     193
     184
     208
     211
     211
     220
     174
     196
     205
     202
     204
     176
     156
     178
     183
     185
     182
     167
     177
     174
     187
     169
     166
     182
     184
     180
     150
     165
     150
     161
     156
     159
     154
     154
     149
     152
     151
     146
     139
     146
     139
     119
     148
     132
     166
     138
     123
     136
     137
     134
     137
     144
     139
     130
     131
     151
     143
     128
     129
     114
     122
     132
     121
     132
     145
     129
     128
     114
     132
     140
     114
     122
     115
     119
     126
     114
     116
     122
     122
     116
     100
     116
     129
     130
     108
     128
     130
      84
     103
     122
     118
     130
     113
     109
     129
     122
     112
     120
     105
     121
     100
     116
     104
     123
     132
     113
     127
     115
     119
     108
     107
     108
     134
     127
     144
     146
     119
     133
     123
     134
     151
     152
     141
     131
     171
     167
     176
     181
     183
     195
     195
     206
     198
     228
     205
     241
     235
     284
     255
     282
     325
     329
     360
     369
     379
     440
     454
     463
     473
     481
     528
     543
     561
     590
     680
     670
     733
     715
     792
     804
     793
     920
     939
     934
    1013
     959
    1036
    1103
    1125
    1186
    1180
    1209
    1259
    1244
    1267
    1306
    1255
    1353
    1372
    1312
    1325
    1354
    1343
    1316
    1316
    1352
    1309
    1278
    1238
    1280
    1245
    1173
    1184
    1084
    1136
    1061
    1087
    1023
     976
     918
     931
     861
     810
     781
     712
     709
     624
     629
     603
     553
     546
     491
     484
     422
     394
     372
     342
     329
     281
     278
     255
     248
     200
     192
     147
     157
     156
     141
     141
     114
     106
     112
     103
      91
      84
      79
      88
      69
      65
      48
      68
      70
      62
      53
      53
      56
      52
      54
      58
      52
      50
      57
      45
      51
      49
      53
      48
      55
      38
      56
      50
      54
      57
      37
      52
      60
      45
      49
      42
      45
      49
      37
      44
      56
      41
      50
      50
      45
      46
      36
      40
      53
      57
      46
      61
      46
      48
      44
      43
      46
      48
      35
      51
      51
      42
      45
      47
      55
      54
      45
      50
      40
      46
      41
      40
      49
      47
      40
      54
      40
      36
      50
      39
      38
      46
      42
      37
      42
      43
      40
      46
      36
      53
      49
      43
      45
      45
      53
      46
      56
      49
      45
      48
      46
      49
      52
      49
      48
      41
      43
      41
      50
      40
      57
      49
      43
      54
      40
      56
      46
      37
      50
      39
      47
      51
      40
      48
      47
      30
      45
      62
      46
      46
      51
      38
      50
      47
      43
      42
      51
      39
      42
      40
      53
      49
      46
      27
      46
      56
      46
      49
      41
      45
      43
      53
      29
      45
      45
      61
      42
      56
      47
      41
      42
      47
      33
      45
      42
      41
      46
      40
      42
      46
      52
      45
      48
      43
      46
      46
      56
      56
      40
      36
      36
      44
      45
      37
      40
      38
      41
      41
      28
      38
      50
      48
      44
      35
      49
      44
      46
      44
      39
      44
      51
      40
      46
      42
      44
      34
      53
      42
      50
      51
      38
      42
      37
      48
      45
      47
      47
      53
      49
      34
      47
      50
      52
      50
      53
      49
      46
      46
      51
      40
      43
      40
      55
      54
      53
      35
      32
      48
      36
      39
      45
      53
      50
      40
      38
      43
      41
      62
      45
      49
      45
      43
      46
      59
      47
      39
      47
      54
      51
      49
      62
      46
      48
      40
      48
      39
      37
      38
      44
      51
      44
      50
      43
      37
      48
      51
      48
      36
      43
      44
      47
      42
      55
      44
      43
      56
      52
      41
      48
      52
      42
      42
      33
      44
      37
      50
      50
      43
      58
      41
      38
      45
      47
      55
      57
      34
      36
      33
      47
      35
      37
      54
      44
      51
      49
      47
      52
      41
      43
      41
      48
      50
      45
      33
      43
      51
      46
      53
      44
      31
       0
       0
       0
       0
       0
       0
       0
       0
       0
       0
       0
       0
       0
       0
       0
       0
       0
       0
       0
       0
       0
       0
       0
       0
       0
       0
       0
       0
       0
       0
       0
       0
       0
       0
       0
       0
       0
       0
       0
       0
       0
       0
       0
       0
       0
       0
       0
       0
       0
       0
       0
       0
       0
       0
       0
       0
       0
       0
       0
       0
       0
       0
       0
       0
       0
       0
       0
       0
$ROI:
2
95 97
514 605
$PRESETS:
Real Time
200
0
$ENER_FIT:
-289.438599 1.280702
$MCA_CAL:
3
-2.894386E+002 1.280702E+000 0.000000E+000
$SHAPE_CAL:
3
0.000000E+000 0.000000E+000 0.000000E+000
