$SPEC_ID:
MEASURE 151.
$SPEC_REM:
DET# 1
DETDESC# MCB 25
AP# Maestro Version 6.05
$DATE_MEA:
04/09/2003 07:59:48
$MEAS_TIM:
196 200
$DATA:
0 1023
       0
       0
       0
       0
       0
       0
       0
       0
       0
       0
       0
       0
       0
       0
       0
       0
       0
       0
       0
       0
       0
       0
       0
       0
       0
       0
       0
       0
       0
       0
       0
       0
       0
       0
       0
       0
       0
       0
       0
       0
       0
       0
       0
       0
     133
     271
     276
     256
     257
     273
     267
     274
     255
     278
     254
     241
     276
     279
     296
     290
     235
     266
     279
     280
     333
     292
     313
     304
     299
     308
     340
     293
     311
     307
     325
     331
     327
     328
     322
     339
     348
     336
     381
     383
     401
     352
     362
     384
     401
     357
     407
     429
     437
     437
     476
     453
     438
     454
     454
     429
     462
     484
     471
     496
     486
     480
     448
     496
     464
     513
     520
     504
     559
     508
     506
     515
     520
     497
     536
     506
     539
     543
     522
     552
     573
     579
     587
     593
     545
     585
     579
     590
     559
     560
     626
     676
     605
     612
     553
     645
     621
     603
     625
     631
     616
     620
     584
     636
     644
     624
     584
     575
     572
     630
     668
     615
     624
     625
     680
     639
     593
     611
     583
     641
     623
     631
     619
     669
     612
     601
     593
     603
     609
     637
     599
     615
     609
     610
     608
     581
     574
     623
     639
     629
     635
     614
     603
     602
     621
     648
     638
     616
     646
     632
     664
     650
     619
     693
     676
     710
     700
     685
     694
     705
     707
     688
     718
     703
     703
     735
     722
     686
     675
     721
     685
     743
     720
     710
     676
     640
     681
     697
     677
     689
     666
     676
     692
     608
     636
     620
     634
     617
     595
     592
     535
     611
     610
     571
     595
     564
     588
     554
     607
     569
     544
     570
     530
     593
     553
     531
     575
     543
     565
     581
     544
     532
     541
     543
     603
     535
     532
     522
     517
     500
     470
     478
     511
     503
     521
     506
     513
     506
     492
     495
     497
     493
     479
     493
     489
     465
     458
     473
     484
     465
     468
     450
     457
     424
     452
     440
     438
     452
     468
     442
     449
     398
     415
     419
     434
     412
     389
     438
     412
     418
     461
     423
     443
     412
     386
     408
     407
     367
     432
     392
     389
     365
     374
     369
     383
     383
     388
     374
     351
     387
     412
     403
     378
     375
     367
     358
     368
     405
     368
     354
     382
     351
     344
     363
     362
     346
     365
     376
     381
     354
     346
     365
     364
     358
     340
     333
     353
     343
     324
     341
     345
     299
     312
     325
     340
     335
     313
     347
     311
     343
     302
     329
     304
     299
     313
     284
     312
     298
     307
     317
     289
     265
     266
     293
     301
     268
     261
     235
     237
     237
     264
     226
     262
     274
     235
     259
     206
     235
     191
     230
     225
     179
     219
     188
     200
     181
     228
     197
     160
     158
     201
     185
     187
     177
     187
     202
     153
     186
     171
     172
     162
     166
     172
     153
     162
     148
     169
     159
     145
     176
     160
     171
     157
     167
     155
     150
     158
     145
     133
     150
     158
     129
     122
     124
     145
     143
     137
     147
     124
     131
     142
     128
     124
     121
     126
     129
     135
     131
     111
     127
     154
     123
     141
     106
     119
     131
     115
     124
     110
     126
     111
     124
     143
     134
     110
     116
     110
     114
     131
     131
     120
     129
     122
     123
     128
     122
     131
     118
     125
      96
     125
     112
     130
     128
     100
     117
     115
     127
     108
     119
     135
     114
     117
     139
     104
     127
     107
     122
     125
     107
     130
     134
     126
     128
     129
     130
     130
     132
     137
     150
     147
     165
     129
     151
     162
     158
     167
     191
     191
     194
     206
     193
     198
     236
     225
     248
     254
     259
     260
     261
     302
     328
     343
     381
     376
     404
     377
     452
     497
     452
     525
     564
     579
     595
     635
     660
     669
     739
     776
     790
     832
     909
     934
     903
     986
     965
    1161
    1091
    1148
    1132
    1122
    1170
    1265
    1235
    1208
    1273
    1313
    1273
    1372
    1422
    1375
    1447
    1407
    1393
    1357
    1267
    1308
    1308
    1258
    1356
    1227
    1260
    1188
    1211
    1180
    1142
    1097
    1100
    1053
     936
     918
     873
     844
     798
     750
     720
     728
     665
     609
     601
     549
     528
     463
     443
     397
     372
     320
     323
     287
     276
     261
     233
     215
     179
     181
     179
     142
     144
     116
     128
     119
     112
     102
      92
      92
      86
      79
      82
      59
      72
      64
      69
      57
      70
      40
      49
      67
      50
      63
      65
      65
      53
      61
      53
      44
      53
      60
      64
      59
      55
      52
      48
      48
      46
      48
      45
      39
      57
      48
      58
      53
      69
      53
      53
      54
      38
      41
      49
      46
      50
      54
      46
      53
      48
      57
      51
      40
      31
      49
      40
      53
      50
      51
      40
      44
      47
      40
      34
      37
      42
      46
      47
      55
      46
      36
      51
      41
      42
      52
      46
      60
      42
      38
      38
      43
      49
      63
      50
      60
      44
      45
      41
      53
      53
      43
      50
      44
      51
      57
      50
      39
      35
      50
      42
      32
      33
      44
      41
      33
      45
      38
      45
      51
      48
      37
      35
      43
      61
      46
      38
      42
      37
      47
      37
      43
      47
      44
      48
      49
      54
      30
      34
      46
      45
      42
      43
      45
      41
      37
      37
      52
      48
      38
      36
      31
      44
      35
      50
      41
      48
      45
      50
      36
      49
      53
      42
      40
      39
      47
      41
      46
      41
      42
      34
      41
      35
      48
      57
      43
      35
      45
      42
      47
      46
      39
      30
      38
      37
      39
      39
      46
      55
      45
      57
      45
      49
      46
      45
      36
      41
      37
      41
      42
      48
      27
      44
      53
      34
      55
      53
      32
      35
      34
      34
      45
      43
      35
      53
      38
      39
      44
      46
      45
      51
      45
      47
      55
      49
      45
      64
      43
      38
      38
      41
      32
      47
      54
      58
      50
      38
      53
      50
      54
      37
      42
      43
      36
      44
      44
      44
      37
      50
      49
      44
      39
      35
      54
      43
      56
      55
      37
      59
      54
      52
      49
      37
      43
      53
      45
      48
      41
      54
      44
      35
      35
      34
      49
      44
      42
      34
      41
      46
      45
      46
      49
      40
      52
      45
      37
      43
      47
      58
      49
      39
      50
      38
      40
      51
      43
      43
      51
      32
      46
      53
      42
      44
      45
      49
      44
      43
      38
      42
      43
      42
      46
      39
      44
      44
      31
      51
      45
      43
      57
      31
      51
      39
      51
      58
      37
      37
      53
      45
      43
      47
      36
      46
      54
      57
      38
      50
      58
      37
      19
       2
       0
       0
       0
       0
       0
       0
       0
       0
       0
       0
       0
       0
       0
       0
       0
       0
       0
       0
       0
       0
       0
       0
       0
       0
       0
       0
       0
       0
       0
       0
       0
       0
       0
       0
       0
       0
       0
       0
       0
       0
       0
       0
       0
       0
       0
       0
       0
       0
       0
       0
       0
       0
       0
       0
       0
       0
       0
       0
       0
       0
       0
       0
       0
       0
       0
       0
$ROI:
2
95 97
514 605
$PRESETS:
Real Time
200
0
$ENER_FIT:
-289.438599 1.280702
$MCA_CAL:
3
-2.894386E+002 1.280702E+000 0.000000E+000
$SHAPE_CAL:
3
0.000000E+000 0.000000E+000 0.000000E+000
