$SPEC_ID:
MEASURE 298.
$SPEC_REM:
DET# 1
DETDESC# MCB 25
AP# Maestro Version 6.05
$DATE_MEA:
04/09/2003 20:14:48
$MEAS_TIM:
196 200
$DATA:
0 1023
       0
       0
       0
       0
       0
       0
       0
       0
       0
       0
       0
       0
       0
       0
       0
       0
       0
       0
       0
       0
       0
       0
       0
       0
       0
       0
       0
       0
       0
       0
       0
       0
       0
       0
       0
       0
       0
       0
       0
       0
       0
       0
       0
       0
     116
     268
     262
     281
     269
     296
     267
     268
     295
     287
     295
     235
     280
     230
     243
     274
     290
     259
     286
     282
     300
     294
     284
     299
     280
     289
     323
     298
     309
     320
     310
     320
     357
     319
     369
     344
     333
     361
     363
     358
     374
     370
     328
     394
     374
     362
     433
     379
     389
     436
     458
     441
     421
     467
     439
     486
     458
     483
     445
     486
     477
     485
     486
     495
     496
     520
     548
     487
     542
     513
     491
     536
     541
     545
     539
     544
     545
     541
     562
     569
     556
     591
     554
     561
     564
     552
     580
     578
     554
     582
     557
     577
     587
     576
     613
     596
     569
     589
     614
     594
     622
     646
     643
     603
     618
     588
     635
     607
     641
     601
     603
     577
     617
     653
     600
     582
     617
     620
     617
     563
     629
     621
     594
     606
     611
     606
     614
     635
     611
     613
     666
     587
     625
     574
     650
     615
     655
     576
     607
     628
     637
     681
     621
     646
     639
     622
     642
     648
     617
     642
     695
     686
     661
     634
     637
     668
     702
     672
     706
     701
     720
     686
     663
     722
     703
     684
     736
     719
     701
     775
     743
     727
     735
     662
     678
     702
     689
     665
     655
     689
     667
     673
     650
     672
     667
     661
     647
     614
     661
     603
     610
     627
     565
     639
     584
     633
     592
     563
     626
     563
     553
     567
     551
     583
     542
     565
     557
     601
     577
     536
     552
     536
     541
     552
     549
     502
     551
     562
     533
     508
     524
     534
     501
     519
     523
     523
     484
     510
     513
     467
     506
     507
     510
     460
     521
     503
     491
     503
     487
     463
     459
     464
     465
     466
     416
     470
     483
     459
     459
     415
     396
     443
     405
     424
     405
     459
     412
     387
     395
     412
     440
     373
     416
     399
     375
     408
     406
     396
     407
     379
     408
     386
     422
     424
     373
     381
     371
     397
     365
     368
     363
     372
     392
     363
     349
     366
     375
     367
     397
     376
     365
     377
     361
     360
     339
     379
     341
     341
     398
     376
     361
     355
     374
     360
     362
     322
     332
     349
     337
     365
     376
     365
     355
     328
     377
     357
     359
     317
     349
     336
     313
     299
     333
     326
     297
     330
     306
     315
     294
     304
     297
     314
     286
     233
     262
     257
     265
     268
     272
     254
     231
     254
     225
     253
     241
     245
     222
     274
     235
     246
     235
     215
     196
     211
     204
     206
     214
     204
     219
     196
     214
     164
     195
     222
     171
     180
     195
     189
     191
     188
     163
     194
     203
     152
     159
     154
     146
     169
     145
     167
     154
     137
     154
     150
     151
     173
     153
     122
     144
     161
     155
     145
     146
     145
     135
     136
     138
     128
     121
     149
     112
     125
     123
     140
     138
     117
     108
     137
     127
     126
     134
     122
     119
     101
     111
     123
     129
     125
     125
     107
     124
     118
     118
     113
     105
     116
     109
     118
     119
     103
     133
     119
     124
     115
     108
     118
     121
     108
     106
     120
     111
     111
     129
     119
     131
     123
     130
     108
     115
     116
     112
     105
     119
     123
     111
     127
     111
     116
     108
     113
     109
     126
     109
     123
     102
     127
     122
     116
     134
     133
     120
     101
     126
     150
     144
     136
     125
     151
     141
     173
     170
     154
     158
     193
     200
     178
     184
     234
     245
     236
     238
     297
     277
     319
     326
     319
     351
     345
     384
     400
     463
     466
     490
     498
     523
     559
     573
     594
     678
     686
     713
     729
     749
     793
     799
     856
     909
     975
     969
    1012
    1006
    1014
    1062
    1168
    1129
    1154
    1259
    1206
    1191
    1309
    1341
    1323
    1316
    1361
    1282
    1373
    1341
    1361
    1351
    1331
    1323
    1227
    1260
    1224
    1213
    1233
    1184
    1202
    1159
    1110
    1084
     970
    1010
     978
     926
     911
     782
     842
     779
     702
     632
     619
     589
     584
     510
     498
     497
     425
     387
     339
     320
     321
     316
     255
     254
     218
     202
     175
     194
     182
     142
     147
     121
     133
      98
     120
     114
      79
     100
      68
      76
      74
      74
      81
      66
      73
      45
      63
      59
      45
      42
      49
      47
      58
      65
      57
      54
      61
      56
      57
      50
      57
      46
      47
      50
      53
      44
      49
      48
      61
      46
      40
      51
      50
      51
      50
      53
      41
      39
      38
      40
      52
      50
      41
      58
      58
      43
      48
      43
      55
      47
      53
      51
      39
      36
      51
      46
      50
      42
      54
      41
      55
      59
      41
      35
      36
      38
      60
      51
      51
      43
      47
      58
      51
      39
      37
      44
      45
      39
      37
      37
      51
      34
      55
      41
      39
      37
      46
      34
      44
      38
      41
      35
      40
      43
      52
      53
      50
      48
      34
      44
      53
      42
      42
      39
      45
      55
      50
      39
      45
      45
      49
      36
      48
      44
      38
      42
      61
      42
      50
      47
      40
      39
      45
      34
      46
      52
      45
      52
      45
      34
      49
      55
      49
      45
      44
      48
      31
      40
      40
      44
      49
      39
      46
      43
      46
      50
      44
      43
      46
      46
      38
      35
      46
      48
      46
      42
      49
      64
      43
      41
      49
      44
      45
      45
      50
      48
      39
      49
      57
      55
      51
      42
      41
      43
      37
      45
      46
      47
      41
      37
      47
      39
      37
      42
      52
      33
      36
      45
      45
      48
      42
      40
      49
      46
      45
      44
      55
      44
      35
      32
      47
      45
      33
      48
      43
      37
      43
      38
      53
      45
      53
      48
      46
      43
      46
      44
      31
      49
      51
      37
      56
      42
      52
      42
      44
      41
      30
      44
      45
      46
      47
      59
      49
      53
      41
      44
      48
      57
      48
      40
      39
      46
      36
      40
      46
      43
      50
      37
      48
      51
      44
      32
      45
      51
      42
      63
      41
      50
      37
      46
      46
      55
      41
      38
      43
      48
      42
      39
      58
      35
      36
      46
      41
      46
      44
      56
      43
      53
      48
      50
      57
      49
      46
      59
      44
      46
      49
      48
      40
      43
      44
      47
      42
      42
      40
      61
      41
      56
      44
      40
      52
      54
      40
      39
      48
      30
      53
      44
      44
      28
      34
      49
      57
      49
      43
      39
      44
      57
      50
      49
      42
      27
       2
       0
       0
       0
       0
       0
       0
       0
       0
       0
       0
       0
       0
       0
       0
       0
       0
       0
       0
       0
       0
       0
       0
       0
       0
       0
       0
       0
       0
       0
       0
       0
       0
       0
       0
       0
       0
       0
       0
       0
       0
       0
       0
       0
       0
       0
       0
       0
       0
       0
       0
       0
       0
       0
       0
       0
       0
       0
       0
       0
       0
       0
       0
       0
       0
       0
       0
$ROI:
2
95 97
514 605
$PRESETS:
Real Time
200
0
$ENER_FIT:
-289.438599 1.280702
$MCA_CAL:
3
-2.894386E+002 1.280702E+000 0.000000E+000
$SHAPE_CAL:
3
0.000000E+000 0.000000E+000 0.000000E+000
