$SPEC_ID:
MEASURE 718.
$SPEC_REM:
DET# 1
DETDESC# MCB 25
AP# Maestro Version 6.05
$DATE_MEA:
04/07/2003 19:54:48
$MEAS_TIM:
196 200
$DATA:
0 1023
       0
       0
       0
       0
       0
       0
       0
       0
       0
       0
       0
       0
       0
       0
       0
       0
       0
       0
       0
       0
       0
       0
       0
       0
       0
       0
       0
       0
       0
       0
       0
       0
       0
       0
       0
       0
       0
       0
       0
       0
       0
       0
       0
       0
     128
     263
     283
     273
     254
     274
     289
     270
     297
     270
     260
     275
     285
     287
     288
     278
     261
     308
     290
     287
     300
     326
     286
     282
     318
     315
     322
     339
     354
     334
     324
     333
     299
     321
     344
     358
     348
     389
     342
     354
     363
     404
     388
     373
     428
     444
     432
     410
     438
     451
     421
     408
     426
     447
     444
     497
     472
     436
     515
     485
     472
     489
     491
     464
     507
     531
     505
     504
     552
     547
     505
     500
     534
     566
     590
     520
     577
     513
     601
     554
     538
     569
     565
     605
     584
     600
     571
     648
     610
     650
     628
     591
     633
     619
     595
     652
     636
     551
     603
     637
     583
     630
     617
     602
     623
     637
     627
     630
     665
     630
     659
     615
     605
     615
     611
     644
     568
     586
     642
     635
     626
     619
     621
     629
     637
     612
     630
     571
     660
     649
     588
     617
     572
     594
     581
     676
     647
     591
     638
     661
     594
     643
     610
     623
     723
     646
     640
     637
     705
     642
     678
     704
     685
     661
     725
     628
     671
     680
     714
     695
     773
     742
     717
     763
     713
     754
     750
     674
     692
     722
     738
     700
     715
     704
     701
     657
     695
     668
     633
     643
     656
     645
     666
     656
     641
     708
     619
     641
     626
     632
     573
     565
     611
     603
     617
     585
     590
     592
     584
     569
     536
     588
     592
     556
     563
     526
     575
     525
     557
     560
     552
     555
     545
     521
     559
     530
     524
     558
     562
     528
     514
     539
     489
     522
     538
     523
     511
     504
     489
     471
     494
     498
     506
     502
     466
     493
     448
     470
     481
     454
     444
     460
     444
     451
     436
     440
     427
     436
     460
     446
     452
     412
     462
     419
     426
     417
     428
     429
     410
     401
     423
     415
     419
     420
     397
     386
     402
     413
     415
     389
     389
     387
     406
     382
     388
     395
     409
     411
     413
     346
     369
     400
     384
     396
     364
     373
     361
     360
     398
     387
     350
     380
     354
     380
     355
     370
     389
     376
     337
     387
     343
     341
     356
     346
     350
     352
     346
     362
     365
     347
     372
     344
     355
     338
     331
     306
     310
     297
     295
     306
     330
     299
     273
     311
     310
     272
     302
     303
     293
     241
     283
     293
     282
     256
     289
     257
     231
     278
     253
     245
     251
     289
     238
     246
     243
     201
     217
     184
     194
     210
     223
     201
     210
     206
     191
     177
     209
     208
     187
     166
     193
     199
     183
     187
     171
     161
     205
     164
     190
     183
     144
     169
     154
     158
     160
     155
     167
     140
     149
     148
     169
     170
     151
     137
     166
     148
     143
     161
     132
     132
     139
     136
     148
     142
     123
     133
     125
     149
     125
     155
     124
     148
     131
     155
     133
     130
     129
     132
     159
     107
     113
     101
     121
     119
     121
     142
     124
     120
     117
     136
     120
     125
     127
     102
     113
     121
     119
     114
     133
     115
     118
     115
     117
     127
     127
     120
     107
     110
     117
     125
     113
     129
     115
     122
     120
     127
     126
     124
     112
     128
     118
     142
     131
     131
     103
     112
     130
     115
     126
     129
     100
     121
     137
     111
     137
     146
     125
     131
     147
     145
     170
     145
     160
     168
     164
     151
     205
     174
     173
     217
     227
     222
     217
     243
     271
     265
     240
     302
     319
     320
     320
     376
     385
     403
     430
     470
     464
     510
     530
     548
     555
     620
     627
     669
     715
     753
     763
     819
     894
     884
     933
     972
     996
     971
    1056
    1059
    1108
    1154
    1184
    1204
    1320
    1223
    1273
    1283
    1336
    1333
    1318
    1377
    1356
    1391
    1314
    1322
    1320
    1303
    1233
    1333
    1291
    1236
    1318
    1218
    1121
    1166
    1107
    1091
    1080
    1023
     996
     954
     954
     842
     852
     746
     743
     744
     642
     609
     573
     622
     530
     502
     476
     401
     382
     395
     322
     309
     313
     277
     247
     205
     211
     211
     199
     174
     153
     137
     133
     111
     113
     119
      88
     105
      82
      86
      75
      66
      71
      68
      58
      76
      64
      57
      54
      62
      50
      44
      46
      41
      51
      48
      44
      43
      44
      46
      50
      58
      52
      56
      53
      47
      51
      65
      48
      52
      58
      45
      45
      51
      51
      55
      55
      43
      45
      48
      55
      49
      49
      46
      44
      67
      64
      36
      46
      49
      66
      53
      36
      53
      54
      36
      39
      53
      46
      51
      52
      50
      53
      39
      43
      48
      44
      51
      63
      31
      42
      49
      50
      37
      44
      50
      62
      36
      41
      60
      37
      65
      37
      39
      52
      38
      45
      41
      49
      53
      44
      50
      45
      45
      55
      39
      46
      49
      46
      48
      41
      37
      42
      46
      47
      36
      34
      44
      64
      43
      45
      42
      55
      39
      33
      45
      49
      45
      44
      38
      45
      36
      37
      58
      37
      54
      41
      40
      54
      47
      41
      43
      55
      45
      41
      36
      40
      37
      59
      38
      45
      41
      48
      43
      46
      39
      47
      36
      40
      36
      42
      50
      50
      43
      36
      47
      48
      50
      41
      47
      39
      35
      47
      37
      53
      42
      36
      49
      42
      42
      44
      50
      48
      51
      48
      57
      35
      47
      48
      38
      41
      49
      38
      42
      36
      54
      45
      43
      38
      63
      44
      40
      52
      50
      32
      44
      44
      50
      39
      33
      44
      38
      55
      38
      49
      54
      34
      48
      45
      46
      41
      51
      48
      37
      39
      52
      53
      35
      42
      48
      35
      49
      51
      46
      53
      38
      47
      51
      52
      43
      38
      42
      38
      41
      32
      43
      46
      43
      38
      51
      41
      51
      39
      41
      43
      48
      47
      63
      50
      51
      57
      49
      50
      49
      41
      40
      55
      43
      35
      41
      52
      37
      47
      44
      36
      35
      42
      51
      53
      44
      40
      37
      50
      37
      39
      45
      55
      40
      54
      49
      46
      36
      47
      49
      48
      30
      43
      41
      38
      35
      51
      54
      52
      53
      47
      49
      45
      63
      40
      53
      57
      49
      56
      48
      54
      51
      51
      39
      51
      41
      37
      53
      48
      44
      53
      38
      42
      50
      61
      45
      47
      35
      47
      50
      43
      49
      62
      39
       3
       0
       0
       0
       0
       0
       0
       0
       0
       0
       0
       0
       0
       0
       0
       0
       0
       0
       0
       0
       0
       0
       0
       0
       0
       0
       0
       0
       0
       0
       0
       0
       0
       0
       0
       0
       0
       0
       0
       0
       0
       0
       0
       0
       0
       0
       0
       0
       0
       0
       0
       0
       0
       0
       0
       0
       0
       0
       0
       0
       0
       0
       0
       0
       0
       0
       0
       0
$ROI:
2
95 97
514 605
$PRESETS:
Real Time
200
0
$ENER_FIT:
-289.438599 1.280702
$MCA_CAL:
3
-2.894386E+002 1.280702E+000 0.000000E+000
$SHAPE_CAL:
3
0.000000E+000 0.000000E+000 0.000000E+000
