$SPEC_ID:
MEASURE 490.
$SPEC_REM:
DET# 1
DETDESC# MCB 25
AP# Maestro Version 6.05
$DATE_MEA:
04/07/2003 00:54:48
$MEAS_TIM:
196 200
$DATA:
0 1023
       0
       0
       0
       0
       0
       0
       0
       0
       0
       0
       0
       0
       0
       0
       0
       0
       0
       0
       0
       0
       0
       0
       0
       0
       0
       0
       0
       0
       0
       0
       0
       0
       0
       0
       0
       0
       0
       0
       0
       0
       0
       0
       0
       0
     134
     266
     274
     241
     266
     235
     305
     257
     303
     287
     298
     278
     254
     268
     269
     270
     276
     272
     309
     287
     308
     299
     284
     300
     278
     322
     281
     309
     339
     291
     327
     335
     345
     332
     350
     333
     327
     348
     358
     378
     342
     364
     395
     393
     428
     410
     406
     405
     432
     399
     440
     399
     463
     463
     436
     492
     460
     445
     436
     498
     454
     510
     499
     503
     532
     481
     520
     509
     558
     483
     562
     552
     545
     538
     571
     528
     530
     548
     562
     543
     550
     592
     535
     593
     606
     570
     547
     589
     593
     598
     599
     625
     575
     611
     626
     641
     600
     625
     613
     618
     648
     618
     619
     623
     622
     659
     602
     619
     640
     642
     586
     665
     614
     604
     638
     606
     609
     624
     665
     594
     650
     580
     630
     625
     592
     627
     609
     626
     646
     633
     645
     615
     684
     658
     575
     629
     579
     576
     653
     668
     634
     653
     624
     634
     590
     613
     632
     646
     674
     679
     666
     637
     717
     687
     710
     710
     692
     660
     719
     679
     678
     713
     663
     678
     718
     707
     680
     708
     692
     695
     708
     755
     696
     696
     676
     709
     672
     640
     618
     715
     701
     611
     653
     605
     637
     648
     615
     636
     619
     611
     565
     604
     625
     629
     602
     583
     656
     637
     559
     587
     604
     524
     553
     556
     560
     602
     565
     589
     576
     597
     547
     574
     542
     485
     568
     525
     540
     533
     545
     542
     482
     560
     553
     472
     514
     547
     499
     501
     506
     474
     476
     474
     472
     467
     461
     476
     475
     532
     519
     478
     442
     488
     453
     421
     462
     439
     425
     447
     421
     452
     425
     450
     468
     463
     417
     433
     395
     421
     432
     407
     465
     413
     370
     391
     382
     397
     418
     417
     386
     392
     337
     371
     385
     374
     397
     351
     373
     383
     396
     383
     387
     381
     365
     345
     390
     378
     376
     361
     353
     374
     386
     361
     384
     386
     366
     368
     374
     403
     383
     370
     348
     369
     345
     337
     373
     358
     358
     333
     323
     348
     351
     340
     341
     364
     335
     314
     350
     331
     304
     318
     328
     337
     274
     314
     287
     308
     277
     296
     285
     297
     252
     298
     278
     252
     275
     274
     264
     237
     207
     226
     252
     237
     233
     252
     236
     243
     217
     232
     216
     201
     213
     191
     220
     226
     182
     202
     183
     172
     203
     192
     193
     162
     157
     219
     152
     163
     196
     172
     175
     186
     169
     170
     175
     153
     168
     164
     169
     167
     181
     143
     130
     152
     157
     136
     152
     163
     156
     161
     150
     157
     126
     139
     139
     149
     144
     132
     155
     127
     130
     137
     122
     136
     143
     123
     125
     118
     136
     129
     146
     109
     142
     131
     130
     141
     126
     119
     117
     125
     130
     131
     105
     128
     108
     110
     106
     116
     116
     113
     138
     128
     116
     113
     118
     138
     116
     117
     129
     128
     120
     118
     102
     121
     112
     123
     109
     119
     107
     122
     116
     133
     100
     119
     124
     101
     103
     114
     127
     140
     147
     110
     139
     118
     129
     127
     117
     146
     152
     135
     137
     159
     160
     172
     145
     148
     174
     185
     164
     196
     187
     212
     210
     221
     214
     216
     255
     249
     267
     286
     312
     334
     337
     372
     396
     417
     421
     412
     454
     547
     520
     589
     549
     618
     623
     668
     689
     757
     800
     818
     778
     843
     938
     974
     989
    1005
    1065
    1112
    1215
    1191
    1144
    1180
    1245
    1272
    1333
    1323
    1298
    1357
    1281
    1325
    1290
    1321
    1311
    1345
    1329
    1330
    1371
    1279
    1259
    1320
    1286
    1222
    1164
    1138
    1147
    1121
    1008
    1021
    1044
     972
     869
     837
     817
     788
     742
     712
     667
     623
     608
     613
     519
     490
     449
     448
     415
     378
     385
     314
     304
     276
     272
     251
     213
     206
     177
     166
     170
     143
     114
     128
     129
     111
      91
     114
      90
      77
      71
      83
      75
      72
      69
      75
      48
      53
      66
      51
      65
      58
      54
      49
      49
      58
      64
      35
      61
      42
      61
      45
      40
      47
      43
      46
      59
      67
      40
      42
      50
      50
      41
      41
      43
      46
      49
      46
      55
      57
      47
      62
      40
      38
      46
      46
      45
      48
      49
      36
      36
      57
      40
      39
      55
      50
      48
      51
      48
      44
      43
      47
      43
      45
      42
      47
      45
      47
      45
      72
      50
      42
      48
      38
      50
      63
      49
      44
      34
      39
      48
      58
      43
      44
      49
      54
      43
      50
      49
      39
      49
      40
      31
      43
      47
      27
      41
      44
      43
      38
      45
      33
      46
      42
      46
      46
      50
      53
      40
      51
      38
      42
      46
      43
      32
      40
      35
      51
      46
      40
      42
      38
      40
      36
      47
      52
      45
      42
      43
      38
      54
      48
      46
      45
      38
      45
      37
      55
      40
      46
      56
      50
      49
      41
      49
      38
      51
      41
      29
      43
      43
      38
      57
      36
      42
      41
      42
      57
      37
      45
      48
      49
      51
      48
      52
      46
      42
      62
      42
      43
      50
      45
      55
      45
      51
      49
      50
      39
      55
      48
      33
      55
      52
      52
      54
      44
      40
      44
      34
      36
      34
      47
      46
      45
      43
      44
      35
      43
      57
      47
      47
      53
      42
      40
      38
      43
      57
      41
      51
      35
      39
      43
      41
      45
      42
      63
      54
      51
      42
      54
      55
      52
      52
      36
      51
      45
      41
      34
      39
      29
      45
      46
      46
      41
      51
      39
      56
      43
      46
      40
      47
      55
      52
      44
      44
      50
      45
      36
      36
      44
      41
      45
      41
      47
      49
      49
      41
      56
      49
      48
      46
      49
      41
      55
      46
      43
      63
      48
      31
      44
      46
      51
      42
      43
      55
      35
      42
      44
      59
      60
      47
      43
      50
      50
      46
      52
      44
      51
      41
      44
      45
      53
      47
      35
      44
      57
      43
      46
      47
      67
      43
      43
      53
      46
      51
      50
      60
      48
      32
      43
      48
      45
      42
      50
      51
      34
      40
      48
      44
      40
      40
      53
      48
      46
      64
      41
      53
      31
       2
       0
       0
       0
       0
       0
       0
       0
       0
       0
       0
       0
       0
       0
       0
       0
       0
       0
       0
       0
       0
       0
       0
       0
       0
       0
       0
       0
       0
       0
       0
       0
       0
       0
       0
       0
       0
       0
       0
       0
       0
       0
       0
       0
       0
       0
       0
       0
       0
       0
       0
       0
       0
       0
       0
       0
       0
       0
       0
       0
       0
       0
       0
       0
       0
       0
       0
       0
$ROI:
2
95 97
514 605
$PRESETS:
Real Time
200
0
$ENER_FIT:
-289.438599 1.280702
$MCA_CAL:
3
-2.894386E+002 1.280702E+000 0.000000E+000
$SHAPE_CAL:
3
0.000000E+000 0.000000E+000 0.000000E+000
