$SPEC_ID:
MEASURE 256.
$SPEC_REM:
DET# 1
DETDESC# MCB 25
AP# Maestro Version 6.05
$DATE_MEA:
04/09/2003 16:44:48
$MEAS_TIM:
196 200
$DATA:
0 1023
       0
       0
       0
       0
       0
       0
       0
       0
       0
       0
       0
       0
       0
       0
       0
       0
       0
       0
       0
       0
       0
       0
       0
       0
       0
       0
       0
       0
       0
       0
       0
       0
       0
       0
       0
       0
       0
       0
       0
       0
       0
       0
       0
       0
     118
     247
     275
     286
     259
     277
     271
     300
     273
     306
     264
     263
     306
     248
     292
     281
     289
     277
     259
     275
     286
     333
     283
     287
     298
     344
     325
     324
     317
     321
     313
     336
     312
     294
     348
     330
     314
     353
     361
     356
     364
     349
     377
     358
     372
     395
     378
     407
     390
     414
     434
     444
     417
     440
     462
     464
     475
     476
     457
     414
     460
     485
     488
     522
     508
     536
     492
     526
     499
     508
     545
     536
     511
     548
     521
     536
     527
     591
     526
     531
     538
     548
     550
     560
     547
     571
     596
     610
     581
     625
     587
     625
     582
     614
     577
     659
     614
     581
     593
     606
     635
     561
     603
     580
     609
     648
     614
     655
     595
     671
     615
     575
     590
     587
     639
     581
     587
     648
     612
     573
     579
     624
     621
     612
     620
     606
     611
     617
     627
     630
     627
     615
     588
     587
     637
     637
     610
     604
     596
     605
     678
     583
     686
     636
     654
     634
     610
     612
     644
     681
     652
     633
     687
     668
     692
     651
     709
     688
     753
     664
     714
     633
     695
     694
     686
     684
     687
     731
     673
     670
     713
     693
     734
     747
     725
     661
     732
     625
     672
     660
     670
     648
     666
     649
     609
     647
     648
     645
     675
     615
     605
     567
     574
     592
     644
     623
     620
     626
     551
     595
     589
     579
     562
     535
     592
     536
     546
     544
     549
     556
     546
     532
     574
     518
     536
     469
     557
     597
     584
     528
     462
     529
     497
     523
     522
     533
     514
     518
     495
     529
     486
     480
     463
     505
     478
     465
     506
     488
     470
     442
     489
     470
     477
     490
     491
     470
     434
     449
     423
     433
     425
     445
     395
     468
     444
     391
     425
     401
     424
     394
     436
     389
     401
     409
     450
     395
     415
     391
     375
     395
     388
     426
     376
     339
     348
     403
     387
     383
     417
     340
     390
     370
     406
     346
     403
     385
     373
     350
     372
     395
     369
     358
     368
     374
     362
     360
     348
     396
     361
     331
     385
     345
     337
     367
     352
     369
     347
     340
     345
     365
     325
     360
     342
     325
     342
     354
     314
     312
     338
     349
     299
     329
     317
     320
     279
     289
     280
     312
     293
     290
     293
     276
     306
     251
     301
     290
     299
     294
     274
     270
     269
     267
     255
     232
     201
     228
     242
     251
     219
     225
     214
     206
     204
     202
     234
     195
     213
     191
     197
     209
     206
     194
     178
     204
     175
     171
     181
     175
     158
     143
     175
     191
     189
     154
     170
     161
     146
     168
     170
     143
     161
     152
     151
     173
     144
     147
     165
     145
     134
     145
     122
     154
     152
     141
     135
     123
     142
     125
     126
     132
     158
     115
     137
     140
     115
     123
     137
     134
     125
     132
     113
     128
     128
     139
     109
     102
     115
     140
     125
     141
     137
     104
     134
     124
     122
     118
     104
     121
     123
     122
     123
     117
     128
     109
     125
     117
     126
     127
     102
     124
     107
     139
     107
     117
     111
     103
     120
     105
     124
     100
     115
     125
     116
     121
     115
     100
     118
     131
     124
     120
     118
     127
     131
     120
     111
     130
     126
      98
     121
     127
     127
     127
     154
     148
     138
     147
     156
     166
     170
     167
     171
     189
     183
     198
     198
     210
     225
     241
     265
     229
     257
     288
     298
     319
     308
     368
     349
     362
     423
     435
     445
     456
     533
     521
     515
     619
     586
     602
     671
     711
     744
     792
     783
     864
     884
     885
     941
     965
    1002
     990
    1087
    1105
    1145
    1138
    1215
    1224
    1282
    1328
    1252
    1331
    1289
    1326
    1270
    1287
    1368
    1408
    1388
    1327
    1313
    1320
    1279
    1256
    1243
    1208
    1230
    1150
    1117
    1137
    1076
    1090
    1042
    1011
     955
     853
     942
     804
     813
     766
     723
     668
     618
     593
     556
     576
     536
     519
     424
     446
     377
     355
     309
     316
     274
     265
     244
     214
     180
     195
     194
     162
     126
     145
     121
     105
     120
      92
     100
      86
      77
      76
      81
      68
      60
      55
      73
      57
      62
      62
      57
      53
      59
      44
      46
      63
      44
      44
      57
      55
      54
      50
      49
      57
      52
      48
      43
      37
      50
      45
      59
      49
      53
      47
      46
      40
      45
      49
      50
      50
      44
      49
      61
      53
      52
      43
      56
      39
      50
      49
      48
      57
      45
      36
      71
      46
      39
      38
      44
      54
      51
      46
      44
      51
      44
      38
      52
      39
      42
      47
      40
      52
      43
      34
      41
      54
      45
      44
      50
      46
      39
      40
      42
      51
      52
      46
      43
      43
      43
      48
      57
      48
      40
      55
      52
      37
      51
      45
      42
      44
      50
      53
      42
      61
      37
      46
      57
      41
      45
      51
      38
      36
      45
      46
      40
      37
      49
      35
      30
      46
      56
      50
      39
      50
      40
      51
      63
      56
      43
      43
      52
      39
      34
      40
      38
      34
      35
      41
      58
      46
      40
      49
      33
      45
      48
      51
      41
      43
      39
      45
      36
      51
      56
      36
      39
      55
      48
      58
      51
      50
      48
      34
      33
      38
      46
      48
      41
      38
      44
      40
      47
      44
      49
      42
      27
      53
      43
      48
      36
      46
      43
      33
      58
      41
      37
      39
      47
      54
      37
      47
      44
      40
      52
      50
      48
      49
      34
      23
      45
      41
      45
      47
      41
      49
      41
      34
      47
      47
      46
      33
      37
      43
      36
      40
      45
      47
      32
      37
      45
      39
      43
      38
      42
      47
      41
      35
      51
      49
      45
      44
      41
      48
      47
      51
      44
      45
      40
      39
      43
      39
      49
      43
      44
      45
      43
      44
      42
      47
      33
      46
      54
      50
      51
      37
      48
      45
      42
      57
      38
      49
      47
      55
      39
      49
      44
      55
      45
      57
      46
      47
      46
      35
      48
      50
      46
      31
      43
      44
      43
      38
      48
      42
      53
      37
      28
      46
      37
      39
      38
      38
      41
      40
      42
      53
      47
      40
      43
      41
      39
      53
      48
      44
      33
      32
      44
      54
      40
      35
      44
      50
      52
      63
      55
      42
      41
      47
      47
      47
      53
      44
      53
      49
      46
      55
      25
       0
       0
       0
       0
       0
       0
       0
       0
       0
       0
       0
       0
       0
       0
       0
       0
       0
       0
       0
       0
       0
       0
       0
       0
       0
       0
       0
       0
       0
       0
       0
       0
       0
       0
       0
       0
       0
       0
       0
       0
       0
       0
       0
       0
       0
       0
       0
       0
       0
       0
       0
       0
       0
       0
       0
       0
       0
       0
       0
       0
       0
       0
       0
       0
       0
       0
       0
$ROI:
2
95 97
514 605
$PRESETS:
Real Time
200
0
$ENER_FIT:
-289.438599 1.280702
$MCA_CAL:
3
-2.894386E+002 1.280702E+000 0.000000E+000
$SHAPE_CAL:
3
0.000000E+000 0.000000E+000 0.000000E+000
