$SPEC_ID:
MEASURE 685.
$SPEC_REM:
DET# 1
DETDESC# MCB 25
AP# Maestro Version 6.05
$DATE_MEA:
04/07/2003 17:09:48
$MEAS_TIM:
196 200
$DATA:
0 1023
       0
       0
       0
       0
       0
       0
       0
       0
       0
       0
       0
       0
       0
       0
       0
       0
       0
       0
       0
       0
       0
       0
       0
       0
       0
       0
       0
       0
       0
       0
       0
       0
       0
       0
       0
       0
       0
       0
       0
       0
       0
       0
       0
       0
     143
     249
     277
     259
     294
     273
     295
     303
     270
     285
     247
     281
     285
     269
     289
     285
     270
     283
     244
     304
     293
     287
     307
     291
     329
     296
     303
     305
     318
     333
     316
     312
     343
     326
     365
     331
     410
     377
     354
     362
     340
     410
     367
     412
     403
     434
     398
     426
     448
     444
     457
     431
     419
     451
     437
     469
     431
     487
     525
     460
     503
     497
     489
     504
     523
     504
     523
     498
     539
     518
     569
     575
     569
     543
     539
     533
     540
     536
     551
     589
     541
     589
     546
     550
     575
     628
     569
     568
     589
     555
     618
     581
     597
     623
     620
     575
     590
     611
     605
     653
     583
     652
     600
     642
     655
     650
     558
     658
     642
     643
     614
     660
     605
     620
     688
     620
     628
     575
     587
     611
     591
     631
     625
     592
     635
     596
     628
     595
     605
     629
     683
     607
     658
     634
     603
     648
     651
     606
     601
     570
     616
     629
     619
     615
     617
     664
     598
     599
     675
     696
     681
     654
     635
     677
     711
     714
     703
     690
     696
     672
     723
     717
     684
     667
     705
     676
     666
     735
     695
     743
     739
     711
     692
     716
     677
     671
     706
     693
     649
     667
     659
     631
     642
     629
     654
     632
     615
     632
     633
     654
     613
     604
     545
     581
     539
     571
     557
     617
     559
     572
     550
     563
     562
     590
     567
     600
     554
     534
     566
     528
     549
     521
     539
     514
     586
     519
     530
     562
     539
     556
     562
     517
     526
     507
     487
     527
     494
     481
     467
     481
     497
     477
     492
     497
     497
     448
     432
     482
     425
     533
     465
     467
     427
     434
     482
     467
     461
     461
     439
     453
     440
     436
     453
     418
     396
     426
     386
     441
     398
     409
     410
     405
     417
     384
     401
     400
     419
     374
     425
     369
     391
     394
     381
     409
     344
     380
     400
     426
     392
     402
     365
     394
     379
     331
     376
     402
     362
     391
     396
     350
     367
     409
     381
     348
     352
     330
     335
     363
     396
     389
     379
     369
     355
     349
     359
     329
     348
     313
     357
     363
     352
     354
     328
     349
     337
     331
     353
     301
     340
     320
     315
     314
     316
     311
     329
     297
     296
     271
     273
     283
     297
     263
     280
     273
     276
     262
     250
     236
     224
     270
     250
     276
     240
     250
     233
     209
     217
     243
     205
     225
     225
     200
     189
     216
     221
     186
     198
     168
     202
     195
     204
     183
     197
     176
     158
     177
     182
     165
     140
     177
     151
     150
     178
     164
     183
     141
     151
     159
     152
     162
     174
     146
     133
     151
     144
     146
     126
     142
     140
     126
     153
     148
     127
     155
     127
     123
     147
     143
     115
     133
     151
     118
     130
     141
     156
     152
     147
     131
     135
     126
     130
     130
     126
     124
     109
     138
     111
     135
     129
     125
     129
     129
     107
     104
     120
     123
     106
     126
     128
      94
     117
     116
     109
     121
     139
     110
     119
     114
     111
     106
     144
     133
     106
     115
     107
     121
     101
     116
     106
     117
     102
     114
     114
     139
     116
     107
     126
     125
     109
     141
     116
     150
     152
     128
     140
     135
     116
     135
     125
     144
     138
     146
     159
     162
     166
     198
     167
     182
     218
     181
     206
     211
     221
     257
     264
     270
     269
     292
     322
     353
     345
     350
     394
     407
     440
     424
     479
     491
     522
     554
     581
     574
     655
     685
     721
     709
     766
     873
     864
     877
     873
     949
     973
    1068
    1050
    1028
    1138
    1115
    1169
    1145
    1213
    1221
    1245
    1297
    1348
    1322
    1359
    1320
    1369
    1351
    1380
    1362
    1327
    1380
    1320
    1283
    1331
    1236
    1251
    1247
    1187
    1156
    1084
    1070
    1011
     955
     968
     928
     915
     844
     855
     777
     728
     682
     657
     609
     594
     541
     542
     509
     453
     435
     357
     357
     348
     337
     306
     271
     271
     223
     216
     182
     182
     162
     168
     133
     146
     104
     113
      84
      86
      88
      81
      79
      84
      71
      64
      63
      53
      59
      61
      67
      59
      72
      44
      39
      41
      52
      51
      54
      54
      54
      55
      61
      57
      48
      47
      50
      45
      42
      57
      49
      54
      44
      40
      37
      59
      42
      60
      42
      40
      41
      39
      52
      55
      52
      42
      54
      44
      44
      54
      45
      54
      49
      52
      61
      52
      42
      47
      42
      39
      53
      55
      45
      53
      44
      38
      45
      50
      41
      43
      61
      40
      72
      46
      53
      60
      49
      33
      47
      53
      36
      52
      50
      48
      58
      46
      39
      58
      51
      49
      49
      58
      50
      45
      43
      33
      25
      44
      48
      46
      56
      50
      51
      35
      45
      27
      35
      56
      53
      46
      52
      44
      44
      40
      38
      40
      35
      45
      45
      45
      41
      49
      37
      45
      50
      49
      56
      47
      41
      46
      33
      38
      37
      46
      53
      53
      41
      41
      53
      44
      39
      49
      36
      43
      45
      36
      49
      43
      56
      39
      42
      33
      57
      46
      49
      52
      34
      41
      47
      50
      48
      40
      40
      37
      54
      47
      51
      45
      44
      53
      48
      39
      38
      47
      39
      39
      43
      60
      46
      48
      37
      47
      47
      50
      56
      40
      43
      53
      44
      63
      52
      39
      47
      41
      50
      42
      41
      38
      33
      51
      47
      52
      46
      49
      48
      40
      40
      40
      41
      41
      39
      44
      39
      38
      42
      54
      33
      53
      43
      50
      52
      44
      38
      37
      44
      39
      45
      45
      47
      44
      37
      47
      47
      50
      50
      42
      36
      35
      48
      55
      42
      50
      48
      62
      61
      48
      37
      46
      57
      46
      47
      53
      39
      47
      47
      50
      39
      41
      38
      40
      49
      36
      53
      38
      43
      42
      38
      52
      58
      42
      46
      44
      49
      50
      41
      51
      38
      49
      52
      45
      52
      37
      32
      52
      43
      39
      53
      43
      54
      34
      45
      49
      47
      43
      41
      44
      50
      38
      34
      46
      53
      47
      51
      51
      36
      54
      35
      34
      48
      47
      47
      58
      41
      33
      42
      42
      45
      55
      43
      35
      35
      41
      52
      41
      52
      47
      54
      41
      44
      49
      40
       5
       0
       0
       0
       0
       0
       0
       0
       0
       0
       0
       0
       0
       0
       0
       0
       0
       0
       0
       0
       0
       0
       0
       0
       0
       0
       0
       0
       0
       0
       0
       0
       0
       0
       0
       0
       0
       0
       0
       0
       0
       0
       0
       0
       0
       0
       0
       0
       0
       0
       0
       0
       0
       0
       0
       0
       0
       0
       0
       0
       0
       0
       0
       0
       0
       0
       0
       0
$ROI:
2
95 97
514 605
$PRESETS:
Real Time
200
0
$ENER_FIT:
-289.438599 1.280702
$MCA_CAL:
3
-2.894386E+002 1.280702E+000 0.000000E+000
$SHAPE_CAL:
3
0.000000E+000 0.000000E+000 0.000000E+000
