$SPEC_ID:
MEASURE 659.
$SPEC_REM:
DET# 1
DETDESC# MCB 25
AP# Maestro Version 6.05
$DATE_MEA:
04/07/2003 14:59:48
$MEAS_TIM:
196 200
$DATA:
0 1023
       0
       0
       0
       0
       0
       0
       0
       0
       0
       0
       0
       0
       0
       0
       0
       0
       0
       0
       0
       0
       0
       0
       0
       0
       0
       0
       0
       0
       0
       0
       0
       0
       0
       0
       0
       0
       0
       0
       0
       0
       0
       0
       0
       0
     138
     290
     250
     269
     240
     242
     258
     258
     276
     281
     277
     281
     292
     314
     276
     275
     284
     276
     292
     246
     299
     283
     296
     265
     306
     321
     291
     321
     307
     339
     345
     331
     313
     344
     343
     370
     327
     367
     364
     356
     386
     367
     393
     398
     401
     406
     407
     413
     439
     445
     430
     447
     433
     478
     475
     473
     457
     483
     484
     477
     439
     459
     503
     495
     508
     513
     510
     503
     573
     499
     534
     536
     510
     529
     559
     530
     545
     551
     528
     594
     605
     580
     598
     565
     556
     642
     554
     604
     632
     570
     588
     644
     611
     562
     608
     616
     629
     649
     608
     612
     652
     601
     587
     665
     639
     588
     612
     629
     612
     640
     636
     633
     601
     599
     676
     616
     589
     595
     654
     627
     606
     632
     610
     637
     541
     635
     603
     607
     617
     586
     613
     581
     612
     635
     607
     619
     645
     603
     634
     604
     608
     655
     638
     629
     671
     660
     639
     613
     592
     648
     670
     661
     708
     669
     691
     671
     734
     676
     691
     745
     728
     697
     713
     731
     678
     692
     743
     692
     689
     711
     735
     679
     703
     728
     718
     699
     691
     686
     666
     631
     678
     684
     634
     643
     612
     608
     638
     591
     635
     596
     632
     586
     625
     579
     600
     594
     568
     604
     620
     608
     502
     569
     549
     579
     576
     538
     578
     556
     597
     567
     559
     561
     554
     518
     542
     543
     505
     538
     532
     491
     570
     484
     457
     513
     491
     512
     473
     503
     494
     501
     476
     495
     521
     531
     496
     498
     486
     500
     460
     467
     447
     467
     489
     427
     448
     491
     477
     441
     438
     393
     443
     430
     377
     405
     433
     423
     401
     429
     443
     470
     436
     445
     396
     399
     355
     408
     381
     401
     429
     374
     415
     399
     428
     396
     371
     391
     387
     404
     387
     391
     358
     351
     398
     374
     419
     375
     366
     365
     394
     377
     350
     376
     365
     378
     368
     359
     368
     369
     371
     391
     356
     363
     349
     376
     357
     327
     369
     364
     380
     333
     350
     341
     330
     347
     324
     317
     336
     350
     335
     296
     323
     345
     304
     310
     315
     291
     301
     308
     253
     276
     287
     290
     245
     291
     256
     242
     282
     268
     223
     230
     238
     239
     229
     220
     244
     207
     220
     230
     204
     212
     207
     217
     189
     197
     232
     193
     204
     158
     190
     174
     192
     196
     184
     167
     183
     185
     181
     145
     204
     160
     180
     156
     162
     173
     158
     156
     139
     168
     151
     193
     138
     182
     166
     162
     159
     150
     134
     156
     155
     161
     149
     155
     122
     139
     141
     126
     147
     138
     140
     147
     128
     162
     133
     140
     143
     121
     134
     113
     127
     136
     119
     124
     124
     138
     103
     130
     131
     141
     128
     126
     121
     107
      99
     120
     112
     120
     127
     121
     127
     127
     117
      96
     126
     128
     148
     120
     132
     125
     104
     105
     115
     122
     112
     118
      98
     141
     141
     122
     143
     114
     120
     118
     139
     132
     129
     110
     142
     125
     110
     122
     126
     128
     126
     142
     131
     163
     117
     136
     156
     148
     109
     154
     148
     177
     171
     172
     162
     179
     215
     205
     198
     236
     223
     250
     250
     259
     320
     311
     329
     337
     361
     399
     349
     422
     426
     463
     469
     474
     517
     585
     620
     619
     591
     655
     678
     685
     796
     833
     908
     900
     917
     931
     983
    1021
    1050
    1087
    1072
    1139
    1211
    1158
    1215
    1267
    1269
    1320
    1339
    1340
    1371
    1350
    1329
    1328
    1342
    1384
    1451
    1301
    1308
    1347
    1321
    1220
    1264
    1205
    1224
    1171
    1096
    1090
     957
    1009
     987
     911
     878
     820
     822
     755
     735
     706
     640
     599
     596
     559
     510
     482
     471
     430
     379
     346
     312
     288
     302
     270
     214
     232
     203
     208
     196
     161
     168
     133
     130
     106
     114
     109
     115
      91
      99
      87
      76
      64
      70
      63
      64
      75
      54
      50
      56
      58
      47
      65
      70
      50
      37
      45
      52
      49
      52
      64
      60
      63
      53
      37
      43
      40
      56
      59
      49
      55
      48
      37
      46
      44
      57
      67
      47
      56
      49
      46
      56
      52
      46
      46
      58
      43
      43
      41
      59
      57
      42
      42
      55
      38
      50
      55
      44
      59
      53
      64
      50
      40
      44
      53
      34
      50
      50
      56
      53
      46
      36
      43
      48
      47
      41
      38
      52
      46
      46
      35
      46
      43
      43
      52
      42
      54
      41
      44
      51
      41
      45
      42
      39
      44
      40
      42
      42
      34
      48
      39
      45
      45
      37
      43
      37
      45
      38
      39
      47
      49
      36
      54
      58
      41
      42
      44
      42
      35
      41
      47
      53
      40
      54
      36
      48
      43
      40
      46
      42
      43
      41
      45
      34
      42
      40
      45
      49
      40
      41
      38
      32
      38
      48
      47
      55
      44
      49
      49
      53
      42
      53
      44
      45
      45
      45
      36
      48
      30
      54
      42
      37
      42
      43
      48
      44
      51
      42
      48
      55
      37
      42
      40
      35
      47
      50
      43
      48
      38
      37
      51
      40
      49
      49
      45
      47
      52
      43
      53
      40
      49
      56
      50
      75
      46
      54
      59
      42
      45
      47
      41
      42
      39
      42
      44
      49
      49
      53
      43
      60
      45
      35
      47
      44
      35
      43
      45
      40
      42
      58
      41
      37
      44
      52
      44
      42
      43
      49
      51
      44
      44
      47
      57
      43
      42
      45
      42
      33
      43
      53
      42
      58
      41
      44
      40
      43
      50
      48
      49
      47
      54
      41
      45
      44
      48
      48
      45
      39
      60
      45
      42
      42
      50
      44
      45
      56
      42
      49
      58
      47
      40
      38
      33
      49
      43
      35
      43
      47
      40
      44
      49
      54
      45
      40
      48
      44
      36
      49
      49
      54
      36
      46
      40
      45
      37
      46
      35
      47
      50
      45
      54
      45
      55
      47
      41
      49
      49
      46
      46
      41
      46
      57
      49
      37
      55
      49
      53
      43
      40
      58
      46
      49
      46
      35
      35
      49
      53
      55
      50
       2
       0
       0
       0
       0
       0
       0
       0
       0
       0
       0
       0
       0
       0
       0
       0
       0
       0
       0
       0
       0
       0
       0
       0
       0
       0
       0
       0
       0
       0
       0
       0
       0
       0
       0
       0
       0
       0
       0
       0
       0
       0
       0
       0
       0
       0
       0
       0
       0
       0
       0
       0
       0
       0
       0
       0
       0
       0
       0
       0
       0
       0
       0
       0
       0
       0
       0
       0
$ROI:
2
95 97
514 605
$PRESETS:
Real Time
200
0
$ENER_FIT:
-289.438599 1.280702
$MCA_CAL:
3
-2.894386E+002 1.280702E+000 0.000000E+000
$SHAPE_CAL:
3
0.000000E+000 0.000000E+000 0.000000E+000
