$SPEC_ID:
MEASURE 386.
$SPEC_REM:
DET# 1
DETDESC# MCB 25
AP# Maestro Version 6.05
$DATE_MEA:
04/10/2003 03:34:48
$MEAS_TIM:
196 200
$DATA:
0 1023
       0
       0
       0
       0
       0
       0
       0
       0
       0
       0
       0
       0
       0
       0
       0
       0
       0
       0
       0
       0
       0
       0
       0
       0
       0
       0
       0
       0
       0
       0
       0
       0
       0
       0
       0
       0
       0
       0
       0
       0
       0
       0
       0
       0
     113
     268
     258
     254
     280
     270
     260
     293
     251
     277
     283
     269
     269
     277
     282
     251
     263
     302
     288
     295
     285
     271
     282
     313
     332
     303
     285
     297
     302
     331
     333
     320
     345
     369
     342
     362
     351
     334
     397
     376
     373
     391
     392
     386
     355
     404
     383
     421
     441
     412
     423
     427
     467
     457
     470
     468
     461
     477
     484
     466
     462
     513
     466
     509
     481
     482
     488
     489
     539
     522
     519
     536
     520
     565
     544
     523
     534
     524
     539
     568
     550
     587
     529
     603
     574
     541
     592
     562
     554
     634
     567
     606
     561
     563
     591
     614
     641
     619
     614
     573
     640
     621
     618
     588
     663
     608
     648
     582
     611
     656
     630
     597
     627
     611
     599
     656
     604
     579
     618
     626
     632
     600
     655
     652
     604
     638
     610
     645
     626
     633
     630
     582
     600
     592
     594
     634
     588
     610
     654
     587
     597
     610
     613
     658
     585
     642
     604
     605
     647
     648
     622
     649
     629
     670
     652
     664
     696
     720
     684
     701
     714
     684
     687
     737
     727
     709
     730
     678
     715
     707
     719
     661
     693
     709
     666
     728
     695
     652
     691
     690
     636
     654
     672
     671
     635
     659
     641
     639
     567
     608
     589
     597
     636
     613
     569
     617
     609
     595
     517
     576
     561
     594
     555
     559
     559
     590
     540
     541
     517
     576
     566
     589
     519
     515
     551
     497
     539
     561
     486
     462
     521
     498
     508
     512
     507
     548
     528
     493
     485
     507
     508
     470
     507
     494
     506
     491
     474
     466
     469
     449
     473
     424
     485
     434
     427
     425
     441
     420
     442
     431
     441
     423
     441
     436
     457
     423
     389
     394
     395
     424
     410
     394
     408
     401
     442
     426
     412
     371
     383
     390
     399
     377
     378
     417
     402
     374
     399
     405
     350
     358
     384
     387
     379
     385
     356
     367
     356
     360
     396
     361
     368
     375
     354
     372
     388
     387
     362
     379
     378
     351
     335
     345
     362
     356
     348
     332
     345
     361
     341
     323
     356
     353
     330
     338
     321
     352
     324
     297
     317
     312
     330
     330
     332
     325
     314
     296
     320
     291
     275
     310
     305
     274
     260
     244
     322
     293
     252
     295
     254
     237
     290
     263
     227
     272
     243
     241
     253
     218
     204
     209
     195
     194
     228
     196
     207
     162
     191
     242
     181
     159
     179
     197
     201
     171
     191
     168
     175
     195
     158
     173
     172
     162
     178
     170
     148
     155
     153
     138
     159
     138
     154
     173
     151
     143
     143
     162
     166
     159
     142
     139
     142
     143
     123
     159
     140
     133
     166
     141
     142
     170
     126
     143
     144
     138
     125
     118
     140
     134
     142
     131
     142
     135
     138
     115
     119
     140
     121
     112
     122
     134
     108
     140
     125
     129
     100
     115
     117
     116
     127
     128
     138
      94
     111
     107
     127
     101
     138
     129
      97
     108
     125
     110
     129
     118
     127
     124
     125
     122
     113
     112
     108
     123
     138
     113
     109
     114
     123
     114
     131
     106
     139
     118
     125
     126
     112
     116
     120
     112
     121
     143
     128
     131
     145
     147
     107
     154
     160
     147
     165
     168
     188
     207
     222
     213
     216
     227
     186
     235
     304
     273
     285
     269
     283
     324
     339
     377
     369
     385
     428
     423
     487
     491
     526
     556
     587
     587
     653
     702
     733
     781
     798
     834
     812
     901
     880
     930
     997
    1004
    1096
    1130
    1068
    1143
    1192
    1153
    1234
    1191
    1261
    1275
    1279
    1304
    1311
    1352
    1336
    1293
    1356
    1358
    1311
    1321
    1307
    1340
    1309
    1270
    1243
    1221
    1181
    1159
    1136
    1111
    1126
    1050
    1013
     987
     928
     891
     860
     842
     767
     759
     716
     609
     560
     540
     547
     503
     506
     439
     433
     390
     358
     309
     267
     291
     257
     235
     237
     188
     151
     163
     154
     166
     136
     119
     107
     109
     101
      73
      78
      71
      80
      75
      59
      70
      70
      57
      60
      41
      65
      64
      55
      61
      48
      61
      49
      50
      53
      48
      55
      31
      40
      54
      68
      53
      47
      47
      49
      44
      49
      48
      53
      63
      49
      61
      50
      45
      44
      44
      51
      46
      61
      45
      43
      37
      51
      46
      38
      51
      52
      60
      49
      47
      46
      40
      59
      37
      46
      55
      62
      44
      47
      52
      51
      45
      46
      34
      42
      43
      48
      34
      46
      59
      27
      58
      38
      50
      63
      56
      50
      56
      41
      47
      43
      49
      37
      55
      49
      46
      53
      48
      43
      49
      39
      53
      42
      47
      42
      48
      41
      52
      46
      37
      42
      45
      39
      44
      31
      34
      29
      41
      50
      46
      46
      44
      33
      47
      45
      43
      49
      50
      38
      49
      42
      45
      47
      40
      46
      37
      50
      42
      44
      36
      46
      36
      40
      45
      41
      47
      47
      50
      47
      44
      33
      29
      52
      41
      45
      54
      46
      44
      36
      34
      36
      53
      39
      43
      54
      40
      42
      49
      37
      41
      45
      57
      40
      39
      44
      44
      56
      37
      34
      41
      59
      50
      31
      43
      40
      38
      37
      49
      40
      41
      43
      37
      54
      54
      46
      36
      42
      49
      39
      56
      45
      40
      42
      44
      49
      49
      41
      45
      40
      62
      36
      33
      48
      53
      33
      42
      48
      37
      43
      42
      39
      45
      44
      52
      35
      36
      44
      46
      62
      41
      42
      46
      55
      47
      39
      65
      43
      38
      52
      54
      42
      51
      48
      42
      38
      51
      58
      48
      39
      54
      55
      36
      40
      32
      40
      46
      42
      34
      38
      51
      51
      31
      45
      44
      44
      43
      44
      54
      56
      35
      59
      49
      52
      35
      42
      35
      57
      48
      38
      37
      43
      43
      48
      43
      48
      33
      46
      51
      41
      40
      48
      38
      38
      53
      35
      50
      47
      45
      44
      46
      53
      40
      44
      44
      44
      40
      52
      40
      51
      38
      69
      53
      45
      44
      42
      58
      41
      46
      40
      42
      49
      44
      48
      46
      46
      33
      44
      42
      54
      41
      41
      49
       3
       0
       0
       0
       0
       0
       0
       0
       0
       0
       0
       0
       0
       0
       0
       0
       0
       0
       0
       0
       0
       0
       0
       0
       0
       0
       0
       0
       0
       0
       0
       0
       0
       0
       0
       0
       0
       0
       0
       0
       0
       0
       0
       0
       0
       0
       0
       0
       0
       0
       0
       0
       0
       0
       0
       0
       0
       0
       0
       0
       0
       0
       0
       0
       0
       0
       0
       0
$ROI:
2
95 97
514 605
$PRESETS:
Real Time
200
0
$ENER_FIT:
-289.438599 1.280702
$MCA_CAL:
3
-2.894386E+002 1.280702E+000 0.000000E+000
$SHAPE_CAL:
3
0.000000E+000 0.000000E+000 0.000000E+000
