$SPEC_ID:
MEASURE 973.
$SPEC_REM:
DET# 1
DETDESC# MCB 25
AP# Maestro Version 6.05
$DATE_MEA:
04/08/2003 17:09:48
$MEAS_TIM:
196 200
$DATA:
0 1023
       0
       0
       0
       0
       0
       0
       0
       0
       0
       0
       0
       0
       0
       0
       0
       0
       0
       0
       0
       0
       0
       0
       0
       0
       0
       0
       0
       0
       0
       0
       0
       0
       0
       0
       0
       0
       0
       0
       0
       0
       0
       0
       0
       0
     116
     267
     296
     257
     247
     290
     281
     238
     278
     263
     268
     288
     288
     295
     258
     286
     282
     289
     291
     292
     278
     311
     314
     310
     304
     311
     280
     313
     333
     335
     330
     319
     354
     351
     339
     319
     324
     376
     336
     362
     392
     390
     403
     385
     383
     368
     357
     435
     410
     391
     446
     449
     431
     438
     457
     439
     462
     456
     478
     434
     522
     520
     489
     488
     498
     513
     524
     551
     511
     533
     541
     510
     534
     538
     549
     540
     522
     560
     599
     555
     549
     585
     556
     573
     521
     585
     593
     596
     591
     608
     608
     627
     582
     625
     595
     590
     600
     593
     658
     606
     616
     586
     621
     654
     551
     621
     629
     630
     644
     609
     631
     599
     592
     624
     635
     569
     634
     583
     609
     658
     628
     628
     614
     634
     641
     612
     637
     630
     614
     627
     624
     587
     618
     608
     601
     614
     644
     568
     621
     615
     659
     580
     660
     624
     616
     614
     645
     648
     634
     664
     639
     647
     685
     618
     639
     702
     671
     678
     700
     725
     743
     696
     701
     712
     712
     709
     738
     731
     713
     703
     678
     702
     681
     685
     700
     625
     620
     675
     670
     720
     653
     648
     595
     641
     635
     558
     609
     607
     659
     617
     640
     580
     620
     615
     596
     607
     591
     559
     592
     561
     583
     558
     580
     560
     546
     559
     602
     543
     540
     603
     571
     494
     545
     507
     529
     549
     545
     545
     516
     509
     539
     531
     515
     540
     503
     548
     496
     529
     464
     504
     515
     493
     476
     504
     493
     441
     507
     475
     465
     481
     472
     461
     479
     424
     495
     444
     449
     467
     440
     426
     420
     412
     486
     395
     404
     405
     406
     432
     434
     429
     386
     425
     417
     430
     443
     375
     383
     400
     382
     370
     402
     399
     386
     397
     376
     376
     375
     365
     369
     405
     382
     369
     374
     356
     382
     381
     400
     384
     370
     432
     370
     375
     343
     343
     333
     371
     355
     396
     324
     354
     336
     379
     359
     349
     360
     333
     354
     322
     303
     329
     335
     339
     371
     323
     361
     302
     363
     310
     342
     333
     310
     303
     317
     314
     307
     278
     276
     297
     307
     288
     311
     281
     289
     275
     266
     288
     244
     256
     218
     258
     238
     228
     265
     223
     217
     236
     223
     213
     229
     211
     235
     206
     216
     206
     208
     172
     186
     237
     181
     177
     185
     179
     195
     197
     164
     174
     187
     167
     161
     168
     182
     167
     142
     158
     182
     174
     141
     148
     178
     163
     152
     168
     144
     159
     160
     156
     120
     145
     154
     150
     139
     135
     133
     146
     123
     147
     142
     155
     114
     128
     137
     152
     143
     126
     118
     139
     137
     113
     144
     132
     131
     115
     141
     123
     142
     120
     130
     122
     127
     136
     128
     128
     132
     117
     131
     137
      95
     139
     111
     133
     119
     114
     116
     112
     113
     113
     121
     128
     107
     123
     119
     108
     114
     106
     110
     130
     114
     107
     107
     127
     119
     122
     113
     120
     119
     117
     123
     118
     116
     131
     142
     129
     133
     115
     115
     122
     138
     137
     147
     148
     145
     135
     163
     163
     137
     177
     183
     195
     201
     213
     229
     202
     251
     224
     257
     260
     262
     256
     283
     286
     296
     342
     373
     398
     411
     404
     458
     503
     494
     537
     542
     550
     607
     645
     691
     749
     740
     779
     797
     863
     848
     897
     961
     925
    1021
    1073
    1033
    1112
    1180
    1178
    1210
    1270
    1277
    1253
    1277
    1325
    1303
    1307
    1385
    1290
    1318
    1360
    1360
    1346
    1292
    1284
    1307
    1221
    1215
    1240
    1177
    1260
    1133
    1152
    1112
    1009
    1018
    1083
     946
     878
     863
     868
     777
     707
     708
     660
     623
     548
     532
     519
     496
     443
     404
     378
     338
     335
     349
     255
     262
     249
     243
     209
     198
     166
     157
     164
     151
     128
     112
     102
      97
      90
      84
      94
      71
      54
      75
      76
      66
      52
      74
      56
      43
      60
      56
      63
      59
      60
      62
      44
      52
      47
      65
      56
      55
      53
      48
      46
      35
      51
      44
      47
      48
      48
      43
      55
      35
      44
      50
      43
      50
      48
      41
      34
      48
      51
      45
      51
      52
      32
      42
      46
      52
      60
      38
      65
      55
      45
      50
      37
      29
      41
      46
      43
      55
      56
      45
      55
      37
      61
      46
      44
      41
      44
      54
      46
      56
      56
      45
      50
      45
      46
      54
      46
      46
      30
      50
      53
      41
      62
      55
      48
      54
      44
      42
      39
      36
      48
      49
      53
      41
      50
      44
      42
      43
      41
      34
      49
      37
      68
      43
      37
      48
      42
      39
      51
      47
      42
      43
      45
      45
      45
      57
      50
      50
      53
      49
      38
      41
      44
      48
      36
      34
      33
      59
      52
      47
      44
      48
      28
      45
      58
      38
      51
      40
      46
      31
      56
      51
      50
      46
      34
      49
      52
      46
      57
      42
      50
      40
      46
      51
      47
      39
      42
      38
      42
      51
      48
      45
      43
      39
      42
      38
      46
      41
      53
      45
      42
      49
      45
      47
      53
      47
      46
      38
      44
      45
      46
      38
      41
      59
      35
      37
      43
      49
      36
      49
      35
      43
      34
      49
      54
      44
      45
      37
      44
      49
      48
      43
      43
      40
      45
      57
      49
      39
      44
      49
      45
      46
      48
      48
      42
      44
      42
      49
      44
      49
      40
      39
      54
      46
      34
      29
      56
      42
      45
      63
      48
      49
      34
      53
      47
      47
      38
      32
      51
      56
      45
      51
      44
      37
      40
      54
      46
      38
      50
      36
      57
      47
      34
      39
      50
      35
      51
      43
      53
      45
      39
      53
      48
      42
      35
      38
      40
      45
      47
      49
      44
      38
      42
      38
      52
      49
      42
      38
      51
      37
      41
      32
      47
      47
      38
      42
      53
      43
      36
      41
      44
      47
      46
      52
      50
      43
      52
      55
      39
      52
      52
      51
      42
      37
      42
      47
      49
      46
      51
      54
      56
      55
      41
      45
      52
      36
      43
      47
      34
      38
      44
      59
      49
      51
      44
       1
       0
       0
       0
       0
       0
       0
       0
       0
       0
       0
       0
       0
       0
       0
       0
       0
       0
       0
       0
       0
       0
       0
       0
       0
       0
       0
       0
       0
       0
       0
       0
       0
       0
       0
       0
       0
       0
       0
       0
       0
       0
       0
       0
       0
       0
       0
       0
       0
       0
       0
       0
       0
       0
       0
       0
       0
       0
       0
       0
       0
       0
       0
       0
       0
       0
       0
       0
$ROI:
2
95 97
514 605
$PRESETS:
Real Time
200
0
$ENER_FIT:
-289.438599 1.280702
$MCA_CAL:
3
-2.894386E+002 1.280702E+000 0.000000E+000
$SHAPE_CAL:
3
0.000000E+000 0.000000E+000 0.000000E+000
