$SPEC_ID:
MEASURE 127.
$SPEC_REM:
DET# 1
DETDESC# MCB 25
AP# Maestro Version 6.05
$DATE_MEA:
04/09/2003 05:59:48
$MEAS_TIM:
196 200
$DATA:
0 1023
       0
       0
       0
       0
       0
       0
       0
       0
       0
       0
       0
       0
       0
       0
       0
       0
       0
       0
       0
       0
       0
       0
       0
       0
       0
       0
       0
       0
       0
       0
       0
       0
       0
       0
       0
       0
       0
       0
       0
       0
       0
       0
       0
       0
     109
     268
     253
     252
     293
     268
     274
     267
     283
     257
     280
     285
     254
     285
     262
     276
     271
     275
     310
     281
     292
     306
     299
     309
     273
     272
     301
     320
     314
     349
     304
     325
     319
     345
     352
     364
     345
     396
     353
     366
     368
     405
     407
     391
     398
     384
     412
     391
     421
     416
     438
     417
     418
     487
     446
     471
     471
     436
     461
     490
     466
     488
     470
     526
     489
     519
     503
     545
     520
     535
     469
     480
     528
     549
     581
     539
     551
     538
     534
     544
     570
     565
     582
     618
     579
     599
     581
     590
     588
     561
     578
     615
     665
     589
     592
     634
     609
     614
     610
     606
     674
     629
     598
     607
     601
     593
     635
     617
     646
     612
     587
     588
     592
     658
     588
     620
     686
     611
     647
     566
     612
     651
     607
     608
     639
     622
     606
     637
     594
     631
     585
     577
     596
     582
     603
     608
     592
     604
     655
     646
     655
     612
     629
     620
     607
     648
     663
     592
     680
     627
     657
     633
     667
     632
     699
     678
     712
     730
     645
     722
     676
     711
     685
     716
     698
     715
     736
     760
     707
     701
     717
     716
     735
     715
     696
     655
     723
     636
     698
     656
     678
     616
     628
     689
     643
     633
     596
     626
     642
     626
     588
     643
     553
     574
     617
     551
     589
     581
     566
     562
     585
     578
     556
     582
     540
     584
     557
     598
     523
     548
     566
     530
     500
     546
     566
     536
     575
     555
     540
     545
     531
     499
     540
     489
     503
     488
     493
     499
     501
     479
     525
     462
     486
     461
     492
     480
     452
     471
     477
     463
     486
     464
     476
     468
     461
     442
     451
     437
     462
     413
     415
     396
     412
     406
     438
     396
     443
     418
     363
     425
     418
     419
     417
     386
     397
     407
     430
     383
     418
     371
     387
     379
     410
     388
     403
     403
     418
     367
     407
     341
     382
     384
     334
     416
     381
     332
     391
     366
     387
     393
     346
     388
     346
     365
     327
     361
     359
     361
     363
     335
     331
     366
     338
     315
     354
     333
     360
     367
     351
     349
     323
     342
     334
     319
     312
     353
     310
     347
     329
     284
     326
     311
     307
     321
     318
     316
     319
     281
     300
     298
     286
     284
     267
     237
     263
     253
     271
     258
     271
     254
     240
     239
     272
     248
     242
     179
     192
     216
     213
     208
     200
     217
     220
     195
     193
     208
     205
     202
     170
     178
     200
     173
     155
     182
     178
     185
     153
     199
     182
     154
     164
     178
     163
     171
     170
     153
     162
     158
     161
     156
     153
     160
     167
     148
     154
     118
     144
     156
     155
     144
     135
     158
     148
     124
     118
     162
     136
     119
     132
     127
     136
     124
     146
     126
     129
     120
     139
     127
     126
     127
     129
     120
     141
     124
     112
     124
     139
     120
     104
     126
     144
     130
     116
     105
     117
     107
     125
     130
     115
     107
     113
     119
     140
     119
     113
     130
      98
     128
     118
     111
     127
     127
     123
     141
     112
     103
     121
     135
     120
     134
     140
     134
     119
     113
     136
     124
     135
     107
     122
     124
     137
     115
     131
     142
     118
     138
     122
     135
     130
     144
     121
     158
     148
     172
     187
     163
     175
     151
     181
     200
     186
     206
     200
     218
     240
     239
     271
     288
     301
     317
     305
     333
     335
     383
     405
     425
     428
     473
     479
     504
     544
     550
     576
     632
     668
     690
     734
     717
     788
     868
     871
     915
     895
     943
     989
    1038
    1092
    1073
    1097
    1109
    1137
    1258
    1225
    1232
    1300
    1270
    1290
    1307
    1274
    1372
    1344
    1321
    1354
    1351
    1341
    1230
    1296
    1320
    1311
    1287
    1237
    1219
    1156
    1173
    1149
    1106
    1011
    1013
     923
     925
     894
     860
     907
     787
     743
     674
     652
     548
     579
     583
     532
     463
     443
     423
     340
     360
     340
     312
     282
     280
     252
     218
     195
     196
     197
     159
     143
     139
     109
     123
     121
     101
      89
      94
      91
      90
      71
      77
      79
      65
      49
      55
      58
      75
      51
      61
      60
      54
      53
      51
      50
      54
      47
      60
      66
      55
      35
      41
      53
      53
      55
      47
      47
      56
      56
      54
      57
      52
      45
      40
      42
      32
      45
      52
      51
      54
      48
      37
      49
      43
      41
      37
      39
      45
      48
      58
      38
      43
      48
      48
      45
      51
      41
      56
      42
      51
      45
      43
      60
      62
      38
      45
      50
      45
      47
      42
      46
      47
      44
      41
      43
      35
      47
      45
      41
      46
      40
      53
      48
      42
      41
      53
      43
      50
      38
      58
      58
      43
      44
      50
      40
      44
      34
      53
      49
      48
      45
      52
      42
      51
      42
      56
      56
      48
      49
      47
      42
      45
      47
      38
      55
      36
      45
      54
      57
      47
      50
      36
      48
      37
      40
      54
      54
      49
      44
      51
      25
      40
      47
      55
      41
      46
      37
      47
      51
      53
      45
      43
      56
      58
      44
      41
      40
      52
      38
      46
      40
      49
      50
      47
      53
      36
      44
      45
      45
      49
      42
      35
      49
      48
      30
      48
      45
      46
      55
      57
      46
      44
      36
      54
      37
      45
      45
      45
      52
      39
      52
      34
      52
      62
      41
      45
      44
      45
      48
      46
      42
      54
      43
      51
      37
      36
      51
      51
      35
      38
      39
      43
      55
      49
      43
      49
      40
      33
      46
      46
      39
      39
      43
      45
      51
      48
      51
      50
      34
      38
      49
      47
      37
      34
      47
      41
      63
      40
      31
      43
      51
      50
      42
      37
      48
      47
      46
      44
      44
      58
      57
      45
      41
      56
      47
      63
      46
      41
      42
      47
      54
      47
      43
      35
      53
      45
      41
      48
      51
      48
      46
      39
      44
      44
      50
      34
      51
      38
      41
      49
      46
      47
      52
      48
      51
      51
      53
      56
      40
      45
      48
      56
      46
      54
      49
      48
      44
      44
      39
      42
      40
      49
      54
      46
      50
      49
      40
      33
      48
      35
      52
      34
      52
      45
      54
      45
      54
      45
      39
      47
      53
      43
      58
      44
      46
      31
      50
      45
      57
      43
      33
      37
      41
      42
      39
      38
      11
       0
       0
       0
       0
       0
       0
       0
       0
       0
       0
       0
       0
       0
       0
       0
       0
       0
       0
       0
       0
       0
       0
       0
       0
       0
       0
       0
       0
       0
       0
       0
       0
       0
       0
       0
       0
       0
       0
       0
       0
       0
       0
       0
       0
       0
       0
       0
       0
       0
       0
       0
       0
       0
       0
       0
       0
       0
       0
       0
       0
       0
       0
       0
       0
       0
       0
       0
$ROI:
2
95 97
514 605
$PRESETS:
Real Time
200
0
$ENER_FIT:
-289.438599 1.280702
$MCA_CAL:
3
-2.894386E+002 1.280702E+000 0.000000E+000
$SHAPE_CAL:
3
0.000000E+000 0.000000E+000 0.000000E+000
