$SPEC_ID:
MEASURE 228.
$SPEC_REM:
DET# 1
DETDESC# MCB 25
AP# Maestro Version 6.05
$DATE_MEA:
04/09/2003 14:24:48
$MEAS_TIM:
196 200
$DATA:
0 1023
       0
       0
       0
       0
       0
       0
       0
       0
       0
       0
       0
       0
       0
       0
       0
       0
       0
       0
       0
       0
       0
       0
       0
       0
       0
       0
       0
       0
       0
       0
       0
       0
       0
       0
       0
       0
       0
       0
       0
       0
       0
       0
       0
       0
      99
     242
     277
     256
     276
     271
     270
     287
     272
     265
     273
     262
     297
     284
     300
     288
     298
     296
     270
     292
     303
     284
     311
     293
     265
     309
     302
     290
     312
     308
     317
     319
     352
     316
     375
     338
     373
     330
     358
     341
     411
     387
     350
     400
     382
     415
     422
     407
     409
     373
     418
     426
     415
     471
     471
     499
     459
     454
     483
     498
     506
     499
     461
     489
     513
     463
     529
     548
     539
     516
     516
     536
     532
     541
     539
     520
     584
     545
     549
     547
     559
     548
     589
     588
     544
     603
     604
     546
     619
     561
     598
     552
     577
     591
     638
     595
     644
     587
     565
     632
     618
     607
     659
     634
     579
     628
     648
     569
     563
     628
     589
     588
     624
     594
     613
     600
     626
     632
     669
     653
     618
     605
     584
     608
     597
     594
     594
     633
     613
     617
     655
     595
     622
     582
     601
     617
     595
     603
     629
     654
     609
     602
     638
     636
     591
     663
     655
     652
     671
     574
     655
     623
     666
     658
     681
     615
     684
     654
     665
     680
     730
     715
     762
     674
     709
     719
     736
     732
     742
     686
     719
     690
     693
     734
     682
     702
     706
     706
     712
     659
     690
     674
     625
     623
     656
     636
     649
     623
     615
     587
     580
     632
     629
     598
     613
     554
     588
     624
     597
     621
     597
     592
     537
     574
     590
     571
     598
     589
     566
     533
     560
     602
     527
     544
     568
     518
     479
     518
     568
     508
     567
     519
     527
     500
     520
     454
     478
     466
     515
     511
     513
     513
     463
     491
     505
     484
     506
     494
     438
     468
     471
     490
     474
     484
     477
     475
     438
     474
     412
     424
     438
     422
     435
     461
     425
     437
     408
     412
     430
     473
     384
     403
     388
     430
     402
     394
     407
     394
     398
     417
     383
     372
     394
     443
     376
     406
     360
     374
     377
     374
     366
     355
     335
     372
     358
     367
     373
     384
     380
     382
     335
     389
     349
     348
     374
     362
     357
     350
     339
     352
     348
     335
     348
     365
     346
     355
     343
     351
     343
     330
     340
     341
     302
     312
     323
     307
     346
     357
     322
     342
     322
     341
     327
     316
     326
     287
     321
     306
     296
     291
     262
     288
     267
     283
     279
     275
     268
     237
     286
     249
     258
     240
     261
     233
     248
     246
     258
     248
     212
     215
     229
     211
     228
     190
     199
     195
     188
     190
     184
     175
     186
     193
     189
     184
     187
     181
     170
     161
     183
     184
     174
     169
     154
     172
     172
     169
     157
     171
     171
     158
     178
     125
     154
     171
     144
     147
     142
     161
     152
     156
     164
     134
     125
     150
     146
     136
     147
     153
     149
     148
     136
     139
     147
     146
     131
     138
     135
     119
     124
     116
     120
     123
     115
     140
     124
     102
     117
     126
     132
     118
     122
     133
     120
     123
     125
     119
     120
     126
     108
     130
     120
     114
     143
     109
     114
     118
      99
     120
     117
     132
     125
     126
     117
     109
     131
     118
     133
     119
     119
     119
     126
     126
     127
     109
     120
     134
     133
     125
     119
     124
     121
     128
     132
     140
     114
     146
     131
     143
     127
     126
     148
     139
     143
     151
     141
     157
     150
     150
     175
     157
     173
     208
     212
     192
     208
     193
     225
     246
     268
     210
     310
     267
     292
     307
     333
     337
     369
     398
     408
     429
     457
     509
     484
     543
     587
     592
     627
     658
     718
     691
     763
     832
     833
     866
     870
     877
     939
     999
     998
    1121
    1169
    1146
    1134
    1182
    1153
    1178
    1206
    1260
    1266
    1292
    1322
    1296
    1311
    1358
    1365
    1320
    1428
    1348
    1376
    1303
    1280
    1306
    1224
    1192
    1211
    1151
    1143
    1075
    1138
    1027
    1064
     980
     932
     889
     891
     777
     766
     692
     684
     733
     605
     598
     540
     490
     440
     453
     405
     405
     333
     314
     302
     284
     250
     236
     213
     236
     186
     180
     148
     130
     145
     122
     107
     137
      97
      96
      96
      73
      74
      70
      75
      68
      57
      75
      77
      61
      58
      60
      58
      51
      52
      60
      60
      72
      48
      42
      42
      53
      57
      55
      51
      58
      41
      39
      52
      59
      61
      54
      46
      54
      51
      49
      59
      40
      43
      46
      50
      45
      53
      46
      39
      34
      47
      43
      52
      51
      51
      50
      40
      41
      42
      41
      35
      54
      56
      43
      43
      43
      69
      43
      64
      52
      58
      58
      34
      45
      49
      39
      41
      43
      47
      45
      57
      43
      40
      57
      46
      43
      34
      49
      40
      37
      43
      38
      45
      29
      49
      32
      50
      48
      43
      51
      39
      37
      39
      41
      37
      46
      37
      39
      39
      36
      51
      46
      35
      36
      38
      47
      51
      51
      40
      50
      42
      50
      41
      49
      36
      51
      45
      37
      39
      43
      45
      48
      38
      39
      47
      42
      41
      48
      44
      47
      41
      42
      50
      37
      39
      46
      44
      50
      42
      33
      38
      52
      50
      47
      46
      48
      34
      37
      39
      42
      48
      34
      47
      47
      50
      40
      34
      37
      32
      41
      53
      45
      30
      46
      44
      37
      48
      45
      33
      43
      43
      46
      31
      43
      49
      38
      58
      38
      40
      33
      30
      40
      56
      45
      41
      55
      44
      38
      58
      48
      47
      43
      38
      41
      44
      40
      49
      38
      41
      39
      35
      55
      35
      41
      42
      40
      58
      55
      37
      38
      39
      49
      34
      43
      33
      41
      53
      38
      51
      38
      38
      44
      42
      48
      48
      43
      48
      51
      36
      48
      33
      35
      46
      47
      39
      44
      41
      44
      49
      38
      45
      31
      36
      44
      44
      44
      39
      36
      47
      47
      40
      38
      44
      55
      42
      49
      43
      36
      44
      55
      45
      41
      43
      52
      42
      41
      44
      50
      49
      39
      43
      36
      50
      32
      45
      32
      42
      45
      37
      45
      41
      41
      49
      45
      33
      46
      40
      46
      48
      53
      46
      45
      39
      38
      49
      46
      43
      51
      47
      47
      45
      49
      51
      47
      54
      49
      49
      51
      59
      50
      46
      48
      43
      41
      52
      42
      35
      48
      45
      45
      41
       3
       0
       0
       0
       0
       0
       0
       0
       0
       0
       0
       0
       0
       0
       0
       0
       0
       0
       0
       0
       0
       0
       0
       0
       0
       0
       0
       0
       0
       0
       0
       0
       0
       0
       0
       0
       0
       0
       0
       0
       0
       0
       0
       0
       0
       0
       0
       0
       0
       0
       0
       0
       0
       0
       0
       0
       0
       0
       0
       0
       0
       0
       0
       0
       0
       0
       0
$ROI:
2
95 97
514 605
$PRESETS:
Real Time
200
0
$ENER_FIT:
-289.438599 1.280702
$MCA_CAL:
3
-2.894386E+002 1.280702E+000 0.000000E+000
$SHAPE_CAL:
3
0.000000E+000 0.000000E+000 0.000000E+000
