$SPEC_ID:
MEASURE 282.
$SPEC_REM:
DET# 1
DETDESC# MCB 25
AP# Maestro Version 6.05
$DATE_MEA:
04/09/2003 18:54:48
$MEAS_TIM:
196 200
$DATA:
0 1023
       0
       0
       0
       0
       0
       0
       0
       0
       0
       0
       0
       0
       0
       0
       0
       0
       0
       0
       0
       0
       0
       0
       0
       0
       0
       0
       0
       0
       0
       0
       0
       0
       0
       0
       0
       0
       0
       0
       0
       0
       0
       0
       0
       0
     103
     270
     268
     269
     239
     265
     272
     258
     264
     293
     280
     280
     281
     292
     266
     301
     246
     286
     278
     286
     258
     306
     316
     259
     294
     282
     327
     313
     303
     331
     299
     332
     310
     345
     301
     304
     348
     375
     344
     349
     370
     370
     364
     379
     358
     437
     392
     412
     431
     436
     410
     457
     458
     452
     445
     434
     467
     510
     498
     477
     463
     503
     521
     498
     503
     487
     531
     507
     483
     490
     542
     469
     559
     519
     571
     550
     533
     522
     572
     579
     567
     559
     569
     578
     623
     603
     569
     586
     583
     618
     567
     628
     594
     618
     602
     567
     626
     619
     609
     605
     614
     579
     579
     625
     633
     584
     641
     626
     580
     625
     606
     635
     579
     657
     629
     603
     626
     631
     626
     605
     616
     611
     633
     627
     605
     686
     629
     658
     591
     615
     636
     639
     671
     628
     621
     611
     600
     620
     583
     604
     649
     621
     602
     635
     660
     630
     628
     615
     616
     619
     698
     641
     662
     652
     658
     688
     672
     709
     665
     724
     724
     704
     715
     731
     701
     699
     720
     710
     728
     713
     702
     714
     714
     693
     706
     654
     626
     654
     710
     653
     685
     683
     670
     659
     639
     673
     595
     617
     573
     629
     613
     605
     601
     609
     603
     582
     621
     595
     606
     576
     557
     576
     583
     597
     600
     580
     564
     549
     515
     532
     575
     539
     516
     537
     573
     558
     553
     568
     536
     494
     491
     509
     545
     508
     540
     520
     459
     522
     478
     518
     487
     492
     480
     499
     512
     467
     469
     477
     481
     431
     412
     456
     442
     483
     423
     451
     446
     430
     415
     434
     444
     427
     445
     392
     408
     378
     422
     435
     449
     404
     427
     395
     417
     394
     397
     422
     379
     383
     419
     385
     386
     406
     444
     367
     415
     399
     417
     372
     373
     411
     391
     396
     399
     345
     357
     343
     341
     366
     382
     376
     381
     410
     366
     362
     366
     368
     364
     306
     351
     334
     369
     386
     382
     347
     384
     357
     339
     328
     314
     347
     341
     335
     353
     392
     330
     339
     350
     320
     306
     343
     321
     328
     305
     340
     264
     302
     322
     293
     314
     311
     301
     307
     309
     281
     287
     254
     270
     254
     262
     278
     266
     269
     273
     249
     262
     221
     201
     214
     244
     229
     217
     221
     222
     193
     214
     227
     206
     207
     229
     168
     171
     186
     159
     185
     209
     149
     191
     204
     185
     181
     154
     176
     168
     164
     168
     167
     152
     148
     170
     159
     181
     164
     150
     161
     157
     144
     149
     141
     153
     143
     144
     129
     138
     135
     166
     149
     129
     126
     119
     120
     132
     125
     135
     139
     125
     133
     143
     130
     134
     120
     120
     132
     125
     117
     135
     137
     119
     129
     105
     140
     140
     115
     126
     145
     117
     101
     102
     121
     144
     131
     114
     133
     103
     123
     105
     119
     121
     113
     120
     101
     112
     112
     113
     119
     109
     132
     128
     111
     108
     119
     126
     133
     108
     127
     103
     112
     111
     126
     133
     120
      92
     120
     108
     102
     123
     120
     102
     113
     142
     133
     112
     129
     152
     137
     129
     156
     138
     125
     145
     140
     166
     153
     198
     195
     180
     200
     206
     223
     236
     225
     251
     284
     261
     305
     316
     355
     336
     404
     367
     408
     450
     430
     511
     510
     531
     561
     605
     598
     680
     680
     706
     717
     808
     810
     903
     918
     891
     970
     998
     998
    1012
    1091
    1135
    1134
    1151
    1173
    1218
    1210
    1287
    1268
    1353
    1312
    1325
    1308
    1348
    1327
    1364
    1334
    1317
    1292
    1352
    1307
    1295
    1298
    1181
    1188
    1147
    1086
    1098
    1081
    1075
    1014
     980
     914
     885
     851
     814
     810
     693
     705
     656
     621
     579
     524
     492
     510
     462
     443
     429
     367
     342
     323
     295
     291
     243
     257
     198
     188
     175
     158
     137
     136
     110
     129
     121
      89
      94
      99
      88
      74
      67
      67
      64
      62
      68
      56
      56
      62
      37
      57
      66
      73
      45
      41
      52
      52
      42
      51
      50
      60
      58
      62
      57
      46
      50
      49
      38
      67
      51
      41
      39
      52
      57
      45
      49
      63
      59
      49
      50
      52
      56
      39
      43
      46
      48
      57
      46
      42
      63
      40
      38
      36
      51
      53
      64
      52
      39
      52
      51
      55
      50
      59
      47
      41
      45
      55
      46
      34
      49
      41
      46
      48
      46
      56
      58
      46
      44
      44
      49
      41
      53
      50
      49
      51
      52
      41
      52
      52
      42
      44
      42
      45
      55
      47
      43
      42
      36
      42
      47
      45
      49
      43
      42
      52
      46
      37
      46
      44
      39
      50
      43
      31
      47
      50
      37
      50
      35
      47
      47
      41
      48
      51
      43
      50
      45
      44
      42
      48
      52
      45
      38
      50
      37
      47
      45
      35
      40
      37
      42
      33
      53
      44
      42
      46
      42
      38
      50
      56
      36
      45
      51
      43
      54
      57
      56
      43
      39
      39
      46
      45
      49
      43
      34
      48
      37
      53
      36
      47
      37
      39
      42
      32
      42
      35
      35
      36
      36
      50
      54
      46
      35
      49
      46
      38
      41
      40
      42
      48
      49
      41
      38
      40
      46
      29
      55
      45
      52
      31
      39
      66
      47
      43
      45
      51
      39
      43
      41
      34
      55
      40
      47
      45
      53
      43
      53
      56
      50
      48
      45
      44
      44
      48
      40
      54
      48
      39
      42
      37
      53
      42
      44
      46
      41
      53
      63
      47
      50
      39
      41
      49
      42
      41
      38
      44
      48
      39
      42
      35
      54
      46
      63
      47
      46
      44
      35
      44
      35
      48
      48
      45
      34
      42
      29
      42
      37
      45
      41
      42
      47
      59
      29
      56
      41
      50
      48
      49
      44
      47
      46
      57
      49
      51
      41
      49
      42
      38
      47
      57
      40
      56
      33
      61
      48
      43
      43
      47
      44
      34
      49
      41
      45
      32
      42
      48
      49
      38
      54
      43
      46
      48
      49
      66
      43
      38
      47
      41
      52
      45
      49
      43
      40
      52
      30
       2
       0
       0
       0
       0
       0
       0
       0
       0
       0
       0
       0
       0
       0
       0
       0
       0
       0
       0
       0
       0
       0
       0
       0
       0
       0
       0
       0
       0
       0
       0
       0
       0
       0
       0
       0
       0
       0
       0
       0
       0
       0
       0
       0
       0
       0
       0
       0
       0
       0
       0
       0
       0
       0
       0
       0
       0
       0
       0
       0
       0
       0
       0
       0
       0
       0
       0
$ROI:
2
95 97
514 605
$PRESETS:
Real Time
200
0
$ENER_FIT:
-289.438599 1.280702
$MCA_CAL:
3
-2.894386E+002 1.280702E+000 0.000000E+000
$SHAPE_CAL:
3
0.000000E+000 0.000000E+000 0.000000E+000
