$SPEC_ID:
MEASURE 097.
$SPEC_REM:
DET# 1
DETDESC# MCB 25
AP# Maestro Version 6.05
$DATE_MEA:
04/09/2003 03:29:48
$MEAS_TIM:
196 200
$DATA:
0 1023
       0
       0
       0
       0
       0
       0
       0
       0
       0
       0
       0
       0
       0
       0
       0
       0
       0
       0
       0
       0
       0
       0
       0
       0
       0
       0
       0
       0
       0
       0
       0
       0
       0
       0
       0
       0
       0
       0
       0
       0
       0
       0
       0
       0
     141
     254
     290
     295
     272
     287
     246
     277
     271
     272
     296
     265
     273
     284
     277
     278
     293
     270
     297
     262
     299
     304
     325
     303
     285
     288
     307
     319
     310
     306
     302
     302
     320
     311
     316
     337
     349
     358
     375
     357
     374
     339
     381
     427
     404
     390
     411
     424
     441
     456
     452
     441
     460
     461
     452
     432
     453
     441
     504
     473
     476
     514
     519
     498
     552
     518
     545
     518
     465
     546
     506
     541
     577
     507
     553
     524
     532
     568
     554
     594
     582
     522
     528
     607
     567
     553
     626
     565
     597
     604
     611
     585
     584
     601
     625
     623
     629
     597
     593
     578
     626
     622
     585
     615
     644
     619
     643
     670
     625
     641
     628
     642
     634
     581
     601
     658
     616
     584
     649
     644
     541
     680
     635
     601
     646
     609
     613
     608
     615
     631
     581
     655
     626
     593
     642
     625
     604
     599
     577
     655
     606
     621
     634
     653
     616
     655
     627
     661
     633
     670
     646
     655
     665
     687
     647
     677
     694
     689
     653
     687
     717
     699
     717
     752
     733
     718
     751
     670
     719
     761
     729
     672
     738
     670
     688
     633
     654
     676
     606
     671
     677
     681
     689
     666
     684
     603
     607
     629
     619
     587
     622
     619
     614
     645
     602
     584
     637
     582
     535
     566
     566
     583
     546
     558
     567
     567
     532
     554
     550
     556
     539
     521
     569
     524
     520
     521
     516
     538
     531
     502
     488
     502
     479
     597
     557
     531
     506
     504
     497
     514
     507
     500
     480
     467
     451
     467
     499
     480
     483
     480
     465
     463
     472
     485
     474
     450
     420
     428
     442
     435
     470
     429
     421
     412
     435
     457
     377
     398
     388
     399
     386
     430
     380
     421
     405
     410
     354
     390
     395
     402
     425
     426
     382
     385
     381
     382
     398
     425
     373
     382
     387
     381
     372
     392
     365
     363
     356
     372
     350
     339
     406
     367
     375
     331
     366
     387
     337
     387
     350
     386
     362
     341
     363
     321
     337
     391
     345
     357
     325
     342
     336
     335
     346
     322
     323
     344
     327
     350
     304
     331
     302
     313
     306
     279
     310
     315
     296
     287
     316
     297
     291
     283
     282
     242
     244
     266
     255
     275
     264
     240
     248
     254
     242
     240
     219
     233
     220
     216
     185
     227
     201
     191
     165
     196
     196
     195
     176
     183
     194
     169
     186
     211
     168
     198
     175
     174
     189
     182
     178
     158
     160
     162
     136
     172
     152
     156
     162
     185
     154
     141
     128
     153
     146
     150
     152
     177
     149
     148
     152
     131
     138
     143
     168
     131
     130
     151
     146
     123
     141
     122
     133
     130
     122
     164
     142
     133
     116
     123
     142
     124
     136
     109
     114
     148
     119
     126
     154
     140
     127
     143
     120
     118
     128
     118
     122
     128
     117
     122
     113
     116
     127
     121
     135
     110
     102
     100
     129
     125
     122
     120
     129
     123
     107
     128
     120
     108
     130
     107
     124
     120
     124
     121
     124
     114
     126
     117
     131
     131
     122
     123
     115
     141
     122
     110
     118
     131
     127
     135
     156
     153
     126
     142
     155
     161
     186
     156
     173
     176
     180
     196
     197
     232
     201
     219
     250
     247
     256
     272
     302
     308
     329
     347
     353
     398
     419
     406
     445
     457
     521
     527
     556
     605
     622
     665
     726
     716
     777
     790
     795
     863
     930
     906
     963
     999
    1025
    1085
    1025
    1139
    1145
    1159
    1221
    1238
    1203
    1326
    1299
    1376
    1315
    1336
    1343
    1352
    1336
    1417
    1310
    1353
    1344
    1293
    1353
    1321
    1238
    1194
    1203
    1173
    1193
    1191
    1136
    1108
    1065
    1028
     983
     927
     870
     820
     826
     755
     691
     643
     651
     597
     584
     553
     482
     437
     441
     398
     394
     365
     301
     266
     272
     262
     196
     198
     196
     177
     175
     159
     156
     120
     139
     106
     121
      94
      92
      89
      75
      62
      66
      55
      67
      67
      53
      64
      57
      59
      56
      51
      65
      67
      46
      47
      44
      49
      61
      65
      40
      42
      58
      53
      57
      52
      48
      38
      53
      43
      49
      45
      68
      55
      48
      51
      61
      47
      44
      55
      50
      63
      48
      47
      55
      52
      62
      57
      59
      43
      56
      44
      40
      48
      50
      43
      55
      52
      42
      45
      42
      41
      55
      52
      42
      56
      48
      41
      54
      62
      49
      46
      52
      46
      38
      45
      50
      56
      47
      49
      48
      41
      46
      52
      47
      42
      39
      38
      44
      43
      36
      43
      50
      36
      46
      37
      37
      47
      54
      48
      45
      43
      49
      45
      30
      42
      51
      42
      42
      36
      54
      37
      46
      41
      48
      42
      46
      61
      49
      46
      49
      32
      44
      51
      29
      51
      38
      40
      52
      50
      49
      57
      39
      40
      45
      35
      48
      51
      45
      50
      45
      45
      39
      47
      43
      42
      47
      35
      50
      63
      48
      38
      34
      48
      52
      44
      43
      49
      39
      35
      45
      47
      39
      46
      47
      52
      34
      39
      45
      45
      45
      46
      48
      63
      44
      47
      54
      45
      38
      45
      44
      54
      44
      47
      50
      40
      46
      43
      69
      31
      44
      60
      52
      43
      53
      41
      39
      40
      47
      29
      48
      41
      51
      39
      42
      42
      44
      37
      57
      43
      51
      44
      39
      42
      29
      37
      37
      58
      45
      58
      38
      52
      51
      42
      44
      48
      49
      39
      46
      43
      39
      46
      43
      39
      36
      43
      40
      37
      46
      35
      43
      43
      31
      33
      48
      49
      49
      56
      48
      39
      36
      42
      48
      42
      49
      39
      42
      50
      52
      37
      60
      48
      44
      54
      35
      51
      48
      34
      55
      40
      36
      56
      43
      39
      44
      52
      46
      52
      39
      52
      46
      48
      39
      31
      48
      42
      48
      41
      52
      48
      37
      45
      48
      37
      56
      37
      49
      43
      49
      48
      50
      41
      38
      42
      44
      49
      40
      38
      42
      63
      55
      44
      49
      48
      42
      43
      49
      36
      48
      48
      58
      49
      42
      58
      49
      56
      57
      24
       0
       0
       0
       0
       0
       0
       0
       0
       0
       0
       0
       0
       0
       0
       0
       0
       0
       0
       0
       0
       0
       0
       0
       0
       0
       0
       0
       0
       0
       0
       0
       0
       0
       0
       0
       0
       0
       0
       0
       0
       0
       0
       0
       0
       0
       0
       0
       0
       0
       0
       0
       0
       0
       0
       0
       0
       0
       0
       0
       0
       0
       0
       0
       0
       0
       0
       0
       0
$ROI:
2
95 97
514 605
$PRESETS:
Real Time
200
0
$ENER_FIT:
-289.438599 1.280702
$MCA_CAL:
3
-2.894386E+002 1.280702E+000 0.000000E+000
$SHAPE_CAL:
3
0.000000E+000 0.000000E+000 0.000000E+000
