$SPEC_ID:
MEASURE 628.
$SPEC_REM:
DET# 1
DETDESC# MCB 25
AP# Maestro Version 6.05
$DATE_MEA:
04/07/2003 12:24:48
$MEAS_TIM:
196 200
$DATA:
0 1023
       0
       0
       0
       0
       0
       0
       0
       0
       0
       0
       0
       0
       0
       0
       0
       0
       0
       0
       0
       0
       0
       0
       0
       0
       0
       0
       0
       0
       0
       0
       0
       0
       0
       0
       0
       0
       0
       0
       0
       0
       0
       0
       0
       0
     133
     258
     256
     280
     274
     292
     263
     245
     244
     263
     274
     270
     265
     260
     287
     257
     289
     274
     281
     338
     274
     274
     303
     292
     315
     312
     323
     325
     307
     343
     309
     338
     331
     314
     371
     380
     346
     322
     345
     360
     382
     373
     340
     397
     380
     413
     419
     376
     428
     457
     472
     451
     431
     483
     462
     453
     469
     478
     446
     465
     426
     472
     513
     478
     533
     520
     502
     525
     521
     516
     522
     530
     511
     522
     519
     558
     535
     574
     545
     587
     579
     582
     534
     540
     582
     586
     609
     580
     565
     595
     617
     599
     594
     676
     559
     568
     622
     625
     628
     611
     612
     612
     628
     643
     627
     590
     626
     619
     627
     626
     621
     573
     674
     608
     667
     616
     658
     662
     628
     625
     592
     625
     595
     661
     623
     611
     633
     650
     647
     644
     620
     635
     667
     562
     616
     643
     622
     647
     671
     582
     617
     618
     614
     644
     622
     636
     655
     650
     675
     614
     709
     652
     646
     665
     697
     721
     686
     688
     650
     688
     711
     703
     692
     697
     687
     678
     687
     711
     687
     673
     665
     740
     742
     714
     685
     701
     694
     642
     687
     673
     663
     634
     634
     578
     679
     637
     663
     597
     636
     620
     608
     626
     615
     618
     595
     586
     582
     593
     579
     556
     540
     550
     553
     521
     536
     526
     584
     509
     592
     591
     550
     531
     553
     540
     541
     499
     514
     524
     530
     531
     525
     519
     520
     524
     499
     484
     496
     518
     523
     499
     473
     499
     464
     461
     481
     462
     429
     509
     463
     463
     453
     463
     443
     435
     450
     454
     401
     448
     427
     401
     390
     425
     416
     425
     441
     429
     443
     428
     431
     405
     414
     357
     396
     381
     384
     404
     395
     395
     394
     401
     408
     360
     395
     365
     362
     385
     391
     411
     396
     370
     386
     375
     416
     385
     367
     368
     352
     395
     350
     419
     358
     381
     385
     353
     359
     368
     359
     398
     371
     366
     356
     348
     337
     363
     317
     333
     335
     363
     399
     351
     324
     380
     332
     329
     332
     320
     330
     307
     327
     319
     331
     318
     317
     295
     309
     283
     320
     331
     305
     292
     256
     297
     277
     313
     272
     263
     258
     257
     222
     242
     245
     216
     227
     228
     236
     247
     201
     227
     198
     201
     215
     228
     199
     202
     198
     198
     194
     187
     206
     201
     178
     168
     192
     185
     167
     157
     171
     174
     156
     169
     174
     160
     158
     154
     154
     168
     161
     172
     142
     176
     170
     163
     165
     141
     141
     146
     144
     148
     151
     122
     140
     131
     142
     130
     133
     139
     156
     134
     146
     125
     136
     145
     127
     124
     137
     140
     133
     116
     150
     143
     126
     146
     132
     130
     119
     126
     126
     107
     117
     134
     109
     126
     144
     133
     116
     123
     131
     125
     124
     123
     114
     124
     117
     105
     124
     108
     116
     110
     109
     124
     113
     109
     122
     115
     110
      94
     130
     115
     121
     113
     104
     133
     122
     118
     115
     108
     134
     133
     136
     115
     131
     128
     134
     112
     133
     153
     135
     117
     153
     148
     127
     147
     146
     152
     177
     178
     188
     190
     190
     182
     201
     230
     210
     228
     254
     249
     265
     306
     326
     298
     352
     364
     412
     409
     496
     476
     475
     508
     518
     563
     586
     634
     642
     718
     696
     746
     787
     834
     846
     913
     945
     904
     994
    1006
    1007
    1049
    1183
    1150
    1170
    1246
    1247
    1294
    1271
    1303
    1321
    1306
    1404
    1329
    1366
    1358
    1397
    1343
    1342
    1411
    1354
    1237
    1316
    1208
    1182
    1221
    1217
    1178
    1083
    1139
    1124
    1014
     991
     930
     936
     855
     864
     775
     765
     698
     642
     652
     604
     554
     558
     477
     437
     422
     360
     354
     334
     296
     244
     254
     242
     217
     202
     213
     156
     177
     156
     133
     117
     152
     101
     113
      99
      94
      85
      76
      77
      73
      55
      75
      60
      59
      72
      64
      45
      60
      42
      59
      43
      46
      43
      55
      59
      57
      59
      48
      57
      50
      46
      51
      57
      44
      26
      40
      57
      56
      52
      47
      49
      63
      44
      46
      46
      45
      56
      50
      70
      56
      55
      52
      45
      52
      38
      43
      48
      43
      50
      52
      42
      35
      42
      46
      42
      51
      35
      43
      43
      56
      58
      51
      38
      40
      45
      34
      50
      42
      60
      28
      44
      50
      49
      43
      48
      56
      44
      42
      46
      45
      32
      45
      37
      39
      39
      52
      59
      47
      48
      51
      47
      51
      52
      45
      52
      49
      38
      43
      45
      45
      48
      54
      44
      46
      40
      52
      43
      40
      46
      51
      46
      37
      45
      48
      44
      34
      37
      45
      47
      47
      40
      60
      49
      43
      44
      49
      41
      55
      49
      47
      33
      34
      37
      55
      42
      39
      43
      48
      36
      37
      43
      44
      38
      42
      38
      43
      46
      47
      45
      48
      52
      56
      56
      49
      38
      49
      43
      48
      46
      37
      44
      41
      45
      45
      50
      57
      48
      44
      44
      45
      40
      48
      34
      37
      36
      43
      48
      44
      51
      47
      47
      33
      43
      47
      47
      34
      51
      32
      49
      50
      34
      37
      44
      54
      39
      54
      46
      44
      53
      50
      35
      40
      38
      31
      56
      44
      40
      34
      46
      44
      54
      42
      46
      44
      54
      43
      53
      47
      43
      51
      37
      41
      43
      37
      49
      52
      41
      42
      51
      29
      45
      45
      47
      52
      41
      55
      57
      54
      40
      50
      45
      54
      33
      43
      35
      42
      32
      54
      46
      46
      53
      49
      54
      42
      34
      48
      31
      54
      48
      44
      53
      36
      43
      46
      48
      54
      40
      43
      47
      45
      39
      41
      65
      38
      44
      40
      43
      39
      39
      46
      51
      52
      43
      42
      44
      48
      47
      45
      46
      35
      48
      50
      38
      37
      55
      48
      48
      49
      39
      52
      47
      57
      45
      50
      38
      53
      49
      46
      45
      41
      44
      44
      44
      55
      50
      46
      50
      40
      37
      39
      52
      47
      49
      49
      36
      43
       4
       0
       0
       0
       0
       0
       0
       0
       0
       0
       0
       0
       0
       0
       0
       0
       0
       0
       0
       0
       0
       0
       0
       0
       0
       0
       0
       0
       0
       0
       0
       0
       0
       0
       0
       0
       0
       0
       0
       0
       0
       0
       0
       0
       0
       0
       0
       0
       0
       0
       0
       0
       0
       0
       0
       0
       0
       0
       0
       0
       0
       0
       0
       0
       0
       0
       0
       0
$ROI:
2
95 97
514 605
$PRESETS:
Real Time
200
0
$ENER_FIT:
-289.438599 1.280702
$MCA_CAL:
3
-2.894386E+002 1.280702E+000 0.000000E+000
$SHAPE_CAL:
3
0.000000E+000 0.000000E+000 0.000000E+000
