$SPEC_ID:
MEASURE 995.
$SPEC_REM:
DET# 1
DETDESC# MCB 25
AP# Maestro Version 6.05
$DATE_MEA:
04/08/2003 18:59:48
$MEAS_TIM:
196 200
$DATA:
0 1023
       0
       0
       0
       0
       0
       0
       0
       0
       0
       0
       0
       0
       0
       0
       0
       0
       0
       0
       0
       0
       0
       0
       0
       0
       0
       0
       0
       0
       0
       0
       0
       0
       0
       0
       0
       0
       0
       0
       0
       0
       0
       0
       0
       0
     128
     258
     264
     246
     278
     260
     279
     256
     253
     277
     311
     266
     285
     247
     265
     293
     287
     278
     239
     271
     287
     300
     297
     285
     305
     275
     315
     302
     305
     340
     314
     343
     315
     344
     372
     351
     339
     365
     374
     348
     366
     352
     371
     389
     416
     397
     397
     391
     425
     444
     452
     415
     446
     433
     481
     437
     445
     477
     445
     482
     517
     494
     501
     485
     510
     489
     476
     505
     516
     516
     540
     547
     557
     538
     536
     526
     608
     546
     587
     542
     556
     572
     554
     557
     593
     582
     555
     602
     564
     583
     534
     590
     571
     585
     571
     630
     599
     620
     570
     600
     623
     616
     642
     619
     631
     665
     667
     635
     626
     635
     643
     627
     580
     642
     631
     600
     612
     650
     622
     653
     600
     640
     637
     615
     634
     593
     622
     627
     614
     584
     632
     622
     613
     653
     608
     583
     641
     616
     634
     628
     621
     644
     622
     586
     635
     576
     628
     624
     621
     663
     634
     658
     660
     710
     667
     680
     660
     709
     670
     701
     657
     723
     707
     703
     727
     724
     711
     738
     732
     720
     694
     735
     693
     718
     699
     654
     651
     687
     667
     675
     643
     647
     640
     586
     672
     636
     617
     612
     577
     640
     617
     614
     595
     604
     601
     581
     600
     581
     586
     572
     624
     561
     556
     564
     560
     546
     555
     533
     535
     533
     560
     541
     550
     554
     510
     504
     562
     504
     546
     491
     518
     514
     502
     514
     521
     504
     509
     550
     473
     471
     509
     507
     491
     511
     516
     450
     468
     506
     458
     469
     454
     455
     488
     430
     422
     462
     473
     426
     453
     448
     474
     438
     431
     448
     444
     423
     389
     407
     428
     456
     408
     378
     400
     372
     433
     398
     398
     414
     389
     384
     444
     435
     358
     407
     393
     415
     406
     407
     374
     367
     359
     373
     403
     386
     386
     377
     354
     409
     396
     351
     337
     334
     341
     384
     355
     359
     385
     373
     369
     377
     335
     331
     347
     355
     327
     365
     373
     344
     342
     358
     322
     286
     339
     386
     331
     332
     309
     323
     292
     317
     352
     303
     273
     311
     358
     313
     290
     302
     239
     300
     305
     265
     265
     274
     275
     294
     265
     242
     255
     265
     226
     248
     236
     226
     228
     222
     211
     232
     203
     222
     206
     217
     233
     201
     212
     187
     188
     197
     202
     196
     176
     192
     191
     168
     181
     184
     148
     157
     180
     152
     168
     192
     152
     154
     174
     146
     169
     126
     150
     154
     146
     151
     176
     179
     200
     143
     153
     137
     157
     113
     153
     162
     114
     151
     152
     120
     122
     137
     134
     141
     132
     124
     162
     132
     155
     125
     121
     110
     115
     129
     145
     123
     132
     123
     128
     135
     133
     120
     113
     113
     128
     131
     129
     119
     120
     139
     122
     108
     124
     103
     127
     122
     109
      98
     135
     115
     111
     128
      97
     132
     115
     120
     129
     121
     114
     121
     121
     122
     106
     120
     132
     113
     133
     115
     119
     124
     135
     108
     126
     148
     136
     124
     120
     119
     139
     146
     125
     132
     130
     132
     154
     147
     173
     153
     135
     168
     177
     150
     186
     169
     211
     213
     213
     224
     241
     239
     287
     256
     295
     343
     352
     320
     354
     365
     411
     418
     457
     482
     485
     514
     636
     580
     600
     651
     700
     765
     774
     780
     764
     872
     887
     910
     959
     954
    1006
    1029
    1070
    1122
    1113
    1165
    1162
    1164
    1253
    1309
    1335
    1245
    1295
    1319
    1377
    1324
    1363
    1333
    1375
    1300
    1322
    1281
    1289
    1255
    1206
    1281
    1228
    1114
    1186
    1076
    1098
    1047
     973
    1008
     933
     938
     878
     851
     765
     754
     717
     723
     620
     619
     581
     532
     511
     432
     427
     389
     348
     337
     312
     295
     281
     250
     260
     201
     190
     176
     167
     130
     141
     132
     123
     110
     108
      93
      95
      77
      93
      88
      73
      75
      53
      66
      57
      65
      48
      51
      58
      61
      53
      61
      59
      52
      52
      55
      42
      42
      48
      55
      47
      46
      54
      47
      38
      42
      49
      53
      64
      53
      47
      57
      51
      44
      44
      44
      49
      51
      45
      45
      56
      50
      52
      44
      42
      41
      42
      41
      51
      60
      42
      49
      51
      55
      49
      41
      52
      41
      46
      57
      54
      52
      39
      47
      40
      50
      37
      47
      44
      43
      41
      54
      43
      50
      40
      48
      41
      46
      39
      51
      41
      48
      41
      43
      38
      32
      42
      44
      47
      37
      41
      39
      34
      48
      46
      43
      45
      37
      40
      46
      44
      55
      45
      30
      35
      41
      45
      44
      50
      54
      44
      41
      43
      35
      49
      40
      54
      50
      57
      37
      50
      45
      44
      47
      57
      41
      48
      44
      43
      54
      53
      38
      41
      45
      56
      51
      48
      50
      42
      40
      36
      51
      50
      47
      42
      35
      35
      39
      37
      45
      54
      46
      38
      45
      46
      56
      46
      49
      45
      46
      41
      43
      49
      37
      44
      61
      49
      48
      50
      59
      50
      50
      42
      34
      41
      38
      54
      42
      58
      37
      53
      38
      44
      43
      54
      51
      49
      43
      42
      41
      53
      27
      43
      40
      44
      38
      49
      43
      48
      55
      52
      42
      51
      46
      40
      41
      43
      47
      44
      39
      43
      51
      63
      36
      62
      49
      48
      45
      63
      53
      39
      53
      39
      43
      40
      37
      38
      42
      36
      46
      43
      38
      53
      51
      57
      38
      58
      35
      43
      54
      37
      50
      56
      50
      42
      38
      50
      43
      46
      52
      55
      43
      42
      45
      49
      43
      47
      51
      35
      43
      61
      48
      39
      48
      49
      37
      45
      46
      45
      39
      40
      53
      47
      46
      45
      44
      44
      54
      70
      54
      42
      39
      45
      46
      52
      43
      38
      42
      48
      61
      40
      52
      51
      42
      52
      47
      52
      44
      50
      42
      52
      45
      48
      47
      46
      58
      35
      40
      32
      51
      57
      53
      44
      44
      58
      52
      55
      44
      38
      46
      46
      40
      48
      31
      48
      46
       1
       0
       0
       0
       0
       0
       0
       0
       0
       0
       0
       0
       0
       0
       0
       0
       0
       0
       0
       0
       0
       0
       0
       0
       0
       0
       0
       0
       0
       0
       0
       0
       0
       0
       0
       0
       0
       0
       0
       0
       0
       0
       0
       0
       0
       0
       0
       0
       0
       0
       0
       0
       0
       0
       0
       0
       0
       0
       0
       0
       0
       0
       0
       0
       0
       0
       0
       0
$ROI:
2
95 97
514 605
$PRESETS:
Real Time
200
0
$ENER_FIT:
-289.438599 1.280702
$MCA_CAL:
3
-2.894386E+002 1.280702E+000 0.000000E+000
$SHAPE_CAL:
3
0.000000E+000 0.000000E+000 0.000000E+000
