$SPEC_ID:
MEASURE 674.
$SPEC_REM:
DET# 1
DETDESC# MCB 25
AP# Maestro Version 6.05
$DATE_MEA:
04/07/2003 16:14:48
$MEAS_TIM:
196 200
$DATA:
0 1023
       0
       0
       0
       0
       0
       0
       0
       0
       0
       0
       0
       0
       0
       0
       0
       0
       0
       0
       0
       0
       0
       0
       0
       0
       0
       0
       0
       0
       0
       0
       0
       0
       0
       0
       0
       0
       0
       0
       0
       0
       0
       0
       0
       0
     136
     272
     263
     299
     262
     271
     263
     262
     301
     257
     276
     258
     298
     277
     250
     283
     283
     265
     322
     288
     293
     274
     285
     291
     308
     301
     305
     321
     305
     318
     340
     305
     307
     315
     358
     345
     360
     364
     348
     373
     383
     351
     388
     411
     397
     404
     429
     426
     443
     405
     448
     434
     453
     438
     449
     493
     468
     477
     470
     508
     484
     535
     506
     501
     537
     528
     526
     530
     503
     530
     522
     498
     515
     560
     536
     541
     563
     559
     518
     551
     549
     528
     583
     581
     580
     580
     574
     564
     552
     576
     570
     571
     547
     608
     604
     624
     632
     632
     619
     597
     652
     621
     626
     622
     611
     595
     647
     626
     602
     582
     641
     659
     603
     662
     604
     638
     597
     642
     632
     615
     604
     615
     635
     612
     606
     625
     603
     632
     618
     660
     622
     615
     602
     622
     638
     603
     627
     617
     630
     627
     632
     600
     624
     615
     576
     620
     659
     674
     647
     622
     639
     659
     643
     673
     701
     706
     739
     739
     704
     695
     749
     665
     680
     697
     694
     729
     725
     697
     708
     696
     731
     696
     702
     705
     696
     713
     664
     675
     666
     659
     659
     662
     635
     673
     632
     663
     624
     638
     610
     598
     596
     589
     632
     577
     617
     636
     581
     583
     573
     581
     600
     590
     566
     576
     574
     561
     525
     577
     521
     539
     537
     553
     530
     510
     543
     523
     507
     544
     515
     532
     509
     486
     525
     500
     509
     491
     430
     458
     476
     458
     502
     485
     469
     467
     480
     492
     493
     503
     458
     483
     490
     495
     436
     478
     489
     441
     463
     461
     414
     410
     469
     413
     427
     394
     426
     408
     401
     431
     399
     402
     402
     444
     414
     377
     403
     395
     400
     405
     393
     352
     384
     367
     425
     413
     411
     368
     384
     408
     382
     388
     415
     373
     378
     397
     353
     367
     355
     345
     374
     360
     370
     345
     375
     349
     391
     380
     345
     363
     380
     398
     330
     366
     377
     330
     331
     353
     347
     337
     346
     358
     362
     348
     335
     306
     337
     329
     350
     312
     328
     295
     338
     313
     323
     297
     296
     250
     316
     276
     272
     320
     323
     271
     297
     302
     255
     243
     288
     252
     282
     281
     232
     218
     226
     222
     227
     229
     228
     233
     235
     213
     191
     216
     207
     186
     185
     189
     192
     193
     190
     218
     166
     194
     162
     181
     172
     178
     194
     165
     157
     169
     173
     162
     175
     149
     148
     155
     135
     150
     175
     126
     121
     163
     156
     159
     149
     133
     125
     145
     145
     136
     138
     151
     139
     134
     147
     120
     161
     157
     129
     137
     160
     141
     130
     140
     111
     122
     128
     138
     137
     109
     136
     138
     140
     116
     131
     121
     118
     136
     113
     125
     129
     101
     109
     121
     119
     141
     136
     119
     107
     114
     115
     128
     129
     118
     129
     132
     118
     128
     102
     114
     108
     111
     115
     112
     114
     131
     104
     113
     112
     113
     112
     133
     105
     114
     119
     130
     110
     126
     137
     121
     123
     121
     136
     113
     132
     133
     127
     120
     131
     133
     138
     140
     142
     164
     155
     170
     193
     209
     177
     214
     220
     215
     215
     236
     217
     254
     241
     337
     308
     322
     357
     389
     403
     409
     472
     444
     467
     523
     554
     586
     591
     607
     647
     707
     752
     794
     821
     774
     835
     905
     917
     982
    1042
    1020
    1083
    1088
    1126
    1225
    1135
    1200
    1220
    1178
    1330
    1304
    1326
    1285
    1343
    1317
    1355
    1384
    1408
    1410
    1329
    1386
    1412
    1247
    1310
    1283
    1187
    1227
    1128
    1157
    1149
    1062
    1087
    1024
    1019
     891
     912
     859
     853
     786
     745
     700
     632
     580
     568
     589
     525
     466
     452
     404
     347
     382
     310
     292
     298
     263
     238
     194
     204
     176
     162
     150
     148
     156
     105
     121
     101
     105
     101
      92
      73
      73
      76
      83
      71
      58
      66
      67
      61
      40
      44
      64
      67
      44
      71
      54
      59
      59
      63
      48
      46
      53
      56
      57
      52
      48
      46
      41
      42
      54
      62
      56
      60
      46
      53
      56
      46
      42
      47
      54
      41
      45
      50
      44
      48
      39
      40
      44
      48
      45
      41
      48
      62
      48
      44
      28
      49
      51
      50
      48
      51
      62
      40
      45
      45
      50
      48
      52
      60
      40
      52
      58
      47
      53
      42
      51
      47
      49
      45
      45
      54
      43
      53
      40
      51
      42
      56
      46
      41
      42
      51
      43
      47
      43
      41
      53
      43
      41
      56
      50
      45
      63
      55
      44
      43
      52
      45
      43
      52
      44
      43
      35
      44
      44
      56
      44
      46
      53
      50
      34
      36
      39
      35
      44
      37
      40
      53
      50
      46
      36
      51
      49
      56
      52
      36
      43
      49
      40
      40
      36
      45
      53
      45
      52
      41
      42
      40
      47
      42
      43
      37
      51
      41
      41
      28
      37
      38
      37
      40
      51
      37
      49
      34
      49
      43
      40
      45
      41
      46
      51
      48
      56
      38
      54
      28
      48
      33
      42
      50
      47
      35
      42
      36
      56
      37
      38
      46
      59
      49
      31
      44
      37
      49
      48
      37
      39
      44
      35
      55
      38
      42
      41
      59
      48
      54
      45
      25
      36
      48
      53
      51
      37
      49
      35
      38
      38
      37
      43
      50
      47
      48
      34
      36
      34
      45
      43
      53
      39
      37
      42
      58
      41
      35
      46
      49
      51
      35
      41
      42
      48
      46
      50
      48
      40
      35
      45
      44
      57
      40
      46
      38
      43
      53
      43
      44
      43
      44
      45
      38
      50
      57
      53
      37
      36
      38
      45
      46
      41
      39
      38
      41
      59
      36
      43
      52
      39
      45
      53
      41
      35
      43
      53
      43
      48
      55
      43
      54
      52
      43
      45
      31
      56
      37
      40
      32
      39
      42
      44
      41
      40
      43
      48
      41
      52
      50
      40
      40
      50
      48
      53
      50
      46
      37
      46
      49
      39
      53
      38
      48
      44
      54
      51
      55
      41
      47
      40
      42
      47
      52
      30
       3
       0
       0
       0
       0
       0
       0
       0
       0
       0
       0
       0
       0
       0
       0
       0
       0
       0
       0
       0
       0
       0
       0
       0
       0
       0
       0
       0
       0
       0
       0
       0
       0
       0
       0
       0
       0
       0
       0
       0
       0
       0
       0
       0
       0
       0
       0
       0
       0
       0
       0
       0
       0
       0
       0
       0
       0
       0
       0
       0
       0
       0
       0
       0
       0
       0
       0
       0
$ROI:
2
95 97
514 605
$PRESETS:
Real Time
200
0
$ENER_FIT:
-289.438599 1.280702
$MCA_CAL:
3
-2.894386E+002 1.280702E+000 0.000000E+000
$SHAPE_CAL:
3
0.000000E+000 0.000000E+000 0.000000E+000
