$SPEC_ID:
MEASURE 581.
$SPEC_REM:
DET# 1
DETDESC# MCB 25
AP# Maestro Version 6.05
$DATE_MEA:
04/07/2003 08:29:48
$MEAS_TIM:
196 200
$DATA:
0 1023
       0
       0
       0
       0
       0
       0
       0
       0
       0
       0
       0
       0
       0
       0
       0
       0
       0
       0
       0
       0
       0
       0
       0
       0
       0
       0
       0
       0
       0
       0
       0
       0
       0
       0
       0
       0
       0
       0
       0
       0
       0
       0
       0
       0
     111
     271
     278
     286
     257
     265
     282
     242
     294
     298
     268
     295
     275
     301
     277
     284
     286
     283
     275
     293
     272
     301
     287
     288
     304
     293
     281
     333
     317
     274
     309
     330
     356
     307
     354
     377
     366
     356
     357
     358
     347
     394
     402
     399
     394
     375
     405
     409
     432
     440
     468
     445
     467
     443
     443
     475
     467
     493
     490
     490
     503
     486
     520
     491
     482
     476
     489
     514
     528
     559
     533
     560
     534
     506
     565
     562
     593
     548
     529
     588
     570
     603
     582
     599
     606
     573
     563
     568
     609
     602
     590
     597
     615
     614
     636
     592
     598
     608
     643
     676
     609
     612
     580
     605
     586
     601
     641
     631
     614
     646
     649
     635
     639
     612
     576
     650
     622
     620
     628
     614
     664
     639
     655
     638
     626
     691
     627
     621
     625
     636
     612
     604
     640
     640
     614
     610
     657
     626
     597
     579
     647
     608
     597
     653
     655
     627
     606
     685
     672
     658
     637
     665
     661
     657
     651
     682
     668
     688
     734
     731
     665
     710
     676
     697
     681
     683
     653
     693
     704
     714
     716
     714
     715
     705
     726
     694
     695
     673
     732
     684
     673
     681
     698
     654
     573
     658
     614
     615
     643
     625
     624
     629
     553
     555
     618
     604
     585
     579
     606
     591
     592
     574
     591
     570
     586
     557
     563
     552
     574
     560
     521
     547
     556
     526
     517
     557
     545
     556
     540
     498
     518
     499
     547
     502
     488
     515
     488
     484
     486
     515
     504
     502
     478
     452
     470
     460
     499
     474
     473
     469
     480
     466
     423
     482
     445
     366
     460
     472
     423
     424
     426
     479
     391
     390
     472
     427
     419
     414
     400
     412
     406
     393
     434
     408
     398
     381
     389
     400
     430
     394
     385
     406
     404
     363
     396
     384
     383
     404
     372
     371
     374
     412
     399
     360
     379
     349
     365
     335
     358
     371
     417
     318
     362
     389
     384
     349
     316
     358
     355
     364
     357
     339
     375
     339
     374
     342
     344
     365
     346
     349
     342
     359
     367
     359
     327
     318
     334
     317
     349
     330
     316
     316
     306
     309
     326
     289
     323
     314
     305
     301
     271
     300
     286
     289
     247
     266
     283
     261
     287
     255
     262
     220
     246
     233
     227
     225
     207
     209
     221
     230
     232
     197
     217
     197
     202
     191
     196
     200
     184
     176
     204
     176
     186
     195
     195
     172
     142
     162
     154
     160
     168
     180
     166
     153
     141
     144
     168
     147
     154
     180
     124
     157
     155
     141
     123
     154
     147
     166
     157
     138
     127
     140
     136
     126
     137
     144
     140
     136
     129
     172
     155
     146
     144
     120
     124
     122
     142
     128
     147
     134
     113
     128
     136
     123
     143
     129
     132
     127
     125
     114
     131
     130
     123
     128
     117
     124
     129
     123
     108
     116
     111
     140
     133
     128
     122
     125
     115
     113
     113
     123
     129
     112
     104
     116
     135
     122
     121
     118
     120
     113
     143
     124
     115
     133
     117
     131
     125
     133
     101
     115
     130
     124
     142
     162
     133
     137
     138
     146
     133
     143
     145
     151
     146
     143
     180
     177
     170
     210
     192
     213
     227
     217
     229
     214
     269
     257
     295
     293
     299
     299
     354
     372
     388
     408
     447
     455
     497
     535
     523
     596
     608
     652
     605
     701
     786
     728
     834
     781
     873
     950
     904
     974
     975
    1065
    1089
    1090
    1164
    1221
    1226
    1223
    1205
    1253
    1259
    1313
    1352
    1420
    1331
    1385
    1366
    1288
    1388
    1356
    1409
    1393
    1323
    1251
    1209
    1284
    1191
    1194
    1158
    1203
    1129
    1100
    1069
     975
     932
     951
     866
     792
     782
     758
     699
     694
     614
     577
     563
     524
     520
     473
     411
     426
     417
     376
     368
     312
     286
     278
     231
     203
     197
     172
     175
     160
     155
     149
     141
     124
     100
      99
     114
     105
      75
      80
      86
      69
      65
      70
      67
      73
      78
      68
      61
      68
      50
      57
      53
      58
      62
      63
      48
      44
      49
      42
      45
      39
      52
      50
      48
      45
      46
      41
      52
      49
      55
      60
      44
      44
      50
      52
      60
      60
      53
      36
      52
      68
      53
      53
      50
      51
      50
      53
      59
      46
      50
      44
      38
      47
      47
      49
      48
      49
      60
      44
      54
      58
      52
      41
      47
      42
      37
      53
      49
      46
      34
      44
      41
      60
      39
      47
      50
      54
      38
      44
      32
      45
      38
      53
      42
      42
      47
      48
      51
      38
      39
      43
      47
      44
      35
      44
      33
      42
      53
      49
      67
      35
      42
      48
      57
      45
      47
      39
      48
      32
      49
      40
      52
      50
      45
      43
      41
      43
      54
      40
      59
      50
      35
      45
      48
      46
      41
      37
      31
      51
      34
      44
      41
      53
      46
      45
      43
      45
      48
      41
      47
      41
      47
      37
      34
      47
      44
      46
      34
      49
      33
      41
      42
      36
      41
      46
      39
      38
      34
      31
      48
      43
      49
      40
      56
      53
      43
      42
      37
      39
      40
      42
      47
      42
      39
      51
      48
      34
      47
      48
      49
      34
      43
      37
      43
      49
      38
      54
      37
      33
      41
      43
      38
      42
      48
      60
      41
      46
      55
      49
      58
      43
      49
      41
      39
      44
      46
      46
      35
      48
      53
      43
      52
      59
      49
      47
      61
      34
      36
      43
      38
      49
      50
      34
      45
      54
      44
      46
      51
      49
      54
      49
      36
      51
      45
      48
      58
      53
      42
      46
      46
      52
      49
      47
      46
      48
      57
      62
      59
      49
      55
      35
      48
      54
      55
      37
      50
      55
      48
      43
      57
      43
      36
      46
      37
      60
      43
      39
      59
      40
      49
      49
      47
      44
      39
      45
      40
      52
      49
      25
      32
      50
      36
      46
      55
      54
      48
      42
      44
      34
      48
      50
      46
      43
      34
      36
      48
      44
      42
      44
      45
      39
      39
      45
      50
      46
      59
      40
      38
      54
      44
      38
      45
      45
      44
      50
      47
      45
      49
      68
      48
      44
      51
      47
      53
      62
      41
      34
       1
       0
       0
       0
       0
       0
       0
       0
       0
       0
       0
       0
       0
       0
       0
       0
       0
       0
       0
       0
       0
       0
       0
       0
       0
       0
       0
       0
       0
       0
       0
       0
       0
       0
       0
       0
       0
       0
       0
       0
       0
       0
       0
       0
       0
       0
       0
       0
       0
       0
       0
       0
       0
       0
       0
       0
       0
       0
       0
       0
       0
       0
       0
       0
       0
       0
       0
       0
$ROI:
2
95 97
514 605
$PRESETS:
Real Time
200
0
$ENER_FIT:
-289.438599 1.280702
$MCA_CAL:
3
-2.894386E+002 1.280702E+000 0.000000E+000
$SHAPE_CAL:
3
0.000000E+000 0.000000E+000 0.000000E+000
