$SPEC_ID:
MEASURE 775.
$SPEC_REM:
DET# 1
DETDESC# MCB 25
AP# Maestro Version 6.05
$DATE_MEA:
04/08/2003 00:39:48
$MEAS_TIM:
196 200
$DATA:
0 1023
       0
       0
       0
       0
       0
       0
       0
       0
       0
       0
       0
       0
       0
       0
       0
       0
       0
       0
       0
       0
       0
       0
       0
       0
       0
       0
       0
       0
       0
       0
       0
       0
       0
       0
       0
       0
       0
       0
       0
       0
       0
       0
       0
       0
     131
     279
     265
     275
     251
     260
     274
     266
     309
     299
     264
     309
     231
     279
     256
     294
     274
     272
     292
     328
     292
     312
     315
     287
     323
     320
     301
     274
     293
     303
     349
     342
     307
     319
     340
     339
     354
     359
     367
     355
     405
     353
     380
     392
     382
     422
     402
     429
     423
     445
     457
     438
     447
     440
     417
     442
     464
     453
     490
     496
     470
     514
     491
     480
     542
     503
     497
     523
     562
     493
     489
     554
     579
     518
     501
     528
     529
     526
     563
     553
     551
     532
     599
     597
     594
     609
     574
     554
     591
     600
     619
     605
     577
     580
     570
     679
     653
     602
     610
     625
     659
     613
     601
     600
     619
     577
     589
     643
     654
     663
     623
     624
     615
     616
     605
     661
     629
     645
     601
     644
     600
     623
     630
     633
     587
     593
     603
     587
     614
     600
     629
     641
     630
     559
     630
     641
     644
     624
     597
     595
     638
     648
     641
     570
     651
     585
     641
     599
     633
     638
     635
     664
     668
     651
     657
     642
     659
     697
     647
     717
     694
     703
     752
     730
     728
     695
     727
     723
     729
     691
     697
     724
     745
     738
     659
     661
     723
     656
     627
     712
     677
     650
     602
     657
     663
     620
     616
     602
     592
     594
     590
     626
     596
     547
     593
     569
     517
     604
     557
     593
     571
     554
     584
     559
     553
     550
     577
     591
     523
     530
     567
     539
     522
     547
     569
     528
     516
     501
     513
     516
     479
     549
     530
     468
     505
     514
     513
     525
     487
     468
     514
     487
     535
     508
     484
     459
     476
     455
     453
     463
     431
     485
     426
     442
     430
     458
     434
     444
     440
     466
     445
     445
     398
     428
     419
     438
     399
     432
     390
     432
     400
     431
     440
     440
     398
     390
     412
     398
     374
     385
     418
     397
     412
     412
     404
     402
     396
     452
     389
     390
     374
     403
     365
     356
     417
     388
     391
     337
     394
     348
     373
     353
     337
     378
     367
     373
     360
     382
     354
     353
     368
     377
     368
     368
     367
     355
     341
     313
     347
     344
     332
     354
     343
     329
     344
     326
     325
     341
     312
     299
     307
     319
     313
     288
     291
     283
     271
     290
     312
     293
     286
     262
     266
     308
     289
     243
     281
     252
     244
     246
     239
     257
     260
     221
     223
     254
     249
     215
     209
     237
     211
     185
     217
     197
     178
     203
     210
     188
     210
     170
     179
     161
     205
     172
     185
     195
     170
     148
     172
     170
     162
     171
     146
     170
     143
     159
     143
     164
     154
     155
     169
     149
     138
     176
     156
     152
     151
     148
     151
     147
     138
     134
     137
     135
     137
     140
     172
     112
     153
     132
     166
     132
     127
     140
     128
     141
     134
     128
     142
     124
     119
     127
     121
     131
     122
     129
     135
     137
     131
     133
     115
     142
     120
     117
     125
     121
     118
     131
     116
     101
     124
     109
     104
     104
     128
     129
     110
     139
     127
     125
     116
     136
     126
     123
     125
     139
     146
     113
     137
      96
     113
     104
     129
     128
     146
     125
     138
     102
     139
     128
     151
     120
     124
     122
     109
     118
     149
     151
     145
     138
     159
     150
     145
     160
     174
     164
     179
     178
     198
     208
     196
     226
     214
     251
     266
     274
     273
     304
     339
     328
     319
     398
     398
     418
     445
     481
     472
     471
     504
     517
     556
     633
     682
     647
     734
     755
     793
     837
     826
     867
     961
     934
     989
     996
    1049
    1086
    1145
    1166
    1169
    1115
    1246
    1228
    1249
    1327
    1361
    1305
    1307
    1344
    1285
    1354
    1414
    1416
    1366
    1335
    1351
    1325
    1286
    1237
    1250
    1209
    1197
    1188
    1131
    1096
    1077
    1040
    1017
     967
     926
     852
     857
     743
     723
     749
     682
     631
     604
     573
     508
     461
     484
     441
     400
     360
     356
     287
     339
     291
     266
     239
     208
     172
     188
     159
     137
     129
     132
     129
     114
     110
      94
      93
      86
      65
      83
      88
      67
      57
      61
      69
      64
      55
      62
      64
      47
      53
      57
      66
      50
      51
      44
      61
      38
      56
      35
      42
      64
      49
      49
      54
      42
      39
      37
      42
      52
      53
      65
      57
      63
      62
      52
      47
      49
      43
      47
      49
      51
      53
      42
      44
      55
      57
      52
      63
      56
      47
      50
      52
      42
      56
      49
      53
      45
      56
      52
      34
      53
      54
      41
      57
      44
      60
      49
      45
      57
      50
      45
      45
      45
      42
      41
      52
      56
      52
      44
      41
      46
      46
      54
      35
      51
      52
      43
      57
      39
      58
      36
      43
      47
      50
      43
      43
      50
      47
      40
      38
      51
      48
      52
      42
      32
      41
      28
      39
      45
      40
      41
      36
      42
      46
      29
      57
      52
      42
      34
      36
      57
      58
      36
      45
      54
      43
      41
      49
      33
      43
      45
      43
      43
      44
      44
      42
      44
      34
      44
      46
      43
      41
      45
      38
      29
      47
      42
      53
      48
      45
      52
      45
      41
      37
      44
      47
      41
      54
      49
      44
      48
      36
      48
      49
      46
      36
      41
      59
      39
      46
      50
      34
      35
      45
      58
      45
      56
      43
      42
      51
      38
      58
      39
      53
      43
      54
      39
      40
      43
      33
      49
      43
      47
      39
      42
      36
      34
      51
      32
      37
      45
      29
      34
      41
      59
      33
      36
      53
      56
      26
      48
      41
      49
      40
      47
      40
      43
      52
      54
      34
      40
      41
      42
      51
      42
      54
      50
      43
      51
      55
      42
      53
      40
      52
      42
      42
      55
      54
      44
      51
      34
      41
      36
      44
      41
      43
      45
      47
      48
      41
      45
      58
      44
      56
      42
      44
      36
      48
      46
      43
      40
      62
      53
      44
      30
      41
      49
      49
      40
      47
      39
      52
      45
      44
      48
      47
      43
      42
      55
      58
      41
      35
      47
      61
      37
      54
      43
      36
      51
      47
      50
      36
      48
      52
      33
      60
      57
      56
      37
      43
      43
      55
      51
      48
      44
      45
      49
      39
      42
      44
      59
      39
      52
      48
      53
      50
      47
      54
      59
      40
      49
      59
      44
      42
      49
      43
       2
       0
       0
       0
       0
       0
       0
       0
       0
       0
       0
       0
       0
       0
       0
       0
       0
       0
       0
       0
       0
       0
       0
       0
       0
       0
       0
       0
       0
       0
       0
       0
       0
       0
       0
       0
       0
       0
       0
       0
       0
       0
       0
       0
       0
       0
       0
       0
       0
       0
       0
       0
       0
       0
       0
       0
       0
       0
       0
       0
       0
       0
       0
       0
       0
       0
       0
       0
$ROI:
2
95 97
514 605
$PRESETS:
Real Time
200
0
$ENER_FIT:
-289.438599 1.280702
$MCA_CAL:
3
-2.894386E+002 1.280702E+000 0.000000E+000
$SHAPE_CAL:
3
0.000000E+000 0.000000E+000 0.000000E+000
