$SPEC_ID:
MEASURE 271.
$SPEC_REM:
DET# 1
DETDESC# MCB 25
AP# Maestro Version 6.05
$DATE_MEA:
04/09/2003 17:59:48
$MEAS_TIM:
196 200
$DATA:
0 1023
       0
       0
       0
       0
       0
       0
       0
       0
       0
       0
       0
       0
       0
       0
       0
       0
       0
       0
       0
       0
       0
       0
       0
       0
       0
       0
       0
       0
       0
       0
       0
       0
       0
       0
       0
       0
       0
       0
       0
       0
       0
       0
       0
       0
     103
     247
     257
     265
     262
     301
     269
     265
     274
     254
     272
     275
     273
     294
     266
     262
     281
     273
     277
     320
     293
     241
     300
     307
     338
     308
     279
     316
     307
     337
     314
     368
     326
     331
     332
     348
     339
     330
     362
     345
     365
     357
     376
     359
     399
     407
     431
     432
     404
     435
     411
     422
     470
     452
     460
     407
     470
     490
     478
     456
     464
     441
     489
     485
     507
     490
     499
     521
     482
     548
     556
     502
     534
     506
     507
     545
     541
     571
     568
     586
     543
     571
     554
     564
     550
     547
     590
     560
     602
     612
     565
     575
     625
     619
     596
     587
     612
     613
     611
     623
     626
     597
     613
     587
     656
     602
     604
     613
     580
     611
     657
     660
     607
     575
     587
     593
     633
     612
     624
     616
     587
     611
     584
     594
     631
     614
     564
     610
     612
     597
     605
     609
     666
     605
     600
     599
     612
     600
     623
     607
     665
     572
     617
     654
     610
     649
     603
     651
     590
     644
     649
     624
     649
     681
     656
     653
     661
     722
     674
     698
     648
     669
     658
     683
     700
     705
     664
     712
     726
     692
     747
     721
     691
     723
     709
     684
     658
     671
     664
     683
     698
     657
     649
     626
     653
     630
     640
     574
     612
     645
     591
     591
     614
     594
     625
     595
     554
     591
     548
     594
     514
     576
     559
     516
     591
     617
     513
     549
     560
     529
     521
     560
     548
     525
     557
     558
     523
     523
     530
     521
     529
     522
     499
     529
     535
     492
     517
     498
     497
     521
     486
     498
     465
     505
     483
     490
     482
     450
     489
     492
     454
     455
     450
     494
     476
     452
     446
     434
     444
     472
     430
     461
     440
     396
     428
     418
     413
     414
     420
     432
     428
     420
     410
     393
     409
     404
     417
     399
     417
     418
     358
     377
     378
     336
     378
     389
     409
     390
     356
     406
     399
     342
     382
     339
     378
     357
     396
     360
     354
     345
     369
     399
     380
     368
     339
     371
     357
     363
     390
     359
     370
     363
     387
     358
     355
     286
     362
     330
     328
     357
     343
     357
     379
     328
     309
     326
     329
     313
     302
     360
     345
     317
     366
     292
     319
     289
     320
     302
     333
     261
     278
     278
     292
     301
     235
     248
     258
     286
     269
     253
     243
     269
     229
     236
     223
     262
     241
     224
     254
     242
     219
     214
     228
     231
     215
     196
     226
     195
     206
     200
     189
     184
     197
     185
     192
     163
     171
     182
     178
     161
     187
     199
     150
     151
     183
     153
     176
     152
     182
     164
     165
     163
     136
     153
     164
     158
     133
     160
     150
     150
     129
     161
     134
     138
     153
     137
     133
     138
     152
     149
     139
     116
     123
     139
     123
     112
     145
     131
     131
     143
     125
     119
     136
     121
     119
     112
     124
     137
     141
     145
     135
     128
     122
     124
     113
     112
     140
     119
      91
     108
     121
     123
     123
     110
     126
     113
     125
     126
     128
     127
     123
     125
     122
     105
     127
     105
     119
     121
     118
     113
     115
     112
     119
     126
     123
     103
     111
     107
      88
     121
     136
     124
     131
     107
     142
     121
     104
     125
     135
     130
     133
     132
     154
     122
     141
     133
     146
     148
     143
     159
     167
     182
     176
     205
     198
     188
     229
     261
     222
     259
     262
     282
     270
     319
     289
     316
     366
     406
     374
     406
     430
     462
     484
     547
     564
     521
     587
     599
     646
     689
     719
     792
     813
     839
     878
     883
     914
     958
     957
    1062
    1101
    1067
    1131
    1169
    1196
    1202
    1259
    1225
    1288
    1292
    1242
    1364
    1389
    1392
    1331
    1350
    1310
    1388
    1329
    1383
    1264
    1310
    1279
    1228
    1257
    1231
    1180
    1126
    1078
    1090
    1034
    1052
     993
     967
     868
     863
     831
     793
     724
     661
     650
     611
     605
     552
     499
     506
     449
     452
     361
     343
     335
     310
     274
     226
     235
     235
     238
     193
     159
     160
     159
     146
     132
     117
     111
      93
     100
     100
      72
      68
      69
      75
      70
      78
      65
      65
      71
      52
      52
      55
      58
      50
      49
      63
      49
      51
      49
      54
      64
      58
      49
      48
      50
      53
      49
      39
      56
      55
      56
      58
      51
      51
      58
      60
      60
      54
      38
      44
      40
      51
      53
      43
      41
      52
      47
      44
      45
      49
      50
      49
      46
      56
      40
      46
      32
      49
      39
      43
      47
      52
      44
      49
      30
      48
      56
      51
      41
      49
      50
      33
      40
      34
      46
      57
      45
      35
      39
      41
      35
      48
      46
      51
      43
      44
      38
      47
      50
      63
      45
      50
      48
      40
      35
      50
      44
      53
      37
      33
      44
      47
      34
      36
      43
      52
      47
      41
      44
      50
      40
      43
      36
      34
      50
      46
      52
      40
      48
      28
      42
      45
      48
      37
      52
      41
      37
      53
      44
      47
      51
      46
      37
      36
      34
      43
      46
      30
      52
      41
      47
      48
      48
      46
      37
      45
      47
      40
      45
      49
      41
      46
      38
      36
      41
      44
      45
      43
      43
      35
      47
      37
      45
      63
      35
      43
      54
      39
      58
      39
      52
      44
      53
      39
      37
      37
      43
      58
      54
      27
      42
      60
      31
      39
      53
      39
      37
      40
      51
      29
      40
      36
      46
      47
      59
      46
      37
      44
      44
      45
      48
      37
      44
      55
      54
      42
      39
      44
      42
      45
      45
      40
      39
      44
      42
      42
      43
      45
      31
      51
      44
      39
      55
      37
      44
      61
      45
      57
      38
      58
      54
      39
      43
      36
      40
      50
      57
      58
      50
      53
      47
      37
      58
      43
      40
      46
      52
      48
      45
      53
      51
      43
      46
      46
      44
      43
      41
      27
      41
      50
      27
      46
      42
      31
      29
      58
      43
      41
      45
      45
      69
      38
      40
      56
      49
      32
      53
      52
      60
      35
      33
      46
      43
      32
      40
      41
      44
      51
      44
      54
      39
      46
      39
      41
      55
      36
      43
      45
      41
      53
      48
      54
      41
      46
      47
      48
      45
      47
      41
      52
      54
      48
      46
      47
      40
      37
      41
      48
      59
      47
      47
      36
      39
      61
      29
       1
       0
       0
       0
       0
       0
       0
       0
       0
       0
       0
       0
       0
       0
       0
       0
       0
       0
       0
       0
       0
       0
       0
       0
       0
       0
       0
       0
       0
       0
       0
       0
       0
       0
       0
       0
       0
       0
       0
       0
       0
       0
       0
       0
       0
       0
       0
       0
       0
       0
       0
       0
       0
       0
       0
       0
       0
       0
       0
       0
       0
       0
       0
       0
       0
       0
       0
$ROI:
2
95 97
514 605
$PRESETS:
Real Time
200
0
$ENER_FIT:
-289.438599 1.280702
$MCA_CAL:
3
-2.894386E+002 1.280702E+000 0.000000E+000
$SHAPE_CAL:
3
0.000000E+000 0.000000E+000 0.000000E+000
