$SPEC_ID:
MEASURE 441.
$SPEC_REM:
DET# 1
DETDESC# MCB 25
AP# Maestro Version 6.05
$DATE_MEA:
04/06/2003 20:49:48
$MEAS_TIM:
196 200
$DATA:
0 1023
       0
       0
       0
       0
       0
       0
       0
       0
       0
       0
       0
       0
       0
       0
       0
       0
       0
       0
       0
       0
       0
       0
       0
       0
       0
       0
       0
       0
       0
       0
       0
       0
       0
       0
       0
       0
       0
       0
       0
       0
       0
       0
       0
       0
     123
     302
     284
     242
     309
     272
     267
     263
     267
     291
     270
     271
     302
     301
     285
     265
     293
     289
     292
     287
     268
     273
     259
     300
     325
     305
     313
     303
     318
     313
     307
     314
     339
     342
     342
     329
     341
     353
     371
     380
     392
     370
     399
     390
     389
     415
     416
     447
     421
     456
     482
     441
     427
     481
     462
     471
     482
     476
     495
     492
     492
     515
     495
     497
     490
     523
     481
     499
     559
     527
     551
     565
     520
     560
     528
     540
     582
     596
     547
     538
     562
     586
     562
     602
     566
     583
     576
     581
     554
     645
     579
     594
     591
     640
     605
     606
     620
     635
     610
     660
     567
     643
     596
     622
     616
     637
     615
     629
     620
     613
     653
     651
     607
     570
     603
     610
     621
     647
     605
     597
     616
     669
     613
     619
     588
     600
     688
     639
     638
     593
     614
     600
     595
     626
     659
     639
     628
     638
     617
     587
     608
     598
     602
     635
     614
     614
     615
     690
     664
     659
     674
     676
     703
     712
     668
     715
     695
     714
     701
     724
     706
     704
     737
     740
     701
     680
     720
     737
     662
     759
     692
     702
     691
     714
     681
     708
     664
     713
     700
     691
     665
     691
     707
     663
     712
     641
     622
     614
     609
     646
     602
     657
     585
     593
     624
     619
     596
     550
     621
     568
     563
     578
     548
     565
     527
     556
     560
     553
     554
     554
     610
     530
     577
     546
     552
     524
     523
     528
     511
     555
     549
     489
     517
     479
     506
     545
     519
     496
     504
     495
     494
     512
     490
     512
     475
     487
     471
     476
     434
     482
     436
     441
     445
     454
     447
     457
     429
     422
     427
     446
     449
     390
     425
     454
     377
     407
     441
     473
     419
     399
     447
     402
     402
     423
     441
     401
     370
     412
     391
     342
     410
     374
     408
     376
     416
     380
     370
     343
     358
     418
     379
     368
     398
     369
     398
     387
     362
     374
     405
     399
     408
     359
     366
     346
     391
     372
     328
     395
     392
     373
     377
     374
     330
     364
     374
     358
     323
     371
     355
     322
     356
     365
     338
     326
     347
     367
     350
     319
     313
     307
     288
     342
     303
     293
     280
     291
     298
     269
     276
     288
     297
     275
     256
     285
     286
     260
     241
     259
     250
     224
     242
     249
     219
     238
     239
     244
     216
     222
     212
     217
     235
     207
     181
     195
     201
     211
     195
     188
     191
     153
     196
     174
     160
     196
     179
     169
     190
     159
     152
     169
     173
     157
     159
     177
     166
     165
     155
     162
     147
     159
     155
     176
     174
     154
     150
     157
     180
     162
     124
     140
     138
     146
     138
     138
     121
     136
     137
     143
     134
     143
     144
     129
     119
     129
     128
     104
     135
     127
     127
     131
     156
     121
     134
     122
     117
     136
     127
     132
     131
     104
     110
     113
     122
     123
     141
     126
     125
     114
     106
     112
     126
     125
     123
     120
      97
     115
     119
     119
     125
     108
     126
     135
      97
     107
     120
     121
     119
     119
     108
     127
     116
     108
     113
     116
     117
     117
     120
     107
     111
     129
     138
     115
     136
     133
     140
     115
     121
     125
     161
     142
     152
     143
     166
     151
     161
     176
     177
     184
     195
     201
     208
     210
     238
     229
     258
     235
     277
     286
     309
     345
     356
     355
     400
     407
     444
     447
     454
     505
     518
     516
     583
     613
     622
     631
     674
     713
     790
     830
     849
     876
     876
     936
     987
     996
    1047
    1119
    1086
    1143
    1201
    1216
    1262
    1260
    1275
    1273
    1307
    1352
    1380
    1349
    1456
    1369
    1319
    1362
    1357
    1301
    1299
    1387
    1276
    1257
    1188
    1180
    1221
    1093
    1130
    1058
    1012
    1060
     900
     934
     898
     909
     858
     733
     759
     674
     667
     647
     595
     564
     527
     514
     463
     430
     409
     385
     317
     315
     335
     268
     235
     237
     229
     205
     182
     144
     157
     130
     142
     110
      98
      98
     115
      84
      91
      76
      76
      85
      74
      54
      62
      67
      64
      53
      60
      58
      62
      50
      53
      56
      63
      54
      50
      51
      43
      57
      65
      50
      47
      41
      51
      51
      40
      44
      42
      51
      48
      41
      58
      54
      38
      50
      55
      60
      47
      48
      53
      48
      66
      52
      52
      51
      48
      48
      43
      53
      40
      47
      50
      52
      39
      45
      49
      52
      53
      53
      40
      43
      44
      30
      46
      35
      49
      40
      41
      53
      46
      43
      46
      40
      46
      55
      45
      54
      36
      45
      49
      46
      37
      56
      60
      43
      45
      57
      50
      44
      44
      58
      51
      54
      47
      50
      40
      39
      46
      38
      45
      55
      53
      48
      48
      42
      45
      62
      37
      48
      47
      50
      55
      51
      45
      50
      42
      52
      43
      40
      40
      43
      50
      47
      38
      56
      41
      42
      49
      39
      52
      46
      51
      33
      50
      37
      32
      44
      48
      42
      48
      40
      38
      42
      42
      35
      49
      40
      38
      58
      31
      52
      41
      44
      39
      52
      51
      61
      44
      48
      48
      38
      45
      39
      41
      42
      52
      43
      48
      45
      31
      46
      39
      45
      42
      32
      48
      33
      46
      40
      40
      44
      44
      33
      39
      44
      38
      42
      48
      41
      43
      63
      46
      38
      49
      58
      49
      43
      36
      46
      41
      50
      41
      60
      37
      50
      44
      37
      44
      37
      45
      38
      51
      45
      35
      43
      42
      39
      37
      52
      49
      33
      33
      44
      35
      45
      42
      51
      54
      49
      43
      50
      52
      50
      36
      39
      39
      49
      36
      50
      48
      55
      36
      41
      39
      45
      57
      38
      46
      37
      43
      45
      34
      36
      49
      45
      35
      58
      44
      39
      40
      28
      61
      46
      45
      40
      47
      49
      47
      52
      37
      51
      43
      41
      26
      47
      50
      29
      49
      48
      43
      43
      48
      41
      45
      44
      48
      44
      50
      42
      56
      47
      51
      49
      44
      52
      49
      51
      44
      39
      50
      48
      36
      39
      50
      49
      57
      53
      46
      46
      31
      49
      43
      49
      48
      50
      56
      38
      44
      39
      47
      57
      46
      48
      49
      48
      39
      49
       5
       0
       0
       0
       0
       0
       0
       0
       0
       0
       0
       0
       0
       0
       0
       0
       0
       0
       0
       0
       0
       0
       0
       0
       0
       0
       0
       0
       0
       0
       0
       0
       0
       0
       0
       0
       0
       0
       0
       0
       0
       0
       0
       0
       0
       0
       0
       0
       0
       0
       0
       0
       0
       0
       0
       0
       0
       0
       0
       0
       0
       0
       0
       0
       0
       0
       0
       0
$ROI:
2
95 97
514 605
$PRESETS:
Real Time
200
0
$ENER_FIT:
-289.438599 1.280702
$MCA_CAL:
3
-2.894386E+002 1.280702E+000 0.000000E+000
$SHAPE_CAL:
3
0.000000E+000 0.000000E+000 0.000000E+000
