$SPEC_ID:
MEASURE 138.
$SPEC_REM:
DET# 1
DETDESC# MCB 25
AP# Maestro Version 6.05
$DATE_MEA:
04/09/2003 06:54:48
$MEAS_TIM:
196 200
$DATA:
0 1023
       0
       0
       0
       0
       0
       0
       0
       0
       0
       0
       0
       0
       0
       0
       0
       0
       0
       0
       0
       0
       0
       0
       0
       0
       0
       0
       0
       0
       0
       0
       0
       0
       0
       0
       0
       0
       0
       0
       0
       0
       0
       0
       0
       0
     106
     250
     288
     290
     257
     294
     259
     254
     285
     275
     271
     287
     287
     271
     316
     298
     277
     254
     288
     278
     254
     276
     309
     323
     322
     329
     285
     334
     311
     328
     319
     319
     346
     342
     318
     380
     339
     317
     321
     348
     359
     382
     387
     365
     381
     430
     420
     401
     384
     427
     414
     424
     427
     418
     434
     438
     444
     429
     507
     502
     477
     461
     481
     510
     500
     476
     534
     525
     514
     545
     515
     551
     504
     508
     533
     545
     527
     549
     517
     545
     621
     508
     559
     538
     547
     585
     544
     581
     609
     578
     594
     580
     608
     601
     626
     594
     607
     614
     630
     662
     655
     560
     630
     608
     624
     637
     640
     637
     599
     628
     622
     608
     628
     614
     610
     616
     570
     629
     635
     665
     644
     671
     592
     626
     636
     634
     644
     637
     587
     614
     614
     629
     630
     640
     582
     599
     646
     627
     614
     647
     638
     616
     639
     614
     654
     645
     689
     639
     680
     634
     666
     656
     641
     682
     654
     701
     640
     697
     688
     669
     668
     701
     694
     742
     721
     712
     706
     700
     675
     752
     751
     694
     744
     706
     683
     618
     661
     709
     652
     666
     639
     648
     657
     656
     612
     620
     612
     644
     564
     647
     633
     602
     617
     594
     588
     615
     555
     569
     599
     580
     556
     529
     591
     541
     556
     501
     535
     559
     525
     581
     563
     570
     568
     509
     535
     568
     539
     563
     494
     510
     534
     543
     491
     537
     521
     498
     479
     492
     460
     489
     514
     483
     463
     493
     454
     467
     482
     479
     441
     509
     481
     449
     488
     427
     450
     475
     453
     449
     436
     407
     427
     437
     427
     377
     495
     436
     406
     397
     404
     406
     367
     407
     432
     396
     411
     394
     389
     379
     389
     414
     373
     388
     404
     428
     402
     364
     427
     374
     407
     400
     333
     383
     332
     394
     378
     376
     369
     346
     354
     361
     363
     404
     412
     357
     346
     334
     353
     355
     330
     370
     361
     363
     311
     339
     339
     356
     352
     383
     344
     368
     329
     325
     314
     365
     331
     332
     326
     332
     327
     322
     306
     314
     314
     303
     265
     287
     308
     275
     276
     322
     288
     289
     273
     268
     255
     245
     273
     264
     259
     278
     251
     236
     239
     239
     234
     245
     211
     226
     219
     234
     204
     203
     204
     222
     216
     200
     191
     192
     208
     187
     174
     190
     178
     179
     193
     180
     142
     182
     197
     162
     157
     181
     163
     179
     160
     160
     141
     147
     163
     152
     139
     161
     164
     144
     146
     158
     144
     157
     161
     156
     165
     140
     138
     140
     134
     162
     140
     139
     137
     157
     132
     125
     116
     142
     130
     135
     140
     144
     113
     113
     135
     135
     117
     106
     135
     115
     129
     121
     119
     102
     123
     121
     115
     136
     108
     120
     129
     124
     117
     128
     111
     131
     142
     131
      97
     113
     119
     107
     119
     122
     125
     132
     104
     123
     111
     127
     113
     101
     117
     116
     117
     129
     111
     145
     116
     101
     118
     114
     106
     118
     120
     120
     128
     148
     120
     126
     136
     146
     135
     127
     139
     139
     176
     155
     172
     172
     164
     143
     176
     185
     178
     199
     217
     202
     211
     231
     245
     234
     256
     310
     294
     302
     320
     396
     407
     427
     419
     460
     470
     535
     536
     529
     587
     630
     615
     701
     657
     772
     773
     795
     815
     840
     942
     950
     946
    1044
    1041
    1065
    1059
    1113
    1196
    1227
    1225
    1184
    1284
    1287
    1320
    1330
    1342
    1273
    1336
    1341
    1340
    1330
    1279
    1318
    1307
    1282
    1263
    1291
    1209
    1244
    1141
    1110
    1154
    1059
    1043
    1008
     982
     926
     885
     930
     826
     807
     781
     701
     656
     667
     590
     562
     541
     475
     458
     428
     412
     421
     316
     341
     266
     248
     268
     237
     205
     193
     190
     162
     157
     137
     123
     114
     118
     107
     110
     100
      88
      95
      82
      72
      80
      67
      58
      56
      64
      55
      57
      49
      41
      43
      49
      45
      42
      52
      78
      41
      47
      56
      49
      47
      56
      45
      45
      48
      39
      50
      51
      53
      43
      55
      54
      49
      49
      49
      45
      54
      55
      46
      44
      41
      57
      47
      44
      42
      50
      46
      47
      51
      40
      56
      41
      44
      48
      56
      43
      54
      50
      73
      45
      52
      37
      42
      41
      49
      40
      50
      62
      33
      54
      55
      41
      49
      51
      36
      52
      43
      38
      49
      39
      44
      44
      46
      32
      40
      47
      51
      44
      40
      44
      46
      42
      57
      39
      47
      53
      36
      42
      45
      32
      49
      42
      40
      35
      46
      40
      40
      41
      46
      55
      54
      49
      54
      47
      39
      50
      36
      37
      51
      39
      61
      39
      55
      51
      37
      47
      45
      49
      32
      36
      47
      32
      52
      45
      45
      34
      45
      49
      41
      48
      38
      59
      48
      38
      36
      41
      41
      46
      56
      46
      35
      43
      56
      49
      36
      56
      31
      54
      40
      42
      47
      47
      44
      45
      62
      45
      35
      32
      40
      61
      47
      47
      38
      42
      30
      31
      47
      47
      38
      39
      39
      37
      54
      41
      46
      33
      50
      41
      58
      41
      44
      52
      48
      38
      38
      45
      51
      37
      46
      54
      46
      48
      41
      51
      37
      45
      46
      37
      50
      48
      51
      51
      53
      54
      52
      44
      45
      54
      40
      37
      56
      47
      49
      37
      46
      52
      40
      30
      53
      36
      44
      50
      43
      43
      46
      58
      44
      54
      34
      42
      38
      42
      47
      56
      40
      61
      38
      44
      29
      44
      46
      46
      47
      51
      41
      40
      44
      41
      54
      40
      47
      37
      50
      45
      56
      47
      35
      51
      57
      39
      44
      44
      48
      48
      46
      50
      37
      44
      52
      49
      41
      43
      48
      38
      40
      43
      50
      40
      51
      44
      44
      43
      44
      38
      37
      36
      35
      44
      52
      52
      43
      41
      43
      55
      44
      48
      64
      50
      39
      40
      54
      44
      40
      50
      57
      47
      54
      36
      44
      53
      46
      62
      46
      42
      42
      14
       0
       0
       0
       0
       0
       0
       0
       0
       0
       0
       0
       0
       0
       0
       0
       0
       0
       0
       0
       0
       0
       0
       0
       0
       0
       0
       0
       0
       0
       0
       0
       0
       0
       0
       0
       0
       0
       0
       0
       0
       0
       0
       0
       0
       0
       0
       0
       0
       0
       0
       0
       0
       0
       0
       0
       0
       0
       0
       0
       0
       0
       0
       0
       0
       0
       0
       0
$ROI:
2
95 97
514 605
$PRESETS:
Real Time
200
0
$ENER_FIT:
-289.438599 1.280702
$MCA_CAL:
3
-2.894386E+002 1.280702E+000 0.000000E+000
$SHAPE_CAL:
3
0.000000E+000 0.000000E+000 0.000000E+000
