$SPEC_ID:
MEASURE 313.
$SPEC_REM:
DET# 1
DETDESC# MCB 25
AP# Maestro Version 6.05
$DATE_MEA:
04/09/2003 21:29:48
$MEAS_TIM:
196 200
$DATA:
0 1023
       0
       0
       0
       0
       0
       0
       0
       0
       0
       0
       0
       0
       0
       0
       0
       0
       0
       0
       0
       0
       0
       0
       0
       0
       0
       0
       0
       0
       0
       0
       0
       0
       0
       0
       0
       0
       0
       0
       0
       0
       0
       0
       0
       0
     112
     264
     261
     283
     262
     256
     249
     262
     268
     264
     264
     284
     267
     244
     270
     265
     314
     278
     283
     272
     271
     294
     254
     313
     293
     285
     288
     304
     317
     332
     266
     324
     326
     352
     353
     335
     323
     356
     360
     371
     360
     392
     357
     409
     404
     408
     418
     429
     414
     418
     398
     432
     425
     428
     437
     462
     438
     475
     426
     478
     470
     461
     476
     479
     475
     539
     534
     482
     521
     491
     544
     521
     542
     535
     501
     474
     533
     559
     575
     550
     581
     571
     555
     618
     584
     567
     566
     552
     606
     546
     570
     570
     638
     591
     614
     575
     594
     615
     642
     631
     614
     603
     644
     569
     605
     616
     661
     575
     637
     634
     569
     590
     596
     564
     596
     604
     591
     635
     586
     621
     653
     659
     616
     597
     583
     656
     629
     586
     647
     628
     612
     633
     639
     622
     623
     632
     572
     602
     604
     617
     599
     650
     630
     592
     650
     616
     624
     668
     635
     638
     643
     652
     684
     675
     659
     688
     659
     649
     635
     729
     703
     736
     715
     712
     692
     710
     663
     675
     686
     706
     710
     687
     722
     716
     729
     634
     659
     635
     710
     636
     723
     667
     673
     672
     686
     635
     648
     642
     604
     618
     602
     627
     583
     583
     628
     599
     586
     559
     548
     581
     599
     513
     583
     614
     538
     564
     511
     571
     561
     555
     572
     567
     550
     522
     556
     497
     587
     563
     548
     540
     511
     530
     501
     519
     503
     478
     536
     478
     512
     484
     520
     481
     454
     487
     470
     472
     467
     488
     465
     466
     472
     466
     436
     454
     482
     454
     468
     435
     452
     399
     425
     452
     421
     421
     461
     471
     428
     406
     408
     425
     450
     435
     440
     403
     405
     415
     400
     421
     423
     393
     412
     391
     383
     410
     372
     380
     375
     363
     380
     386
     364
     353
     391
     410
     362
     380
     375
     352
     344
     366
     370
     355
     363
     354
     367
     369
     357
     378
     415
     352
     376
     343
     385
     319
     372
     354
     350
     339
     353
     343
     348
     341
     327
     347
     312
     340
     348
     322
     354
     329
     303
     323
     306
     326
     294
     345
     314
     314
     327
     301
     288
     310
     280
     275
     295
     277
     315
     287
     257
     279
     256
     230
     239
     225
     231
     240
     213
     245
     245
     229
     209
     226
     231
     205
     215
     216
     209
     211
     209
     189
     217
     176
     194
     185
     189
     160
     180
     200
     174
     168
     184
     165
     184
     168
     163
     176
     177
     160
     170
     147
     130
     158
     165
     155
     155
     139
     151
     166
     141
     166
     163
     136
     124
     139
     137
     135
     136
     141
     160
     135
     139
     140
     128
     130
     147
     119
     129
     142
     128
     131
     135
     134
     129
     133
     132
     111
     156
     147
     124
     110
     130
     125
     128
     116
     138
     119
     142
     100
     122
     116
     124
     117
     132
     105
     110
     122
     128
     114
     107
     118
     112
     127
      94
     118
     103
     124
     130
     123
     123
     110
     134
     116
     110
     112
     124
     117
     121
     109
     112
     115
     128
     141
     102
     121
     140
     129
     109
     117
     118
     127
     130
     131
     140
     155
     143
     142
     158
     135
     162
     155
     164
     159
     186
     174
     182
     187
     204
     230
     220
     245
     229
     247
     269
     313
     316
     348
     353
     362
     383
     442
     385
     420
     446
     499
     506
     519
     612
     597
     649
     654
     730
     740
     756
     815
     896
     911
     885
     931
     992
    1060
    1060
    1124
    1057
    1194
    1145
    1207
    1205
    1250
    1261
    1304
    1298
    1281
    1353
    1316
    1310
    1332
    1329
    1320
    1347
    1319
    1260
    1343
    1255
    1254
    1279
    1213
    1205
    1144
    1103
    1148
     990
     998
     998
     907
     901
     862
     848
     799
     743
     722
     687
     634
     592
     564
     536
     526
     495
     453
     420
     350
     332
     352
     290
     268
     237
     254
     216
     202
     180
     149
     157
     172
     139
     135
     101
      88
     124
     109
      96
      95
      60
      71
      74
      78
      60
      52
      53
      62
      58
      57
      53
      49
      49
      65
      39
      51
      54
      53
      44
      61
      39
      45
      58
      50
      53
      56
      48
      52
      48
      41
      45
      40
      48
      49
      43
      51
      47
      42
      55
      44
      65
      45
      64
      52
      39
      51
      52
      38
      48
      43
      69
      52
      48
      40
      55
      51
      45
      61
      40
      54
      59
      48
      48
      51
      42
      48
      48
      53
      37
      47
      48
      47
      40
      57
      52
      42
      43
      36
      48
      42
      33
      44
      59
      49
      35
      37
      38
      51
      46
      40
      47
      44
      40
      55
      64
      51
      45
      30
      53
      37
      26
      41
      30
      48
      38
      37
      49
      51
      30
      43
      48
      43
      59
      39
      41
      29
      42
      51
      51
      41
      50
      38
      67
      31
      49
      44
      48
      59
      41
      54
      45
      47
      46
      45
      44
      60
      36
      43
      40
      40
      45
      45
      37
      56
      44
      37
      33
      38
      43
      55
      38
      43
      38
      47
      39
      37
      47
      44
      38
      41
      41
      42
      46
      35
      31
      40
      42
      56
      46
      47
      34
      41
      38
      46
      47
      49
      50
      54
      46
      41
      40
      36
      51
      37
      37
      38
      38
      44
      39
      37
      52
      34
      48
      43
      45
      46
      50
      49
      46
      36
      49
      38
      42
      33
      39
      43
      48
      55
      53
      41
      32
      42
      53
      45
      53
      46
      35
      45
      52
      48
      51
      42
      48
      50
      48
      38
      41
      39
      42
      52
      49
      49
      48
      63
      55
      47
      36
      45
      40
      46
      51
      44
      47
      58
      38
      50
      57
      48
      54
      38
      38
      54
      43
      40
      35
      46
      39
      44
      32
      57
      36
      36
      52
      47
      32
      41
      30
      56
      42
      48
      37
      45
      42
      58
      33
      49
      47
      38
      36
      42
      36
      31
      54
      43
      32
      37
      30
      61
      50
      48
      44
      31
      47
      54
      49
      32
      51
      59
      34
      47
      55
      48
      46
      42
      43
      37
      50
      50
      39
      40
      36
      49
      45
      41
      48
      49
      42
      42
      50
      51
      44
      39
      33
       1
       0
       0
       0
       0
       0
       0
       0
       0
       0
       0
       0
       0
       0
       0
       0
       0
       0
       0
       0
       0
       0
       0
       0
       0
       0
       0
       0
       0
       0
       0
       0
       0
       0
       0
       0
       0
       0
       0
       0
       0
       0
       0
       0
       0
       0
       0
       0
       0
       0
       0
       0
       0
       0
       0
       0
       0
       0
       0
       0
       0
       0
       0
       0
       0
       0
       0
$ROI:
2
95 97
514 605
$PRESETS:
Real Time
200
0
$ENER_FIT:
-289.438599 1.280702
$MCA_CAL:
3
-2.894386E+002 1.280702E+000 0.000000E+000
$SHAPE_CAL:
3
0.000000E+000 0.000000E+000 0.000000E+000
