$SPEC_ID:
MEASURE 002.
$SPEC_REM:
DET# 1
DETDESC# MCB 25
AP# Maestro Version 6.05
$DATE_MEA:
04/08/2003 19:34:48
$MEAS_TIM:
196 200
$DATA:
0 1023
       0
       0
       0
       0
       0
       0
       0
       0
       0
       0
       0
       0
       0
       0
       0
       0
       0
       0
       0
       0
       0
       0
       0
       0
       0
       0
       0
       0
       0
       0
       0
       0
       0
       0
       0
       0
       0
       0
       0
       0
       0
       0
       0
       0
     138
     251
     239
     299
     262
     259
     306
     271
     283
     268
     283
     266
     270
     282
     295
     290
     268
     285
     284
     293
     250
     295
     335
     278
     280
     291
     300
     298
     311
     318
     343
     304
     360
     293
     322
     332
     361
     351
     352
     371
     365
     380
     399
     421
     375
     367
     461
     414
     386
     432
     429
     414
     455
     477
     455
     468
     479
     451
     510
     472
     508
     524
     488
     527
     490
     501
     506
     535
     512
     492
     550
     552
     551
     520
     538
     547
     525
     524
     602
     597
     579
     602
     542
     586
     549
     568
     557
     587
     546
     555
     558
     607
     655
     620
     632
     595
     602
     622
     580
     603
     614
     593
     607
     634
     592
     614
     660
     621
     595
     610
     604
     617
     597
     681
     598
     662
     632
     616
     598
     650
     600
     606
     646
     597
     606
     602
     628
     651
     632
     631
     621
     639
     605
     565
     589
     632
     662
     650
     617
     613
     616
     678
     622
     643
     614
     613
     710
     589
     644
     616
     656
     641
     649
     669
     711
     702
     707
     702
     697
     723
     731
     697
     736
     710
     690
     712
     735
     675
     700
     750
     702
     717
     669
     708
     664
     702
     713
     653
     662
     709
     649
     662
     630
     657
     630
     609
     627
     620
     633
     641
     598
     636
     571
     614
     600
     577
     577
     553
     575
     596
     606
     608
     535
     592
     573
     537
     559
     584
     569
     563
     560
     535
     557
     543
     536
     540
     497
     550
     538
     501
     541
     513
     511
     498
     501
     545
     470
     491
     508
     470
     508
     474
     503
     511
     464
     494
     482
     445
     457
     460
     457
     468
     450
     506
     428
     449
     457
     451
     375
     434
     456
     411
     414
     409
     420
     414
     418
     431
     393
     439
     430
     444
     417
     421
     422
     422
     380
     403
     393
     389
     404
     433
     391
     415
     386
     387
     395
     368
     331
     363
     381
     355
     373
     387
     346
     379
     328
     365
     373
     370
     362
     374
     352
     372
     359
     348
     349
     382
     360
     352
     331
     331
     356
     383
     388
     326
     332
     334
     382
     348
     352
     344
     342
     318
     315
     338
     317
     327
     329
     307
     321
     328
     311
     290
     293
     297
     316
     279
     274
     264
     245
     286
     284
     274
     257
     270
     276
     226
     247
     239
     261
     233
     231
     189
     218
     224
     195
     229
     254
     236
     206
     221
     204
     207
     200
     188
     202
     164
     203
     216
     210
     178
     174
     162
     175
     160
     158
     169
     180
     170
     153
     169
     168
     187
     165
     148
     149
     145
     158
     160
     175
     169
     155
     165
     155
     146
     122
     141
     134
     146
     150
     143
     147
     126
     118
     147
     135
     132
     125
     133
     142
     128
     110
     128
     133
     117
     148
     142
     127
     121
     133
     122
     129
     117
     137
     121
     119
     137
     116
     148
     122
     108
     142
     118
     107
     132
     124
     130
     119
     105
     102
     127
     104
     134
     105
     106
     130
     127
     123
     102
     106
     112
     125
     113
     133
     113
     120
     114
     127
     111
     105
     118
     113
     107
     105
     134
     126
     119
     117
     115
     124
     137
     117
     130
     150
     134
     143
     153
     148
     127
     149
     143
     156
     178
     138
     173
     173
     185
     205
     217
     215
     220
     224
     221
     205
     251
     276
     262
     294
     299
     332
     311
     378
     393
     420
     408
     421
     467
     483
     531
     555
     579
     651
     640
     694
     722
     731
     782
     799
     806
     914
     928
     968
    1020
    1017
    1054
    1064
    1049
    1158
    1154
    1189
    1168
    1245
    1312
    1315
    1296
    1299
    1329
    1335
    1346
    1380
    1397
    1287
    1278
    1356
    1297
    1266
    1368
    1243
    1301
    1312
    1185
    1170
    1129
    1096
    1009
    1068
    1035
     950
     895
     831
     848
     811
     693
     748
     674
     641
     609
     570
     517
     485
     468
     437
     358
     333
     331
     330
     308
     282
     227
     237
     192
     182
     192
     156
     160
     131
     123
     123
     112
     106
     111
      81
      82
      84
      83
      79
      56
      71
      65
      64
      69
      57
      51
      54
      55
      52
      45
      64
      58
      47
      33
      51
      44
      63
      32
      47
      38
      60
      57
      48
      46
      37
      55
      40
      58
      47
      52
      44
      50
      54
      53
      48
      48
      60
      51
      38
      50
      57
      45
      45
      50
      44
      51
      49
      57
      52
      49
      50
      46
      39
      53
      60
      51
      39
      49
      42
      47
      43
      45
      44
      46
      50
      52
      46
      49
      40
      64
      52
      66
      55
      46
      39
      35
      40
      44
      43
      38
      43
      28
      52
      49
      50
      42
      50
      43
      59
      40
      51
      44
      45
      41
      45
      38
      51
      41
      50
      42
      42
      45
      43
      41
      32
      41
      36
      43
      60
      45
      40
      58
      47
      49
      52
      42
      50
      48
      49
      36
      57
      46
      30
      51
      50
      46
      62
      44
      46
      38
      36
      37
      49
      42
      36
      51
      40
      45
      37
      44
      55
      55
      29
      52
      56
      41
      49
      29
      44
      41
      52
      50
      34
      50
      34
      52
      52
      38
      57
      29
      33
      42
      44
      45
      38
      39
      40
      43
      45
      56
      54
      44
      49
      47
      40
      44
      40
      52
      52
      46
      40
      43
      49
      41
      47
      37
      35
      43
      43
      43
      46
      49
      39
      49
      44
      47
      46
      42
      42
      43
      44
      46
      53
      43
      33
      32
      45
      52
      35
      37
      41
      47
      46
      49
      37
      50
      47
      45
      54
      38
      51
      40
      57
      41
      53
      56
      46
      51
      56
      40
      57
      48
      56
      55
      41
      31
      40
      52
      46
      46
      44
      50
      50
      32
      45
      41
      45
      53
      36
      48
      34
      51
      46
      57
      40
      49
      57
      43
      40
      42
      54
      46
      42
      41
      44
      49
      41
      29
      44
      53
      41
      49
      41
      50
      41
      47
      42
      56
      48
      56
      56
      46
      49
      38
      42
      31
      52
      48
      48
      51
      54
      41
      34
      51
      41
      60
      35
      51
      47
      50
      41
      45
      42
      56
      42
      46
      41
      44
      50
      63
      56
      52
      49
      47
      30
      46
      51
      39
      46
      42
      57
      36
      41
      53
       7
       0
       0
       0
       0
       0
       0
       0
       0
       0
       0
       0
       0
       0
       0
       0
       0
       0
       0
       0
       0
       0
       0
       0
       0
       0
       0
       0
       0
       0
       0
       0
       0
       0
       0
       0
       0
       0
       0
       0
       0
       0
       0
       0
       0
       0
       0
       0
       0
       0
       0
       0
       0
       0
       0
       0
       0
       0
       0
       0
       0
       0
       0
       0
       0
       0
       0
       0
$ROI:
2
95 97
514 605
$PRESETS:
Real Time
200
0
$ENER_FIT:
-289.438599 1.280702
$MCA_CAL:
3
-2.894386E+002 1.280702E+000 0.000000E+000
$SHAPE_CAL:
3
0.000000E+000 0.000000E+000 0.000000E+000
