$SPEC_ID:
MEASURE 416.
$SPEC_REM:
DET# 1
DETDESC# MCB 25
AP# Maestro Version 6.05
$DATE_MEA:
04/06/2003 18:44:48
$MEAS_TIM:
196 200
$DATA:
0 1023
       0
       0
       0
       0
       0
       0
       0
       0
       0
       0
       0
       0
       0
       0
       0
       0
       0
       0
       0
       0
       0
       0
       0
       0
       0
       0
       0
       0
       0
       0
       0
       0
       0
       0
       0
       0
       0
       0
       0
       0
       0
       0
       0
       0
     106
     258
     283
     309
     286
     279
     269
     296
     272
     290
     242
     296
     256
     270
     283
     264
     293
     268
     322
     255
     277
     276
     285
     299
     337
     328
     305
     309
     287
     308
     319
     341
     329
     318
     376
     358
     393
     339
     361
     348
     403
     385
     388
     406
     364
     407
     405
     406
     437
     446
     386
     448
     467
     442
     447
     449
     485
     434
     472
     479
     483
     452
     523
     504
     526
     521
     555
     525
     537
     512
     537
     523
     519
     554
     548
     543
     535
     582
     554
     586
     557
     580
     572
     577
     594
     588
     581
     611
     607
     569
     590
     630
     594
     591
     575
     587
     607
     587
     606
     620
     618
     610
     666
     636
     596
     639
     644
     658
     664
     641
     634
     614
     632
     586
     559
     611
     616
     643
     618
     618
     624
     642
     654
     623
     632
     638
     596
     651
     652
     609
     619
     592
     605
     617
     651
     635
     609
     630
     632
     592
     635
     637
     645
     663
     645
     652
     608
     603
     639
     649
     657
     630
     693
     748
     681
     635
     706
     716
     733
     689
     683
     717
     686
     679
     743
     718
     716
     754
     752
     692
     727
     710
     682
     711
     696
     678
     656
     713
     705
     681
     653
     635
     633
     643
     647
     649
     601
     609
     587
     626
     591
     647
     565
     630
     630
     566
     565
     603
     611
     554
     568
     553
     575
     561
     570
     514
     572
     539
     585
     550
     527
     561
     562
     533
     572
     586
     542
     558
     555
     510
     535
     525
     515
     516
     513
     481
     481
     474
     481
     480
     495
     441
     438
     491
     475
     471
     473
     471
     449
     457
     410
     475
     464
     444
     450
     446
     451
     456
     429
     414
     437
     425
     423
     462
     434
     430
     424
     382
     459
     411
     437
     383
     386
     407
     376
     378
     383
     386
     400
     408
     430
     394
     374
     401
     383
     431
     418
     380
     372
     366
     364
     373
     387
     375
     379
     370
     379
     378
     370
     410
     354
     386
     386
     336
     381
     384
     376
     366
     347
     349
     373
     348
     350
     360
     355
     347
     353
     330
     366
     331
     341
     339
     341
     312
     320
     354
     331
     315
     335
     315
     277
     314
     314
     290
     318
     300
     312
     272
     289
     275
     289
     317
     264
     258
     238
     250
     254
     286
     256
     257
     206
     222
     246
     236
     230
     211
     244
     213
     227
     211
     213
     210
     204
     230
     200
     207
     179
     189
     170
     174
     180
     185
     196
     201
     164
     174
     163
     177
     168
     173
     164
     181
     188
     158
     158
     176
     136
     159
     155
     128
     153
     155
     164
     149
     152
     140
     168
     158
     143
     145
     154
     129
     139
     118
     134
     153
     141
     136
     136
     149
     125
     124
     133
     135
     148
     144
     113
     150
     126
     125
     121
     119
     137
     120
     136
     124
     161
     123
     126
     131
     118
     115
     134
     116
     120
     124
     102
     129
     139
     120
     100
     122
     112
     102
     117
     124
     117
     127
     117
     112
     144
     114
     131
     115
     117
     135
     106
     117
     121
     130
     101
      92
     125
     114
     121
     111
     110
     114
     129
     117
     114
     113
     120
     136
     133
     143
     148
     139
     161
     138
     148
     153
     149
     170
     172
     178
     172
     186
     183
     214
     198
     213
     236
     244
     272
     268
     302
     315
     327
     311
     347
     312
     370
     407
     448
     454
     495
     517
     560
     567
     603
     644
     696
     674
     676
     786
     779
     795
     871
     887
     906
     918
     985
    1084
    1065
    1086
    1124
    1143
    1176
    1267
    1190
    1287
    1276
    1304
    1337
    1344
    1294
    1339
    1345
    1353
    1310
    1347
    1362
    1338
    1333
    1360
    1261
    1289
    1262
    1248
    1188
    1206
    1154
    1176
    1067
     981
    1009
     957
     878
     847
     861
     774
     754
     689
     670
     623
     585
     529
     510
     494
     452
     390
     408
     356
     344
     325
     287
     266
     235
     235
     215
     225
     175
     164
     144
     137
     129
     126
     100
     103
      97
      69
      76
      87
      85
      69
      56
      77
      55
      67
      69
      53
      45
      44
      51
      59
      53
      46
      49
      48
      45
      55
      55
      49
      48
      61
      45
      56
      48
      46
      54
      58
      50
      43
      40
      53
      57
      50
      51
      40
      41
      44
      57
      49
      48
      49
      49
      32
      52
      55
      47
      55
      55
      55
      48
      29
      45
      46
      39
      42
      57
      39
      44
      37
      40
      47
      54
      56
      61
      61
      42
      46
      54
      39
      46
      48
      35
      35
      50
      57
      37
      38
      43
      45
      43
      43
      49
      46
      39
      45
      42
      41
      50
      48
      39
      48
      47
      47
      40
      37
      41
      37
      45
      41
      52
      42
      51
      52
      27
      36
      38
      42
      48
      47
      39
      35
      56
      43
      40
      30
      37
      47
      49
      38
      38
      42
      47
      47
      47
      46
      57
      34
      28
      44
      34
      45
      36
      48
      44
      43
      43
      39
      34
      34
      32
      53
      47
      44
      35
      53
      47
      43
      50
      30
      39
      48
      39
      35
      40
      42
      40
      49
      38
      46
      35
      40
      43
      42
      53
      50
      46
      33
      41
      40
      34
      42
      37
      60
      38
      37
      26
      40
      51
      40
      45
      44
      48
      37
      39
      42
      43
      50
      50
      45
      44
      38
      31
      44
      39
      51
      36
      43
      38
      42
      43
      40
      31
      35
      41
      47
      42
      45
      52
      64
      38
      45
      35
      45
      51
      41
      34
      37
      47
      37
      39
      46
      50
      44
      54
      56
      40
      34
      43
      48
      52
      43
      37
      44
      43
      50
      47
      59
      55
      53
      52
      48
      49
      47
      40
      49
      49
      45
      45
      45
      46
      44
      34
      47
      40
      53
      41
      51
      35
      38
      36
      44
      34
      44
      44
      43
      38
      44
      41
      44
      41
      40
      45
      45
      46
      42
      50
      42
      48
      40
      44
      41
      58
      38
      57
      36
      48
      51
      25
      43
      54
      53
      45
      50
      46
      39
      42
      58
      35
      39
      42
      45
      47
      45
      46
      47
      46
      41
      49
      55
      41
      53
      55
      55
      42
      41
      38
      45
      57
      52
      55
      52
      51
      61
      44
      56
      46
      42
       3
       0
       0
       0
       0
       0
       0
       0
       0
       0
       0
       0
       0
       0
       0
       0
       0
       0
       0
       0
       0
       0
       0
       0
       0
       0
       0
       0
       0
       0
       0
       0
       0
       0
       0
       0
       0
       0
       0
       0
       0
       0
       0
       0
       0
       0
       0
       0
       0
       0
       0
       0
       0
       0
       0
       0
       0
       0
       0
       0
       0
       0
       0
       0
       0
       0
       0
       0
$ROI:
2
95 97
514 605
$PRESETS:
Real Time
200
0
$ENER_FIT:
-289.438599 1.280702
$MCA_CAL:
3
-2.894386E+002 1.280702E+000 0.000000E+000
$SHAPE_CAL:
3
0.000000E+000 0.000000E+000 0.000000E+000
