$SPEC_ID:
MEASURE 330.
$SPEC_REM:
DET# 1
DETDESC# MCB 25
AP# Maestro Version 6.05
$DATE_MEA:
04/09/2003 22:54:48
$MEAS_TIM:
196 200
$DATA:
0 1023
       0
       0
       0
       0
       0
       0
       0
       0
       0
       0
       0
       0
       0
       0
       0
       0
       0
       0
       0
       0
       0
       0
       0
       0
       0
       0
       0
       0
       0
       0
       0
       0
       0
       0
       0
       0
       0
       0
       0
       0
       0
       0
       0
       0
     110
     297
     274
     245
     269
     299
     255
     285
     260
     259
     263
     261
     265
     276
     241
     279
     268
     244
     290
     284
     268
     288
     278
     303
     295
     268
     275
     291
     312
     310
     325
     316
     331
     309
     344
     333
     381
     332
     331
     355
     368
     374
     343
     385
     385
     393
     447
     409
     373
     459
     390
     430
     458
     420
     416
     455
     452
     475
     448
     482
     435
     488
     449
     477
     490
     499
     532
     509
     503
     508
     550
     523
     525
     561
     530
     527
     539
     553
     545
     551
     551
     548
     595
     601
     548
     578
     562
     573
     577
     574
     591
     615
     611
     582
     594
     632
     593
     625
     610
     644
     625
     572
     608
     575
     635
     550
     661
     577
     608
     618
     621
     612
     614
     590
     631
     582
     592
     613
     593
     662
     625
     629
     645
     609
     627
     656
     634
     576
     600
     668
     608
     629
     619
     659
     615
     663
     571
     615
     596
     554
     591
     626
     605
     609
     632
     649
     598
     640
     662
     634
     653
     696
     707
     619
     702
     650
     678
     706
     704
     675
     677
     680
     683
     688
     682
     715
     689
     653
     775
     700
     726
     727
     701
     667
     710
     726
     676
     670
     702
     654
     708
     709
     653
     634
     635
     652
     633
     611
     693
     626
     602
     659
     590
     610
     610
     579
     633
     602
     563
     577
     578
     561
     514
     546
     543
     590
     521
     542
     552
     580
     560
     580
     524
     534
     513
     549
     530
     490
     545
     512
     525
     554
     502
     502
     468
     524
     502
     530
     485
     508
     542
     477
     467
     487
     472
     461
     492
     501
     466
     450
     477
     439
     480
     461
     477
     441
     429
     435
     424
     426
     439
     441
     434
     454
     384
     452
     383
     431
     383
     409
     442
     417
     450
     422
     381
     455
     379
     380
     384
     410
     408
     380
     414
     396
     386
     395
     367
     381
     371
     383
     372
     399
     359
     382
     356
     391
     384
     377
     391
     392
     372
     380
     361
     358
     339
     384
     342
     381
     357
     363
     340
     367
     353
     348
     400
     356
     301
     352
     324
     330
     354
     361
     357
     329
     347
     335
     334
     332
     324
     328
     315
     337
     302
     359
     307
     306
     337
     313
     314
     307
     285
     269
     299
     287
     307
     284
     276
     273
     260
     264
     250
     272
     252
     233
     219
     234
     233
     236
     241
     202
     251
     240
     217
     223
     215
     189
     187
     216
     205
     207
     181
     178
     171
     184
     199
     165
     197
     165
     167
     177
     152
     158
     171
     176
     173
     147
     151
     172
     150
     161
     178
     161
     155
     155
     124
     155
     168
     171
     151
     134
     142
     139
     131
     150
     146
     154
     148
     144
     136
     147
     132
     141
     135
     123
     142
     119
     144
     136
     142
     109
     121
     113
     114
     117
     139
     127
     112
     118
     137
     125
     104
     139
     113
     110
     116
     127
     113
     128
      97
     121
     117
     119
     103
     149
     117
     135
     116
     116
      95
     127
     105
     102
     110
     119
     133
     107
     127
     123
     102
     128
     108
     107
     109
     131
     112
     105
     110
     110
     105
      92
     125
     122
     105
     122
     114
     133
     125
     117
     110
     141
     124
     129
     147
     146
     157
     150
     136
     147
     161
     168
     173
     165
     171
     195
     167
     205
     229
     189
     227
     264
     264
     277
     327
     287
     295
     337
     324
     369
     374
     428
     409
     426
     497
     500
     536
     534
     575
     621
     620
     669
     687
     797
     766
     802
     864
     863
     880
     926
     932
    1025
    1090
    1081
    1133
    1115
    1203
    1239
    1235
    1251
    1305
    1272
    1248
    1278
    1289
    1345
    1310
    1399
    1338
    1309
    1280
    1375
    1264
    1254
    1278
    1225
    1267
    1184
    1229
    1175
    1097
    1135
    1092
    1069
     947
     940
     911
     839
     815
     804
     786
     670
     669
     613
     579
     560
     547
     459
     522
     453
     371
     381
     336
     312
     325
     284
     242
     248
     243
     203
     201
     180
     158
     158
     132
     121
     109
     114
     106
      95
      87
      98
      73
      72
      71
      70
      82
      68
      51
      53
      51
      61
      56
      45
      57
      43
      43
      48
      52
      30
      47
      58
      54
      53
      43
      49
      45
      65
      45
      53
      64
      59
      54
      41
      56
      56
      46
      48
      55
      48
      52
      45
      51
      36
      49
      43
      38
      56
      45
      45
      47
      45
      45
      43
      46
      32
      43
      45
      41
      51
      37
      46
      34
      56
      43
      63
      48
      36
      54
      45
      44
      41
      35
      52
      42
      49
      43
      48
      49
      48
      45
      35
      46
      37
      27
      64
      40
      46
      53
      47
      39
      46
      43
      48
      56
      40
      37
      38
      43
      44
      46
      37
      50
      51
      50
      52
      44
      43
      31
      36
      39
      48
      47
      43
      44
      33
      42
      41
      42
      49
      50
      47
      41
      52
      50
      55
      35
      44
      43
      46
      34
      40
      55
      41
      36
      50
      43
      50
      37
      50
      37
      61
      38
      38
      53
      38
      37
      48
      46
      42
      41
      44
      41
      40
      38
      54
      40
      43
      38
      39
      46
      39
      40
      48
      42
      45
      28
      47
      36
      48
      45
      48
      47
      42
      36
      42
      42
      46
      49
      45
      51
      41
      46
      46
      48
      32
      38
      42
      46
      44
      48
      31
      39
      34
      33
      26
      37
      34
      50
      47
      42
      41
      65
      38
      46
      51
      56
      37
      54
      43
      52
      44
      44
      51
      53
      30
      49
      46
      40
      32
      39
      40
      51
      40
      47
      41
      35
      46
      36
      48
      58
      38
      35
      41
      49
      46
      44
      41
      37
      50
      60
      49
      36
      43
      57
      45
      43
      50
      49
      40
      51
      38
      47
      44
      49
      39
      27
      50
      44
      46
      45
      46
      53
      43
      50
      48
      47
      43
      31
      40
      47
      44
      40
      38
      37
      51
      43
      41
      46
      59
      34
      43
      41
      44
      42
      52
      40
      47
      36
      42
      43
      49
      40
      51
      40
      39
      37
      53
      33
      48
      41
      42
      44
      45
      42
      41
      44
      51
      39
      51
      55
      43
      57
      36
      46
      50
      42
      53
      52
      47
      39
      43
      45
      43
      36
       1
       0
       0
       0
       0
       0
       0
       0
       0
       0
       0
       0
       0
       0
       0
       0
       0
       0
       0
       0
       0
       0
       0
       0
       0
       0
       0
       0
       0
       0
       0
       0
       0
       0
       0
       0
       0
       0
       0
       0
       0
       0
       0
       0
       0
       0
       0
       0
       0
       0
       0
       0
       0
       0
       0
       0
       0
       0
       0
       0
       0
       0
       0
       0
       0
       0
       0
$ROI:
2
95 97
514 605
$PRESETS:
Real Time
200
0
$ENER_FIT:
-289.438599 1.280702
$MCA_CAL:
3
-2.894386E+002 1.280702E+000 0.000000E+000
$SHAPE_CAL:
3
0.000000E+000 0.000000E+000 0.000000E+000
