$SPEC_ID:
MEASURE 056.
$SPEC_REM:
DET# 1
DETDESC# MCB 25
AP# Maestro Version 6.05
$DATE_MEA:
04/09/2003 00:04:48
$MEAS_TIM:
196 200
$DATA:
0 1023
       0
       0
       0
       0
       0
       0
       0
       0
       0
       0
       0
       0
       0
       0
       0
       0
       0
       0
       0
       0
       0
       0
       0
       0
       0
       0
       0
       0
       0
       0
       0
       0
       0
       0
       0
       0
       0
       0
       0
       0
       0
       0
       0
       0
     114
     262
     259
     269
     268
     277
     276
     280
     290
     266
     277
     282
     250
     264
     262
     280
     265
     286
     306
     338
     301
     295
     290
     291
     279
     273
     338
     284
     322
     318
     312
     363
     320
     342
     339
     368
     329
     378
     334
     399
     371
     399
     365
     387
     388
     396
     418
     438
     469
     475
     429
     458
     474
     454
     475
     426
     456
     477
     458
     485
     443
     470
     547
     509
     491
     520
     527
     502
     534
     522
     579
     557
     558
     539
     529
     546
     518
     567
     570
     545
     571
     577
     588
     558
     587
     597
     577
     574
     558
     543
     567
     589
     629
     625
     674
     584
     655
     626
     605
     608
     562
     630
     591
     639
     631
     600
     598
     590
     575
     664
     645
     619
     610
     585
     640
     675
     649
     567
     636
     621
     582
     681
     664
     600
     614
     606
     624
     601
     683
     614
     575
     625
     569
     632
     606
     610
     609
     576
     661
     597
     630
     636
     632
     609
     653
     626
     602
     634
     653
     638
     667
     656
     701
     677
     638
     690
     650
     759
     695
     716
     700
     736
     696
     691
     737
     729
     722
     722
     708
     697
     733
     719
     713
     760
     719
     696
     699
     608
     652
     688
     715
     663
     655
     624
     642
     642
     647
     650
     549
     626
     648
     604
     561
     593
     579
     624
     572
     556
     556
     573
     562
     551
     627
     583
     534
     600
     532
     542
     545
     556
     590
     572
     546
     569
     557
     533
     567
     529
     474
     517
     521
     505
     521
     550
     477
     529
     535
     516
     500
     505
     506
     508
     489
     486
     483
     489
     484
     439
     443
     473
     507
     422
     397
     449
     428
     430
     442
     431
     399
     449
     430
     405
     436
     408
     419
     413
     432
     426
     387
     415
     391
     404
     414
     390
     428
     411
     355
     425
     433
     379
     401
     412
     387
     412
     395
     405
     398
     366
     399
     393
     357
     351
     342
     387
     387
     388
     382
     373
     379
     372
     392
     375
     371
     350
     352
     332
     336
     366
     358
     355
     362
     363
     362
     331
     312
     353
     326
     360
     325
     336
     355
     340
     314
     341
     371
     322
     327
     347
     299
     323
     310
     346
     301
     319
     300
     321
     323
     328
     309
     238
     271
     251
     281
     276
     256
     276
     227
     232
     274
     263
     256
     250
     236
     231
     255
     237
     236
     206
     227
     193
     212
     222
     185
     209
     182
     203
     197
     187
     203
     188
     203
     166
     192
     179
     180
     190
     200
     181
     139
     141
     136
     176
     159
     165
     150
     169
     164
     159
     157
     134
     167
     152
     158
     149
     165
     150
     158
     144
     155
     151
     139
     136
     134
     140
     141
     135
     151
     152
     128
     140
     151
     152
     138
     127
     126
     143
     125
     105
     138
     142
     147
     141
     124
     141
     115
     153
     125
     128
     113
     132
     118
     108
     123
     115
     113
     134
     112
     132
     110
     125
     117
     137
     109
     115
     117
     115
     114
     100
     119
     115
     141
     126
     113
     127
     103
     120
     113
      99
     124
      91
     113
     137
     140
     132
     110
     124
     127
     133
     121
     158
     116
     114
     136
     132
     134
     132
     140
     118
     132
     138
     151
     148
     168
     169
     167
     151
     148
     180
     176
     177
     159
     213
     217
     219
     229
     238
     267
     310
     289
     308
     334
     329
     391
     375
     420
     430
     461
     473
     540
     515
     600
     632
     652
     661
     685
     698
     761
     773
     815
     845
     896
     938
     946
    1052
     986
    1080
    1159
    1147
    1158
    1199
    1245
    1190
    1247
    1280
    1336
    1291
    1342
    1338
    1339
    1310
    1401
    1382
    1369
    1408
    1296
    1294
    1356
    1239
    1227
    1256
    1257
    1145
    1151
    1155
    1037
    1056
     994
    1028
     947
     864
     870
     790
     752
     675
     669
     649
     632
     561
     574
     522
     478
     437
     408
     394
     353
     336
     296
     276
     259
     219
     207
     202
     216
     177
     155
     157
     133
     106
     104
     113
     115
     107
     107
     108
      86
      75
      73
      82
      70
      57
      71
      45
      55
      68
      50
      47
      36
      54
      54
      51
      55
      49
      59
      60
      47
      48
      59
      52
      37
      46
      51
      54
      62
      49
      42
      52
      52
      42
      43
      47
      55
      49
      47
      54
      48
      54
      45
      47
      60
      42
      47
      52
      46
      41
      39
      35
      36
      48
      54
      45
      38
      40
      45
      44
      45
      50
      46
      47
      48
      47
      63
      38
      44
      45
      58
      43
      51
      47
      43
      43
      35
      43
      39
      38
      52
      44
      39
      51
      40
      44
      53
      48
      47
      47
      46
      41
      45
      41
      41
      50
      46
      51
      38
      48
      54
      42
      44
      44
      46
      38
      45
      50
      43
      34
      44
      55
      51
      31
      44
      38
      36
      41
      51
      65
      44
      45
      37
      43
      35
      44
      54
      41
      53
      40
      44
      42
      37
      41
      42
      33
      45
      43
      32
      46
      49
      44
      47
      34
      49
      43
      57
      34
      53
      42
      36
      46
      42
      49
      44
      34
      47
      47
      42
      54
      48
      49
      48
      48
      56
      50
      34
      49
      41
      49
      48
      51
      49
      37
      54
      47
      46
      33
      53
      48
      52
      43
      41
      41
      49
      39
      57
      41
      43
      39
      48
      40
      41
      36
      36
      46
      39
      41
      47
      34
      34
      42
      39
      34
      60
      44
      42
      41
      56
      37
      41
      52
      41
      40
      50
      52
      44
      40
      39
      52
      44
      39
      54
      32
      47
      41
      41
      56
      37
      45
      38
      43
      30
      55
      46
      55
      39
      46
      40
      47
      43
      51
      53
      43
      42
      52
      41
      47
      46
      52
      42
      47
      52
      48
      45
      49
      37
      46
      40
      43
      43
      42
      34
      40
      54
      36
      47
      50
      49
      54
      57
      45
      42
      44
      55
      36
      52
      62
      41
      34
      43
      36
      49
      54
      39
      36
      37
      42
      41
      45
      51
      41
      39
      34
      51
      44
      34
      47
      41
      44
      42
      58
      47
      53
      39
      43
      46
      59
      48
      49
      46
      51
      43
      25
      39
      43
      47
      55
      46
      35
      38
      41
      45
      59
      50
      46
      51
      30
       2
       0
       0
       0
       0
       0
       0
       0
       0
       0
       0
       0
       0
       0
       0
       0
       0
       0
       0
       0
       0
       0
       0
       0
       0
       0
       0
       0
       0
       0
       0
       0
       0
       0
       0
       0
       0
       0
       0
       0
       0
       0
       0
       0
       0
       0
       0
       0
       0
       0
       0
       0
       0
       0
       0
       0
       0
       0
       0
       0
       0
       0
       0
       0
       0
       0
       0
       0
$ROI:
2
95 97
514 605
$PRESETS:
Real Time
200
0
$ENER_FIT:
-289.438599 1.280702
$MCA_CAL:
3
-2.894386E+002 1.280702E+000 0.000000E+000
$SHAPE_CAL:
3
0.000000E+000 0.000000E+000 0.000000E+000
