$SPEC_ID:
MEASURE 144.
$SPEC_REM:
DET# 1
DETDESC# MCB 25
AP# Maestro Version 6.05
$DATE_MEA:
04/09/2003 07:24:48
$MEAS_TIM:
196 200
$DATA:
0 1023
       0
       0
       0
       0
       0
       0
       0
       0
       0
       0
       0
       0
       0
       0
       0
       0
       0
       0
       0
       0
       0
       0
       0
       0
       0
       0
       0
       0
       0
       0
       0
       0
       0
       0
       0
       0
       0
       0
       0
       0
       0
       0
       0
       0
     106
     252
     288
     267
     260
     260
     277
     267
     266
     279
     299
     257
     252
     264
     264
     275
     277
     261
     287
     295
     309
     306
     319
     306
     322
     304
     296
     287
     312
     336
     333
     341
     328
     320
     355
     386
     363
     373
     377
     325
     368
     362
     394
     341
     384
     385
     389
     411
     445
     401
     435
     463
     468
     464
     463
     444
     470
     449
     471
     482
     473
     506
     521
     495
     505
     547
     530
     511
     547
     544
     540
     501
     516
     522
     565
     540
     544
     598
     561
     549
     534
     575
     590
     557
     616
     614
     555
     573
     616
     613
     596
     582
     563
     591
     612
     604
     598
     631
     601
     613
     629
     639
     577
     623
     577
     596
     630
     607
     588
     625
     650
     590
     628
     624
     615
     605
     632
     640
     642
     594
     586
     644
     625
     635
     648
     640
     655
     597
     616
     638
     570
     640
     568
     624
     564
     575
     638
     645
     587
     570
     624
     635
     606
     653
     608
     610
     641
     672
     593
     668
     658
     675
     666
     634
     668
     684
     654
     720
     695
     712
     681
     738
     714
     705
     699
     711
     699
     705
     761
     698
     652
     732
     746
     711
     658
     664
     656
     648
     631
     674
     650
     613
     688
     659
     637
     571
     667
     650
     611
     596
     578
     621
     603
     618
     620
     579
     597
     577
     582
     575
     563
     608
     542
     585
     594
     547
     583
     554
     548
     538
     490
     582
     581
     509
     514
     527
     519
     522
     497
     520
     536
     489
     530
     482
     500
     501
     493
     497
     498
     526
     452
     477
     489
     475
     505
     509
     493
     469
     442
     492
     470
     471
     439
     475
     440
     442
     420
     465
     427
     447
     441
     437
     427
     429
     421
     420
     428
     446
     463
     389
     405
     407
     422
     400
     432
     388
     409
     409
     410
     398
     393
     359
     391
     366
     402
     377
     409
     379
     378
     413
     386
     400
     344
     410
     395
     409
     393
     386
     376
     347
     351
     400
     362
     399
     332
     404
     379
     365
     383
     363
     369
     346
     344
     361
     325
     358
     329
     372
     371
     349
     350
     324
     324
     331
     357
     335
     327
     305
     317
     329
     344
     325
     307
     321
     328
     307
     274
     298
     304
     263
     260
     288
     309
     266
     270
     262
     288
     288
     253
     287
     258
     228
     241
     253
     233
     239
     220
     220
     235
     233
     223
     227
     179
     227
     209
     209
     189
     188
     194
     179
     183
     153
     223
     161
     184
     190
     188
     155
     184
     164
     169
     172
     159
     159
     179
     135
     162
     169
     132
     141
     144
     157
     147
     163
     147
     155
     144
     146
     136
     151
     139
     108
     160
     151
     145
     142
     137
     149
     131
     148
     120
     156
     135
     143
     118
     121
     120
     132
     129
     145
     140
     132
     119
     113
     127
     122
     134
     123
     100
     124
     127
     123
     111
     113
     129
     122
     104
     115
     119
     122
     123
     120
     118
     125
     114
     113
     137
     102
     115
     122
     114
     136
     123
     120
     143
     115
     121
     126
     130
     127
     108
     114
     104
     117
     134
     137
     114
     125
     111
     115
     133
     129
     102
     118
     138
     146
     142
     115
     118
     139
     143
     164
     149
     129
     161
     175
     162
     179
     178
     208
     226
     211
     201
     249
     234
     203
     253
     276
     278
     307
     311
     322
     349
     378
     386
     447
     478
     437
     465
     483
     503
     529
     581
     637
     621
     630
     683
     720
     757
     789
     838
     881
     909
     944
     988
    1010
    1048
    1104
    1119
    1135
    1128
    1191
    1220
    1209
    1302
    1315
    1217
    1330
    1366
    1358
    1343
    1285
    1382
    1399
    1332
    1332
    1261
    1311
    1304
    1228
    1297
    1213
    1189
    1185
    1177
    1110
    1033
    1011
    1026
     935
     923
     912
     795
     782
     739
     735
     663
     630
     619
     561
     556
     534
     433
     424
     432
     360
     324
     272
     294
     267
     235
     269
     210
     208
     167
     196
     140
     139
     131
     123
      99
     116
      92
     107
      95
      94
      72
      76
      71
      66
      68
      60
      61
      67
      59
      56
      47
      62
      55
      49
      61
      45
      64
      44
      47
      57
      46
      46
      51
      47
      58
      67
      52
      50
      38
      65
      51
      59
      49
      57
      47
      40
      51
      48
      46
      34
      39
      44
      45
      54
      40
      50
      37
      45
      52
      50
      46
      59
      36
      49
      35
      51
      54
      42
      53
      48
      59
      45
      44
      36
      46
      40
      48
      35
      50
      39
      55
      33
      40
      35
      37
      54
      34
      51
      49
      49
      46
      42
      42
      44
      40
      41
      39
      60
      58
      51
      40
      53
      38
      49
      49
      48
      46
      46
      48
      35
      59
      39
      37
      39
      58
      42
      44
      45
      39
      45
      45
      43
      52
      36
      54
      32
      44
      34
      52
      50
      47
      38
      47
      36
      29
      41
      40
      40
      42
      41
      44
      48
      41
      48
      37
      36
      45
      42
      36
      52
      44
      46
      45
      40
      41
      52
      48
      36
      46
      39
      45
      52
      50
      54
      45
      46
      37
      49
      47
      42
      46
      46
      48
      44
      41
      52
      54
      39
      41
      48
      42
      48
      39
      40
      41
      50
      38
      59
      38
      50
      37
      46
      39
      46
      46
      51
      49
      36
      33
      39
      39
      62
      40
      46
      45
      32
      40
      50
      42
      38
      48
      51
      39
      40
      36
      47
      51
      46
      33
      47
      38
      46
      31
      40
      35
      32
      44
      43
      47
      52
      36
      57
      39
      43
      52
      42
      40
      57
      39
      39
      50
      40
      39
      47
      49
      40
      38
      53
      49
      47
      42
      50
      42
      33
      45
      39
      46
      53
      49
      48
      48
      39
      49
      46
      43
      42
      44
      51
      41
      48
      41
      47
      36
      48
      49
      41
      43
      40
      45
      38
      44
      49
      53
      41
      49
      49
      46
      55
      43
      46
      31
      34
      45
      44
      60
      54
      47
      38
      42
      42
      41
      51
      57
      54
      49
      43
      46
      44
      43
      44
      66
      44
      50
      44
      50
      52
      52
      57
      58
      49
      51
      40
      32
      39
      62
      53
      47
      44
      49
      51
      50
      36
      47
      50
      32
      45
      21
       0
       0
       0
       0
       0
       0
       0
       0
       0
       0
       0
       0
       0
       0
       0
       0
       0
       0
       0
       0
       0
       0
       0
       0
       0
       0
       0
       0
       0
       0
       0
       0
       0
       0
       0
       0
       0
       0
       0
       0
       0
       0
       0
       0
       0
       0
       0
       0
       0
       0
       0
       0
       0
       0
       0
       0
       0
       0
       0
       0
       0
       0
       0
       0
       0
       0
       0
$ROI:
2
95 97
514 605
$PRESETS:
Real Time
200
0
$ENER_FIT:
-289.438599 1.280702
$MCA_CAL:
3
-2.894386E+002 1.280702E+000 0.000000E+000
$SHAPE_CAL:
3
0.000000E+000 0.000000E+000 0.000000E+000
