$SPEC_ID:
MEASURE 174.
$SPEC_REM:
DET# 1
DETDESC# MCB 25
AP# Maestro Version 6.05
$DATE_MEA:
04/09/2003 09:54:48
$MEAS_TIM:
196 200
$DATA:
0 1023
       0
       0
       0
       0
       0
       0
       0
       0
       0
       0
       0
       0
       0
       0
       0
       0
       0
       0
       0
       0
       0
       0
       0
       0
       0
       0
       0
       0
       0
       0
       0
       0
       0
       0
       0
       0
       0
       0
       0
       0
       0
       0
       0
       0
     102
     235
     258
     285
     277
     280
     276
     281
     266
     285
     265
     254
     270
     259
     293
     276
     272
     296
     271
     274
     275
     270
     251
     266
     310
     293
     315
     333
     326
     285
     337
     289
     330
     352
     333
     306
     341
     335
     353
     336
     363
     362
     371
     400
     390
     389
     377
     406
     421
     411
     431
     443
     454
     473
     470
     449
     466
     448
     521
     475
     457
     492
     496
     473
     517
     510
     525
     525
     523
     505
     495
     517
     497
     509
     545
     581
     537
     564
     580
     616
     532
     565
     587
     569
     553
     548
     555
     580
     545
     598
     619
     596
     583
     687
     567
     605
     627
     618
     641
     610
     605
     614
     605
     618
     610
     620
     586
     598
     635
     612
     594
     591
     624
     680
     663
     606
     641
     622
     588
     609
     589
     571
     632
     624
     591
     593
     627
     628
     581
     599
     655
     604
     604
     618
     638
     604
     572
     620
     635
     647
     645
     665
     650
     644
     597
     651
     666
     602
     647
     674
     656
     639
     674
     723
     674
     684
     697
     691
     695
     708
     671
     750
     726
     672
     756
     692
     675
     686
     702
     691
     672
     714
     745
     637
     730
     679
     671
     636
     666
     705
     681
     686
     633
     674
     643
     651
     624
     648
     635
     626
     638
     621
     607
     604
     621
     593
     595
     561
     552
     587
     586
     569
     575
     589
     613
     592
     526
     547
     567
     559
     550
     524
     535
     534
     562
     559
     540
     543
     537
     487
     536
     540
     533
     539
     515
     476
     524
     493
     496
     539
     510
     483
     485
     491
     489
     470
     541
     427
     462
     467
     479
     502
     474
     461
     445
     442
     463
     433
     438
     444
     445
     401
     408
     423
     416
     435
     392
     408
     435
     421
     363
     400
     387
     365
     404
     424
     380
     436
     388
     404
     403
     398
     412
     390
     348
     369
     375
     369
     383
     380
     373
     400
     364
     362
     375
     384
     369
     389
     349
     392
     367
     397
     385
     395
     374
     360
     368
     379
     368
     343
     365
     364
     346
     364
     351
     348
     350
     367
     365
     332
     330
     323
     338
     346
     321
     311
     335
     309
     316
     296
     329
     332
     273
     299
     314
     296
     272
     304
     288
     283
     305
     280
     277
     276
     276
     289
     258
     262
     278
     272
     257
     239
     248
     249
     235
     244
     235
     195
     221
     222
     209
     188
     212
     190
     190
     189
     202
     186
     176
     154
     207
     195
     177
     171
     184
     178
     166
     162
     164
     165
     190
     146
     159
     143
     152
     142
     143
     167
     157
     160
     152
     150
     161
     147
     150
     139
     141
     152
     160
     164
     161
     122
     151
     121
     118
     149
     160
     145
     144
     151
     139
     150
     128
     132
     142
     143
     135
     133
     149
     114
     124
     148
     122
     136
     126
     117
     169
     137
     126
     136
     106
     108
     127
     132
     119
     119
     104
     117
     105
     126
     114
     138
     118
     131
     113
     100
     114
     123
     114
     133
     134
     122
     137
     137
     105
     110
     118
     108
     116
     124
     147
     101
     123
     104
     104
     125
     128
     124
     124
     115
     111
     121
     117
     125
     127
     118
     121
     112
     141
     147
     135
     145
     162
     137
     145
     173
     157
     179
     183
     185
     190
     212
     198
     205
     223
     210
     256
     249
     263
     294
     276
     300
     330
     370
     359
     397
     416
     432
     491
     461
     509
     535
     549
     568
     627
     625
     658
     753
     757
     773
     808
     878
     885
     827
    1006
     999
    1042
    1012
    1034
    1085
    1150
    1150
    1212
    1260
    1249
    1268
    1305
    1372
    1369
    1342
    1360
    1391
    1318
    1254
    1299
    1340
    1285
    1307
    1296
    1331
    1324
    1252
    1208
    1280
    1193
    1136
    1088
    1064
    1011
    1024
     890
     895
     886
     815
     775
     737
     764
     697
     626
     628
     578
     589
     517
     451
     437
     400
     356
     362
     324
     305
     250
     241
     231
     233
     208
     173
     143
     144
     152
     154
     116
     113
      96
     103
      82
      85
      95
      68
      75
      81
      72
      66
      62
      61
      71
      60
      45
      68
      53
      60
      61
      45
      51
      38
      71
      45
      54
      48
      41
      70
      47
      47
      49
      46
      53
      58
      49
      41
      38
      45
      48
      47
      59
      35
      50
      45
      57
      44
      44
      48
      51
      50
      45
      43
      46
      44
      56
      53
      44
      52
      47
      55
      61
      40
      47
      54
      43
      50
      52
      47
      46
      54
      49
      30
      35
      56
      40
      44
      54
      43
      47
      37
      51
      53
      48
      51
      48
      46
      40
      52
      51
      52
      43
      43
      51
      57
      45
      53
      46
      43
      55
      39
      44
      36
      37
      41
      46
      45
      59
      33
      53
      41
      42
      46
      49
      55
      43
      49
      51
      44
      48
      49
      30
      35
      39
      45
      48
      44
      49
      46
      45
      33
      55
      30
      37
      38
      49
      41
      44
      44
      45
      40
      45
      35
      50
      47
      56
      34
      50
      43
      49
      32
      45
      37
      39
      42
      47
      37
      38
      43
      34
      45
      49
      38
      44
      44
      47
      50
      65
      51
      45
      53
      48
      47
      42
      37
      41
      36
      43
      43
      48
      39
      36
      51
      58
      37
      49
      39
      29
      47
      51
      48
      46
      42
      40
      34
      47
      38
      48
      44
      43
      49
      32
      48
      54
      52
      35
      43
      47
      41
      40
      60
      63
      41
      33
      36
      38
      52
      42
      44
      48
      49
      45
      50
      43
      67
      52
      48
      65
      44
      40
      42
      43
      39
      47
      45
      37
      57
      45
      41
      48
      37
      42
      42
      46
      40
      36
      43
      44
      42
      44
      50
      41
      43
      49
      47
      43
      40
      40
      43
      42
      41
      40
      39
      36
      44
      45
      42
      44
      56
      50
      43
      46
      32
      41
      47
      39
      50
      47
      45
      46
      44
      54
      48
      39
      50
      35
      40
      48
      42
      49
      44
      56
      45
      55
      38
      57
      39
      46
      43
      45
      48
      40
      43
      48
      46
      52
      53
      47
      57
      47
      52
      36
      57
      38
      46
      37
      53
      57
      48
      51
      49
      58
      45
      40
      30
      42
      61
      48
      46
      48
      54
      25
       2
       0
       0
       0
       0
       0
       0
       0
       0
       0
       0
       0
       0
       0
       0
       0
       0
       0
       0
       0
       0
       0
       0
       0
       0
       0
       0
       0
       0
       0
       0
       0
       0
       0
       0
       0
       0
       0
       0
       0
       0
       0
       0
       0
       0
       0
       0
       0
       0
       0
       0
       0
       0
       0
       0
       0
       0
       0
       0
       0
       0
       0
       0
       0
       0
       0
       0
$ROI:
2
95 97
514 605
$PRESETS:
Real Time
200
0
$ENER_FIT:
-289.438599 1.280702
$MCA_CAL:
3
-2.894386E+002 1.280702E+000 0.000000E+000
$SHAPE_CAL:
3
0.000000E+000 0.000000E+000 0.000000E+000
