$SPEC_ID:
MEASURE 081.
$SPEC_REM:
DET# 1
DETDESC# MCB 25
AP# Maestro Version 6.05
$DATE_MEA:
04/09/2003 02:09:48
$MEAS_TIM:
196 200
$DATA:
0 1023
       0
       0
       0
       0
       0
       0
       0
       0
       0
       0
       0
       0
       0
       0
       0
       0
       0
       0
       0
       0
       0
       0
       0
       0
       0
       0
       0
       0
       0
       0
       0
       0
       0
       0
       0
       0
       0
       0
       0
       0
       0
       0
       0
       0
     142
     237
     253
     273
     297
     280
     278
     277
     273
     311
     275
     287
     279
     259
     271
     266
     278
     301
     275
     293
     280
     310
     279
     303
     313
     307
     293
     317
     330
     314
     327
     341
     358
     347
     359
     352
     314
     344
     362
     394
     348
     376
     417
     424
     407
     381
     398
     455
     402
     405
     429
     447
     425
     443
     478
     451
     479
     469
     464
     507
     508
     493
     506
     442
     497
     492
     521
     512
     467
     516
     558
     517
     530
     613
     561
     548
     538
     539
     551
     523
     552
     511
     563
     580
     548
     547
     600
     617
     590
     618
     603
     629
     581
     601
     632
     624
     611
     607
     641
     632
     633
     636
     638
     586
     630
     654
     571
     620
     600
     652
     665
     631
     605
     676
     652
     625
     581
     653
     572
     621
     578
     610
     615
     587
     630
     612
     610
     645
     620
     647
     589
     636
     624
     625
     636
     659
     622
     600
     602
     664
     586
     673
     632
     653
     674
     632
     644
     631
     653
     652
     678
     663
     670
     678
     699
     634
     678
     686
     692
     685
     664
     725
     720
     696
     689
     712
     672
     723
     704
     713
     735
     672
     770
     685
     647
     664
     701
     673
     624
     672
     628
     645
     669
     593
     608
     641
     642
     642
     606
     620
     635
     583
     595
     592
     611
     586
     623
     610
     566
     551
     569
     583
     562
     534
     568
     580
     538
     568
     551
     531
     564
     555
     567
     517
     534
     519
     535
     530
     512
     563
     499
     528
     484
     514
     499
     462
     541
     519
     490
     526
     493
     457
     490
     472
     496
     468
     466
     482
     453
     454
     450
     435
     439
     468
     441
     438
     445
     453
     463
     455
     447
     427
     442
     448
     441
     390
     440
     443
     405
     428
     371
     421
     413
     404
     403
     406
     403
     433
     412
     409
     403
     370
     414
     348
     392
     380
     400
     365
     425
     373
     411
     370
     376
     388
     386
     363
     373
     389
     378
     347
     344
     358
     349
     358
     375
     353
     381
     392
     337
     365
     392
     347
     350
     362
     360
     377
     344
     342
     329
     360
     345
     333
     346
     350
     339
     343
     333
     328
     322
     310
     327
     305
     276
     319
     282
     300
     322
     314
     287
     296
     263
     269
     278
     262
     287
     262
     275
     259
     269
     236
     237
     254
     243
     251
     220
     220
     196
     221
     220
     237
     231
     209
     182
     195
     227
     178
     207
     203
     191
     177
     153
     181
     179
     165
     178
     167
     171
     155
     158
     149
     152
     164
     160
     159
     156
     184
     154
     172
     162
     148
     146
     164
     135
     140
     156
     137
     148
     123
     136
     127
     153
     172
     144
     152
     137
     123
     126
     162
     139
     145
     136
     130
     124
     111
     126
     133
     150
     125
     124
     136
     114
     120
     118
     126
     121
     127
     151
     121
     143
     123
     121
     120
     114
     135
     138
     118
     115
     112
     109
     107
     102
     111
     112
     134
     122
     126
     105
     134
     116
     108
     113
     111
     112
      93
     117
     116
     119
     109
     146
     113
     102
     110
     109
     130
     111
     134
     126
     135
     130
     122
     115
     130
     124
     130
     148
     132
     126
     141
     139
     155
     153
     150
     148
     150
     179
     171
     164
     168
     186
     186
     211
     212
     235
     232
     231
     232
     270
     275
     290
     306
     305
     324
     359
     366
     409
     409
     483
     473
     497
     545
     592
     568
     646
     648
     662
     672
     711
     787
     779
     794
     963
     946
     992
    1003
    1035
    1057
    1096
    1112
    1158
    1121
    1175
    1201
    1202
    1292
    1281
    1323
    1358
    1276
    1353
    1363
    1390
    1264
    1359
    1360
    1369
    1321
    1315
    1284
    1300
    1262
    1256
    1132
    1228
    1152
    1048
    1081
    1059
    1000
     967
     920
     848
     862
     760
     721
     693
     690
     623
     626
     544
     518
     466
     455
     420
     371
     375
     352
     325
     306
     284
     267
     229
     189
     184
     168
     172
     137
     154
     133
     130
     118
     103
      90
      78
     104
      82
      81
      74
      70
      66
      55
      57
      57
      56
      49
      49
      62
      53
      62
      52
      39
      47
      49
      50
      38
      49
      52
      54
      58
      47
      38
      55
      47
      45
      50
      32
      60
      42
      41
      50
      40
      49
      42
      45
      48
      54
      48
      49
      35
      37
      52
      42
      50
      62
      59
      45
      56
      48
      52
      38
      54
      46
      53
      44
      44
      52
      54
      38
      52
      43
      39
      54
      56
      44
      44
      52
      55
      49
      43
      53
      60
      41
      48
      45
      40
      47
      52
      50
      37
      38
      30
      38
      49
      48
      51
      53
      44
      45
      43
      40
      47
      46
      42
      37
      41
      52
      56
      42
      39
      25
      46
      46
      44
      57
      57
      38
      40
      43
      42
      53
      46
      36
      38
      40
      43
      41
      46
      40
      54
      40
      40
      33
      42
      41
      54
      44
      48
      40
      50
      39
      48
      46
      37
      54
      52
      50
      42
      43
      44
      44
      47
      42
      45
      44
      41
      43
      56
      55
      49
      40
      52
      43
      43
      47
      47
      39
      35
      55
      59
      42
      48
      40
      50
      56
      42
      38
      43
      37
      57
      38
      48
      39
      35
      48
      38
      38
      49
      39
      35
      51
      44
      48
      54
      50
      53
      42
      24
      39
      53
      36
      45
      39
      46
      44
      44
      59
      46
      34
      47
      53
      43
      53
      48
      51
      44
      55
      51
      52
      42
      48
      40
      53
      42
      46
      34
      48
      53
      41
      40
      46
      49
      48
      61
      44
      47
      52
      44
      38
      38
      62
      57
      36
      44
      51
      50
      36
      37
      40
      47
      44
      48
      53
      42
      47
      47
      42
      42
      50
      49
      36
      49
      45
      43
      39
      42
      53
      37
      45
      55
      47
      39
      43
      52
      39
      37
      54
      34
      49
      47
      56
      53
      44
      41
      51
      52
      55
      58
      46
      48
      41
      47
      46
      43
      40
      40
      63
      42
      51
      43
      37
      40
      41
      48
      54
      48
      45
      45
      46
      40
      42
      46
      40
      37
      44
      42
      52
      47
      46
      41
      43
      34
      39
      44
      53
      52
      42
      34
      61
      57
      42
      61
      42
      38
       6
       0
       0
       0
       0
       0
       0
       0
       0
       0
       0
       0
       0
       0
       0
       0
       0
       0
       0
       0
       0
       0
       0
       0
       0
       0
       0
       0
       0
       0
       0
       0
       0
       0
       0
       0
       0
       0
       0
       0
       0
       0
       0
       0
       0
       0
       0
       0
       0
       0
       0
       0
       0
       0
       0
       0
       0
       0
       0
       0
       0
       0
       0
       0
       0
       0
       0
       0
$ROI:
2
95 97
514 605
$PRESETS:
Real Time
200
0
$ENER_FIT:
-289.438599 1.280702
$MCA_CAL:
3
-2.894386E+002 1.280702E+000 0.000000E+000
$SHAPE_CAL:
3
0.000000E+000 0.000000E+000 0.000000E+000
