$SPEC_ID:
MEASURE 817.
$SPEC_REM:
DET# 1
DETDESC# MCB 25
AP# Maestro Version 6.05
$DATE_MEA:
04/08/2003 04:09:48
$MEAS_TIM:
196 200
$DATA:
0 1023
       0
       0
       0
       0
       0
       0
       0
       0
       0
       0
       0
       0
       0
       0
       0
       0
       0
       0
       0
       0
       0
       0
       0
       0
       0
       0
       0
       0
       0
       0
       0
       0
       0
       0
       0
       0
       0
       0
       0
       0
       0
       0
       0
       0
     141
     271
     302
     289
     287
     284
     251
     300
     277
     277
     301
     266
     275
     279
     265
     284
     287
     288
     278
     298
     254
     285
     287
     307
     306
     302
     301
     284
     308
     329
     346
     299
     330
     315
     353
     367
     334
     315
     358
     364
     391
     390
     370
     373
     393
     435
     393
     426
     403
     418
     474
     455
     435
     438
     481
     442
     465
     493
     491
     474
     496
     488
     469
     532
     496
     510
     521
     532
     515
     546
     506
     527
     551
     543
     507
     545
     584
     592
     563
     532
     558
     586
     566
     564
     568
     597
     564
     551
     588
     568
     644
     608
     584
     628
     608
     589
     601
     634
     636
     598
     625
     605
     630
     631
     606
     659
     628
     628
     610
     609
     618
     655
     621
     674
     619
     628
     620
     611
     637
     615
     597
     618
     615
     651
     595
     610
     637
     628
     610
     592
     586
     592
     591
     643
     658
     643
     615
     569
     627
     667
     602
     637
     602
     676
     590
     642
     607
     716
     709
     634
     675
     717
     633
     652
     647
     657
     642
     686
     714
     736
     725
     714
     697
     714
     727
     731
     693
     750
     713
     696
     719
     693
     739
     688
     727
     660
     676
     691
     642
     673
     669
     704
     647
     632
     624
     660
     640
     628
     622
     639
     582
     531
     655
     606
     568
     577
     583
     581
     624
     615
     584
     552
     590
     542
     541
     534
     555
     558
     599
     568
     553
     514
     524
     507
     574
     508
     515
     532
     571
     518
     516
     531
     491
     504
     502
     499
     490
     457
     508
     497
     505
     480
     504
     476
     485
     491
     507
     465
     480
     459
     432
     408
     492
     424
     435
     404
     446
     441
     478
     453
     464
     451
     396
     378
     411
     458
     411
     416
     369
     458
     403
     423
     391
     403
     400
     413
     392
     396
     390
     434
     370
     429
     407
     365
     401
     373
     391
     382
     371
     393
     374
     348
     368
     413
     398
     383
     367
     383
     349
     381
     374
     377
     362
     379
     367
     360
     361
     344
     332
     348
     337
     346
     324
     333
     302
     340
     330
     361
     374
     342
     345
     353
     338
     343
     334
     303
     338
     292
     341
     314
     325
     321
     325
     294
     330
     282
     306
     296
     286
     291
     293
     316
     256
     295
     259
     265
     281
     267
     264
     242
     248
     250
     236
     251
     228
     257
     203
     228
     220
     220
     207
     218
     211
     204
     226
     201
     197
     182
     194
     178
     187
     209
     169
     176
     171
     172
     158
     173
     163
     161
     165
     160
     180
     161
     172
     140
     156
     147
     134
     172
     149
     172
     134
     152
     161
     162
     143
     133
     133
     147
     125
     126
     155
     133
     150
     129
     167
     135
     133
     139
     114
     148
     125
     128
     136
     110
     123
     131
     125
     138
     141
     120
     123
     134
     126
     139
     126
     131
     120
     148
     113
     111
     113
     126
     124
     117
     126
     119
     122
     110
     117
     118
     130
     119
      88
     154
     101
     103
     115
     121
     111
     117
     110
      91
     102
     114
     118
      93
     109
     107
     116
     139
     123
     125
     120
     111
     138
     121
     115
     128
     127
     128
     130
     126
     126
     125
     137
     147
     135
     155
     154
     144
     138
     172
     135
     160
     147
     195
     181
     172
     215
     222
     201
     213
     218
     242
     257
     290
     314
     313
     325
     349
     340
     379
     458
     442
     424
     493
     532
     543
     520
     607
     643
     672
     727
     749
     741
     782
     857
     900
     868
     939
     939
    1036
    1032
    1089
    1109
    1064
    1204
    1179
    1205
    1246
    1255
    1291
    1259
    1298
    1334
    1314
    1298
    1326
    1322
    1381
    1359
    1390
    1310
    1305
    1321
    1271
    1333
    1231
    1213
    1219
    1158
    1102
    1083
    1096
    1038
     981
     958
     889
     838
     840
     811
     773
     638
     663
     620
     582
     520
     498
     472
     448
     442
     391
     346
     331
     313
     228
     270
     248
     224
     216
     199
     161
     152
     160
     133
     118
     101
     104
      92
     121
      92
      80
      87
      74
      75
      75
      68
      65
      65
      75
      63
      66
      51
      57
      50
      61
      54
      45
      58
      51
      45
      33
      35
      50
      41
      58
      46
      52
      48
      62
      67
      42
      42
      52
      56
      58
      46
      54
      61
      49
      45
      38
      45
      54
      48
      51
      55
      51
      46
      35
      43
      48
      41
      63
      55
      60
      49
      41
      55
      56
      55
      46
      52
      55
      54
      49
      59
      53
      46
      43
      52
      37
      42
      51
      41
      41
      55
      36
      48
      48
      46
      39
      48
      37
      39
      55
      31
      38
      35
      53
      45
      44
      48
      39
      45
      36
      51
      46
      43
      47
      46
      53
      40
      44
      53
      34
      57
      38
      46
      39
      38
      45
      46
      42
      30
      62
      44
      45
      46
      44
      59
      43
      52
      58
      40
      40
      37
      44
      42
      41
      46
      47
      37
      47
      30
      41
      49
      53
      39
      51
      42
      37
      38
      29
      39
      42
      60
      42
      42
      34
      50
      36
      42
      40
      41
      48
      39
      48
      56
      51
      42
      42
      44
      41
      51
      35
      52
      42
      36
      43
      43
      45
      48
      42
      32
      51
      49
      30
      48
      46
      41
      47
      43
      39
      48
      38
      47
      43
      40
      48
      44
      35
      46
      39
      38
      46
      40
      42
      46
      55
      43
      42
      50
      46
      42
      48
      37
      45
      47
      37
      50
      51
      38
      34
      51
      50
      52
      47
      53
      51
      50
      33
      52
      36
      42
      37
      52
      46
      37
      45
      42
      39
      48
      51
      32
      49
      43
      46
      38
      37
      49
      57
      47
      43
      43
      46
      47
      41
      54
      52
      45
      47
      52
      48
      27
      48
      46
      51
      63
      47
      34
      53
      47
      54
      44
      34
      43
      58
      43
      37
      49
      52
      51
      48
      53
      48
      41
      40
      36
      42
      49
      48
      35
      39
      43
      41
      51
      36
      40
      47
      51
      50
      45
      53
      43
      59
      35
      40
      42
      49
      62
      48
      40
      52
      50
      48
      38
      46
      49
      56
      55
      32
      39
      39
      37
      42
      49
      47
      42
      52
      37
      37
      38
      47
      44
      52
      52
      40
      44
      36
       4
       0
       0
       0
       0
       0
       0
       0
       0
       0
       0
       0
       0
       0
       0
       0
       0
       0
       0
       0
       0
       0
       0
       0
       0
       0
       0
       0
       0
       0
       0
       0
       0
       0
       0
       0
       0
       0
       0
       0
       0
       0
       0
       0
       0
       0
       0
       0
       0
       0
       0
       0
       0
       0
       0
       0
       0
       0
       0
       0
       0
       0
       0
       0
       0
       0
       0
       0
$ROI:
2
95 97
514 605
$PRESETS:
Real Time
200
0
$ENER_FIT:
-289.438599 1.280702
$MCA_CAL:
3
-2.894386E+002 1.280702E+000 0.000000E+000
$SHAPE_CAL:
3
0.000000E+000 0.000000E+000 0.000000E+000
