$SPEC_ID:
MEASURE 411.
$SPEC_REM:
DET# 1
DETDESC# MCB 25
AP# Maestro Version 6.05
$DATE_MEA:
04/06/2003 18:19:48
$MEAS_TIM:
196 200
$DATA:
0 1023
       0
       0
       0
       0
       0
       0
       0
       0
       0
       0
       0
       0
       0
       0
       0
       0
       0
       0
       0
       0
       0
       0
       0
       0
       0
       0
       0
       0
       0
       0
       0
       0
       0
       0
       0
       0
       0
       0
       0
       0
       0
       0
       0
       0
     108
     281
     259
     260
     247
     279
     260
     271
     276
     257
     283
     248
     278
     260
     256
     242
     293
     277
     295
     281
     297
     300
     299
     313
     306
     315
     307
     303
     306
     335
     296
     322
     334
     365
     331
     323
     351
     411
     376
     385
     361
     403
     410
     423
     413
     386
     403
     418
     430
     469
     431
     410
     437
     443
     452
     460
     461
     520
     520
     506
     484
     510
     510
     506
     530
     513
     494
     525
     538
     538
     532
     547
     566
     511
     534
     506
     523
     532
     556
     538
     577
     553
     523
     576
     576
     567
     586
     622
     586
     618
     628
     548
     629
     623
     614
     599
     602
     645
     611
     618
     652
     659
     630
     662
     630
     615
     618
     641
     642
     610
     647
     660
     598
     608
     602
     680
     683
     617
     613
     633
     581
     628
     603
     615
     655
     585
     617
     582
     597
     645
     595
     680
     607
     656
     611
     599
     682
     613
     640
     653
     588
     643
     594
     651
     637
     590
     628
     648
     640
     660
     651
     657
     669
     713
     648
     679
     682
     698
     669
     714
     691
     724
     661
     697
     753
     734
     713
     691
     728
     682
     716
     714
     714
     734
     690
     690
     683
     697
     672
     670
     670
     640
     633
     624
     656
     608
     611
     582
     615
     645
     578
     580
     632
     601
     614
     600
     571
     599
     546
     577
     555
     543
     595
     567
     539
     578
     578
     531
     553
     530
     567
     513
     553
     544
     550
     518
     540
     540
     536
     522
     565
     538
     485
     536
     512
     484
     556
     494
     520
     486
     479
     507
     488
     429
     490
     503
     481
     457
     478
     450
     445
     448
     424
     441
     434
     421
     481
     440
     423
     409
     404
     389
     417
     434
     417
     424
     410
     405
     441
     411
     410
     437
     434
     404
     398
     406
     346
     384
     427
     424
     411
     386
     385
     392
     430
     366
     401
     366
     401
     377
     396
     387
     375
     371
     384
     396
     378
     407
     388
     349
     335
     379
     341
     397
     352
     353
     358
     372
     353
     356
     356
     344
     379
     332
     402
     322
     350
     343
     343
     355
     355
     336
     376
     348
     291
     320
     314
     304
     316
     301
     314
     317
     332
     301
     315
     309
     300
     309
     317
     328
     306
     264
     289
     269
     258
     249
     250
     260
     246
     231
     250
     248
     244
     225
     233
     222
     217
     191
     216
     210
     194
     210
     204
     210
     196
     214
     202
     189
     183
     186
     184
     182
     188
     197
     173
     190
     159
     180
     151
     151
     186
     182
     165
     172
     174
     151
     170
     147
     170
     150
     137
     141
     158
     151
     147
     171
     127
     147
     139
     143
     147
     130
     127
     150
     152
     141
     161
     133
     147
     124
     122
     111
     130
     122
     139
     112
     127
     122
     133
     122
     132
     136
     138
     118
     156
     109
     117
     134
     139
     125
     123
     137
     116
     103
     111
     119
     111
     123
     123
     124
     138
     120
     120
     124
     131
     115
     115
     126
     117
     119
     122
     137
     119
     114
     141
     112
     100
      97
     111
     123
      99
     127
     113
     138
     117
     110
      97
     112
     137
     147
     143
     108
     112
     122
     148
     128
     115
     151
     145
     149
     141
     161
     150
     163
     148
     168
     191
     203
     168
     202
     221
     193
     227
     238
     234
     262
     282
     283
     289
     318
     324
     366
     411
     391
     418
     465
     493
     554
     513
     562
     655
     609
     764
     652
     726
     740
     780
     838
     881
     904
     947
     988
    1019
    1037
    1075
    1093
    1146
    1206
    1176
    1192
    1212
    1248
    1251
    1299
    1371
    1345
    1362
    1333
    1357
    1309
    1350
    1321
    1331
    1302
    1332
    1230
    1344
    1204
    1161
    1208
    1164
    1221
    1123
    1126
    1037
     973
     918
     884
     974
     837
     758
     793
     719
     697
     678
     593
     596
     575
     541
     492
     474
     428
     390
     374
     325
     284
     290
     242
     239
     207
     218
     172
     174
     157
     124
     115
     140
     115
     107
      93
      96
      94
      90
      71
      88
      75
      70
      62
      56
      58
      49
      59
      63
      53
      61
      49
      55
      60
      31
      54
      54
      63
      48
      47
      43
      50
      43
      43
      62
      47
      53
      58
      48
      55
      47
      54
      38
      46
      50
      49
      51
      46
      53
      42
      40
      42
      56
      44
      49
      52
      48
      48
      44
      50
      50
      55
      40
      40
      54
      57
      52
      54
      38
      46
      39
      52
      48
      50
      41
      43
      40
      52
      37
      55
      43
      48
      47
      35
      34
      38
      51
      51
      48
      48
      24
      43
      43
      42
      52
      56
      45
      47
      41
      47
      42
      47
      45
      41
      48
      53
      37
      37
      46
      46
      35
      36
      48
      36
      44
      47
      47
      53
      44
      55
      44
      54
      48
      55
      47
      50
      37
      47
      53
      67
      48
      41
      48
      47
      37
      42
      50
      40
      38
      42
      53
      33
      40
      49
      37
      48
      54
      49
      45
      45
      38
      41
      24
      47
      54
      44
      47
      36
      39
      41
      42
      49
      50
      37
      43
      44
      35
      47
      59
      40
      55
      45
      49
      55
      45
      42
      42
      49
      39
      42
      52
      33
      43
      53
      40
      50
      53
      35
      43
      37
      48
      47
      39
      44
      44
      43
      44
      41
      42
      45
      42
      39
      40
      43
      47
      51
      50
      38
      38
      41
      41
      59
      63
      44
      46
      63
      58
      43
      45
      44
      53
      48
      40
      43
      51
      37
      45
      46
      36
      46
      42
      43
      45
      49
      48
      46
      39
      50
      41
      44
      51
      43
      45
      38
      51
      38
      53
      48
      39
      45
      40
      42
      39
      52
      51
      40
      38
      57
      55
      46
      51
      45
      48
      39
      46
      49
      45
      50
      47
      40
      57
      52
      41
      52
      44
      49
      41
      59
      38
      39
      50
      43
      45
      39
      53
      38
      43
      45
      46
      40
      59
      51
      42
      43
      48
      38
      39
      43
      44
      41
      37
      50
      43
      53
      33
      42
      48
      46
      45
      43
      42
      40
      45
      40
      40
      46
      46
      42
      38
      42
      40
      48
      34
      56
      36
      49
      47
      51
      48
      46
      52
      49
      53
      37
      58
      37
      56
      60
      10
       0
       0
       0
       0
       0
       0
       0
       0
       0
       0
       0
       0
       0
       0
       0
       0
       0
       0
       0
       0
       0
       0
       0
       0
       0
       0
       0
       0
       0
       0
       0
       0
       0
       0
       0
       0
       0
       0
       0
       0
       0
       0
       0
       0
       0
       0
       0
       0
       0
       0
       0
       0
       0
       0
       0
       0
       0
       0
       0
       0
       0
       0
       0
       0
       0
       0
       0
$ROI:
2
95 97
514 605
$PRESETS:
Real Time
200
0
$ENER_FIT:
-289.438599 1.280702
$MCA_CAL:
3
-2.894386E+002 1.280702E+000 0.000000E+000
$SHAPE_CAL:
3
0.000000E+000 0.000000E+000 0.000000E+000
