$SPEC_ID:
MEASURE 905.
$SPEC_REM:
DET# 1
DETDESC# MCB 25
AP# Maestro Version 6.05
$DATE_MEA:
04/08/2003 11:29:48
$MEAS_TIM:
196 200
$DATA:
0 1023
       0
       0
       0
       0
       0
       0
       0
       0
       0
       0
       0
       0
       0
       0
       0
       0
       0
       0
       0
       0
       0
       0
       0
       0
       0
       0
       0
       0
       0
       0
       0
       0
       0
       0
       0
       0
       0
       0
       0
       0
       0
       0
       0
       0
     138
     258
     262
     265
     256
     237
     278
     279
     251
     280
     256
     304
     272
     267
     252
     290
     278
     303
     275
     290
     296
     309
     327
     323
     327
     303
     322
     289
     323
     297
     350
     308
     323
     325
     349
     353
     345
     361
     366
     391
     358
     360
     411
     437
     397
     384
     421
     425
     421
     395
     443
     419
     484
     452
     430
     457
     436
     497
     494
     500
     479
     490
     501
     475
     499
     517
     502
     477
     524
     508
     525
     488
     543
     542
     550
     513
     555
     563
     592
     552
     551
     531
     590
     572
     577
     553
     601
     651
     556
     602
     594
     663
     594
     658
     591
     632
     674
     633
     628
     629
     614
     603
     639
     629
     611
     635
     607
     629
     649
     586
     611
     571
     615
     615
     606
     587
     628
     650
     607
     573
     597
     618
     648
     585
     588
     663
     610
     642
     630
     637
     597
     604
     652
     603
     639
     625
     609
     594
     641
     648
     585
     634
     629
     631
     613
     668
     678
     636
     643
     693
     691
     710
     725
     676
     645
     689
     687
     664
     717
     749
     727
     700
     711
     721
     714
     716
     683
     734
     720
     655
     713
     710
     758
     705
     740
     655
     659
     694
     665
     658
     654
     657
     626
     621
     659
     632
     645
     629
     627
     661
     600
     614
     626
     607
     570
     596
     573
     564
     568
     588
     579
     598
     558
     552
     557
     517
     530
     545
     566
     580
     523
     564
     522
     544
     556
     521
     528
     521
     539
     525
     517
     537
     544
     496
     518
     493
     474
     557
     477
     470
     502
     466
     496
     433
     513
     440
     466
     506
     484
     440
     457
     468
     449
     480
     436
     449
     425
     426
     471
     406
     406
     442
     429
     435
     450
     422
     447
     444
     414
     438
     424
     449
     397
     392
     421
     395
     391
     366
     380
     408
     399
     440
     349
     404
     386
     376
     357
     393
     402
     385
     381
     390
     384
     408
     358
     359
     385
     346
     351
     368
     377
     395
     366
     356
     366
     394
     372
     360
     382
     366
     388
     356
     359
     326
     361
     334
     348
     383
     349
     377
     313
     316
     311
     308
     317
     353
     347
     318
     319
     322
     284
     323
     300
     288
     296
     299
     302
     284
     252
     272
     287
     273
     267
     264
     320
     246
     233
     225
     263
     249
     231
     249
     255
     244
     242
     227
     233
     189
     218
     211
     241
     233
     196
     198
     231
     189
     192
     191
     184
     163
     186
     171
     186
     138
     172
     191
     205
     175
     188
     154
     166
     175
     163
     170
     151
     161
     138
     146
     169
     173
     146
     152
     162
     142
     146
     171
     132
     128
     120
     146
     136
     140
     136
     134
     145
     154
     170
     143
     131
     140
     131
     152
     139
     136
     121
     129
     133
     119
     129
     141
     154
     111
     127
     102
     122
     106
     119
     117
     110
     122
     110
     122
     112
     127
     128
     106
     123
     129
     118
     128
     124
     106
     135
     114
     113
     124
     124
     114
     115
     133
     129
     109
     107
     112
     112
     110
     121
     122
     129
     123
     115
     113
     114
     121
     135
     124
     131
     127
     125
     124
     128
     133
     119
     128
     122
     129
     128
     144
     142
     130
     152
     138
     162
     166
     180
     155
     180
     181
     199
     182
     191
     181
     228
     218
     250
     250
     229
     281
     282
     319
     365
     330
     362
     425
     399
     412
     428
     453
     514
     543
     536
     584
     657
     672
     673
     719
     718
     772
     836
     863
     873
     937
     947
    1009
    1050
    1126
    1136
    1107
    1123
    1191
    1232
    1220
    1237
    1272
    1267
    1341
    1328
    1321
    1385
    1395
    1304
    1347
    1326
    1314
    1326
    1307
    1265
    1317
    1224
    1274
    1209
    1185
    1134
    1090
    1098
    1042
    1012
     954
     954
     888
     854
     839
     798
     704
     696
     660
     633
     581
     539
     512
     497
     426
     393
     373
     385
     319
     329
     290
     251
     246
     228
     201
     182
     165
     163
     153
     113
     119
     121
     112
     123
      85
      90
      80
      84
      72
      76
      52
      52
      57
      57
      55
      41
      58
      49
      64
      53
      65
      48
      57
      57
      58
      40
      64
      52
      50
      57
      54
      46
      60
      57
      54
      61
      61
      40
      47
      45
      45
      44
      62
      47
      65
      55
      47
      50
      52
      51
      35
      58
      40
      48
      58
      54
      46
      57
      48
      45
      47
      35
      61
      42
      67
      59
      44
      44
      53
      43
      35
      49
      40
      45
      52
      46
      53
      43
      49
      49
      49
      44
      43
      37
      51
      57
      61
      43
      48
      46
      52
      38
      38
      41
      38
      40
      38
      38
      44
      40
      44
      43
      45
      42
      44
      41
      47
      48
      42
      49
      44
      44
      40
      30
      35
      40
      35
      40
      40
      49
      45
      44
      53
      48
      46
      41
      49
      45
      34
      50
      44
      50
      46
      43
      41
      50
      41
      45
      49
      49
      45
      45
      47
      35
      40
      44
      47
      46
      44
      42
      48
      34
      45
      50
      44
      51
      46
      44
      42
      43
      38
      43
      33
      39
      39
      43
      50
      46
      42
      34
      47
      50
      55
      41
      38
      39
      38
      38
      42
      50
      54
      52
      51
      38
      43
      50
      49
      47
      48
      42
      45
      41
      46
      38
      48
      47
      42
      44
      50
      50
      25
      51
      56
      53
      37
      51
      49
      44
      32
      49
      46
      33
      45
      46
      51
      47
      42
      44
      45
      51
      38
      38
      51
      50
      42
      50
      39
      30
      43
      42
      58
      39
      47
      50
      46
      45
      46
      44
      39
      43
      35
      57
      44
      50
      48
      42
      54
      39
      47
      44
      45
      57
      51
      52
      43
      51
      46
      37
      32
      47
      46
      46
      42
      49
      36
      38
      48
      53
      44
      42
      48
      50
      36
      41
      48
      37
      37
      46
      46
      48
      34
      43
      42
      55
      30
      41
      38
      47
      38
      46
      46
      46
      54
      50
      37
      54
      56
      44
      56
      53
      51
      37
      51
      45
      40
      50
      41
      54
      39
      51
      42
      50
      44
      44
      43
      60
      58
      37
      49
      42
      45
      60
      58
      40
      46
      46
      52
      34
      43
      34
      46
      51
      39
      45
      35
       3
       0
       0
       0
       0
       0
       0
       0
       0
       0
       0
       0
       0
       0
       0
       0
       0
       0
       0
       0
       0
       0
       0
       0
       0
       0
       0
       0
       0
       0
       0
       0
       0
       0
       0
       0
       0
       0
       0
       0
       0
       0
       0
       0
       0
       0
       0
       0
       0
       0
       0
       0
       0
       0
       0
       0
       0
       0
       0
       0
       0
       0
       0
       0
       0
       0
       0
       0
$ROI:
2
95 97
514 605
$PRESETS:
Real Time
200
0
$ENER_FIT:
-289.438599 1.280702
$MCA_CAL:
3
-2.894386E+002 1.280702E+000 0.000000E+000
$SHAPE_CAL:
3
0.000000E+000 0.000000E+000 0.000000E+000
