$SPEC_ID:
MEASURE 323.
$SPEC_REM:
DET# 1
DETDESC# MCB 25
AP# Maestro Version 6.05
$DATE_MEA:
04/09/2003 22:19:48
$MEAS_TIM:
196 200
$DATA:
0 1023
       0
       0
       0
       0
       0
       0
       0
       0
       0
       0
       0
       0
       0
       0
       0
       0
       0
       0
       0
       0
       0
       0
       0
       0
       0
       0
       0
       0
       0
       0
       0
       0
       0
       0
       0
       0
       0
       0
       0
       0
       0
       0
       0
       0
     125
     256
     243
     263
     309
     257
     268
     280
     262
     293
     264
     266
     290
     276
     280
     281
     300
     274
     304
     278
     279
     283
     289
     289
     288
     246
     337
     323
     302
     297
     360
     324
     363
     359
     319
     381
     318
     332
     328
     359
     389
     376
     396
     368
     398
     391
     382
     402
     425
     417
     454
     443
     427
     466
     495
     443
     487
     490
     482
     451
     511
     539
     490
     495
     505
     519
     515
     488
     501
     511
     519
     554
     533
     526
     527
     529
     481
     520
     531
     579
     536
     514
     567
     541
     566
     596
     596
     575
     564
     599
     601
     545
     577
     639
     587
     584
     564
     592
     587
     575
     574
     620
     584
     668
     611
     632
     663
     633
     613
     616
     599
     609
     581
     684
     625
     580
     593
     572
     627
     582
     635
     613
     614
     624
     585
     587
     671
     607
     597
     645
     662
     646
     585
     584
     560
     583
     661
     611
     630
     569
     571
     608
     658
     607
     655
     635
     633
     666
     599
     624
     654
     671
     642
     630
     656
     671
     707
     674
     638
     650
     673
     748
     759
     684
     710
     649
     719
     709
     704
     714
     727
     685
     730
     719
     720
     737
     672
     654
     723
     678
     673
     695
     682
     649
     657
     614
     632
     589
     596
     679
     623
     605
     580
     597
     574
     569
     597
     602
     563
     584
     609
     572
     575
     547
     600
     582
     554
     522
     542
     576
     527
     555
     558
     571
     512
     540
     526
     520
     524
     549
     499
     553
     507
     529
     504
     545
     519
     501
     508
     485
     471
     515
     540
     488
     476
     468
     458
     484
     469
     426
     463
     466
     446
     464
     449
     460
     436
     438
     437
     466
     450
     459
     447
     419
     465
     433
     402
     398
     434
     417
     376
     382
     427
     438
     367
     424
     407
     415
     400
     400
     406
     411
     364
     386
     384
     364
     388
     395
     377
     398
     373
     420
     394
     393
     387
     392
     343
     397
     370
     365
     388
     382
     339
     370
     391
     364
     365
     383
     349
     350
     324
     353
     348
     373
     342
     343
     357
     328
     357
     358
     342
     350
     312
     346
     339
     375
     340
     343
     328
     292
     300
     297
     336
     281
     328
     296
     319
     286
     262
     295
     310
     263
     278
     263
     274
     280
     282
     279
     261
     289
     239
     253
     255
     223
     233
     246
     232
     249
     209
     206
     208
     220
     202
     226
     210
     186
     209
     210
     216
     190
     201
     195
     183
     164
     195
     199
     183
     193
     157
     177
     176
     195
     184
     184
     161
     170
     170
     180
     164
     154
     133
     143
     145
     160
     146
     164
     143
     169
     153
     131
     145
     151
     149
     136
     136
     157
     139
     147
     139
     130
     145
     140
     136
     139
     142
     123
     134
     124
     108
     139
     131
     135
     118
     138
     135
     151
     120
     115
     113
     117
     135
     115
     120
     114
     147
     125
     131
     132
     127
     120
     116
     127
     103
     131
     118
     123
     112
     120
     117
     128
     129
     116
     107
     123
      91
     109
     108
     113
     127
     107
     120
     143
      87
     110
     127
     109
     115
     105
     104
     114
     114
     103
      97
     104
     122
     117
     123
     142
     124
     121
     124
     132
     124
     158
     140
     130
     174
     146
     156
     170
     177
     173
     185
     179
     198
     178
     230
     233
     235
     224
     243
     242
     292
     289
     303
     323
     365
     358
     377
     401
     409
     429
     487
     480
     509
     573
     529
     622
     675
     698
     713
     707
     761
     793
     860
     857
     884
     951
     991
    1027
    1055
    1148
    1160
    1111
    1122
    1188
    1199
    1218
    1240
    1197
    1346
    1307
    1286
    1333
    1311
    1328
    1282
    1340
    1307
    1301
    1296
    1286
    1306
    1311
    1259
    1158
    1177
    1160
    1152
    1112
    1107
    1057
    1005
     921
     893
     836
     864
     811
     743
     752
     687
     634
     599
     565
     521
     515
     461
     438
     391
     400
     344
     318
     295
     306
     251
     243
     216
     220
     180
     186
     145
     157
     117
     133
     131
     120
      92
     103
      89
      88
      82
      90
      70
      73
      59
      51
      62
      67
      66
      53
      74
      63
      52
      53
      46
      47
      49
      56
      42
      62
      51
      54
      55
      59
      47
      56
      51
      45
      61
      59
      60
      56
      62
      50
      51
      58
      43
      49
      65
      37
      53
      34
      47
      44
      36
      44
      41
      48
      54
      46
      38
      43
      50
      55
      42
      53
      39
      47
      50
      44
      32
      53
      42
      54
      35
      25
      43
      51
      45
      47
      36
      52
      49
      46
      46
      41
      40
      56
      43
      43
      48
      35
      40
      43
      48
      44
      38
      36
      52
      53
      45
      40
      49
      37
      44
      49
      39
      44
      42
      48
      53
      39
      43
      41
      36
      47
      36
      33
      34
      39
      49
      31
      34
      36
      37
      39
      40
      36
      41
      36
      49
      42
      40
      47
      39
      43
      39
      35
      46
      38
      34
      57
      44
      51
      48
      42
      45
      49
      34
      52
      47
      41
      48
      48
      51
      50
      41
      38
      42
      41
      43
      47
      44
      48
      52
      44
      45
      38
      53
      39
      46
      44
      45
      41
      48
      43
      49
      47
      57
      43
      27
      42
      54
      41
      42
      50
      37
      38
      34
      41
      50
      42
      34
      45
      47
      40
      34
      51
      50
      36
      35
      46
      36
      39
      60
      41
      41
      41
      35
      37
      44
      41
      27
      41
      40
      49
      37
      43
      39
      46
      42
      33
      41
      50
      53
      35
      31
      55
      42
      45
      46
      49
      34
      50
      57
      61
      58
      43
      33
      41
      41
      38
      39
      34
      33
      44
      43
      48
      43
      42
      41
      42
      55
      44
      48
      52
      43
      36
      44
      42
      47
      56
      49
      41
      52
      42
      54
      43
      45
      42
      36
      37
      44
      61
      38
      48
      31
      44
      56
      38
      51
      37
      52
      48
      44
      37
      63
      40
      44
      44
      66
      37
      53
      45
      49
      53
      55
      47
      47
      52
      46
      39
      52
      43
      30
      51
      57
      58
      38
      43
      40
      41
      52
      37
      49
      36
      48
      40
      38
      50
      51
      42
      41
      54
      41
      44
      55
      43
      42
      45
      41
      48
      27
       0
       0
       0
       0
       0
       0
       0
       0
       0
       0
       0
       0
       0
       0
       0
       0
       0
       0
       0
       0
       0
       0
       0
       0
       0
       0
       0
       0
       0
       0
       0
       0
       0
       0
       0
       0
       0
       0
       0
       0
       0
       0
       0
       0
       0
       0
       0
       0
       0
       0
       0
       0
       0
       0
       0
       0
       0
       0
       0
       0
       0
       0
       0
       0
       0
       0
       0
$ROI:
2
95 97
514 605
$PRESETS:
Real Time
200
0
$ENER_FIT:
-289.438599 1.280702
$MCA_CAL:
3
-2.894386E+002 1.280702E+000 0.000000E+000
$SHAPE_CAL:
3
0.000000E+000 0.000000E+000 0.000000E+000
