$SPEC_ID:
MEASURE 193.
$SPEC_REM:
DET# 1
DETDESC# MCB 25
AP# Maestro Version 6.05
$DATE_MEA:
04/09/2003 11:29:48
$MEAS_TIM:
196 200
$DATA:
0 1023
       0
       0
       0
       0
       0
       0
       0
       0
       0
       0
       0
       0
       0
       0
       0
       0
       0
       0
       0
       0
       0
       0
       0
       0
       0
       0
       0
       0
       0
       0
       0
       0
       0
       0
       0
       0
       0
       0
       0
       0
       0
       0
       0
       0
     114
     268
     245
     263
     267
     260
     278
     270
     276
     283
     250
     265
     280
     292
     287
     257
     276
     265
     289
     291
     299
     304
     267
     298
     285
     301
     321
     305
     328
     308
     305
     297
     302
     316
     310
     373
     347
     351
     385
     376
     386
     372
     367
     384
     400
     395
     389
     425
     427
     424
     457
     465
     436
     421
     413
     465
     448
     437
     477
     455
     472
     490
     515
     449
     512
     506
     532
     542
     490
     508
     534
     554
     575
     558
     531
     569
     534
     550
     570
     568
     578
     581
     513
     578
     616
     585
     599
     554
     589
     591
     586
     610
     592
     616
     580
     619
     666
     621
     617
     604
     620
     655
     628
     622
     657
     657
     647
     602
     612
     641
     606
     662
     622
     655
     663
     613
     627
     620
     642
     618
     588
     621
     638
     615
     611
     628
     620
     612
     661
     588
     620
     583
     636
     558
     612
     596
     664
     587
     605
     609
     660
     634
     637
     623
     649
     636
     647
     626
     609
     661
     691
     645
     671
     671
     635
     706
     671
     744
     698
     720
     700
     706
     667
     733
     724
     639
     689
     700
     676
     716
     736
     704
     705
     699
     663
     690
     693
     685
     717
     681
     656
     650
     656
     642
     640
     613
     600
     644
     622
     619
     601
     614
     634
     613
     580
     580
     590
     556
     575
     579
     565
     622
     557
     572
     551
     543
     549
     531
     530
     521
     559
     563
     519
     576
     520
     520
     534
     562
     512
     502
     542
     501
     580
     506
     529
     524
     537
     521
     522
     512
     503
     482
     471
     489
     481
     488
     505
     470
     469
     425
     431
     458
     491
     483
     471
     416
     442
     473
     433
     440
     415
     432
     447
     377
     423
     412
     428
     387
     417
     426
     404
     391
     448
     387
     386
     385
     396
     387
     390
     401
     429
     406
     397
     417
     390
     405
     375
     380
     342
     367
     374
     373
     377
     380
     380
     351
     377
     376
     397
     386
     380
     340
     362
     355
     391
     317
     357
     363
     366
     369
     342
     356
     370
     335
     333
     357
     359
     341
     347
     335
     312
     380
     364
     315
     323
     330
     395
     318
     308
     328
     323
     295
     288
     317
     312
     329
     315
     280
     296
     288
     306
     298
     305
     281
     282
     275
     259
     292
     254
     266
     251
     253
     280
     241
     243
     222
     201
     198
     223
     211
     245
     206
     198
     224
     179
     218
     180
     178
     220
     197
     174
     196
     154
     192
     210
     175
     175
     168
     190
     175
     172
     178
     138
     141
     170
     149
     182
     177
     138
     152
     158
     157
     154
     156
     137
     130
     144
     148
     141
     129
     133
     132
     148
     145
     151
     150
     137
     149
     130
     139
     145
     132
     126
     130
     134
     127
     123
     157
     139
     119
     142
     135
     157
     141
     136
     111
     123
     132
     136
     110
     132
     111
     127
     132
     119
     127
     127
     141
     129
     113
     125
     115
     118
     128
     104
     122
     106
     122
     110
     114
     121
     106
      94
     120
     116
     122
     128
     122
     117
     128
     117
     119
     121
     122
     109
     113
     116
     116
     112
     135
     109
     119
     130
     111
     112
     130
     115
     135
     133
     137
     132
     147
     119
     144
     151
     136
     168
     153
     152
     153
     183
     206
     187
     236
     218
     205
     221
     228
     234
     280
     301
     275
     329
     324
     356
     346
     391
     441
     438
     482
     490
     477
     536
     575
     609
     583
     662
     668
     738
     777
     828
     846
     864
     844
     952
     988
     944
     998
    1009
    1088
    1126
    1112
    1183
    1256
    1226
    1260
    1293
    1279
    1247
    1324
    1324
    1285
    1334
    1321
    1392
    1307
    1293
    1268
    1272
    1348
    1271
    1242
    1310
    1232
    1179
    1227
    1108
    1089
    1090
    1003
     952
     887
     868
     895
     828
     788
     779
     684
     635
     653
     588
     501
     520
     489
     465
     411
     421
     358
     344
     285
     279
     259
     251
     232
     205
     193
     176
     170
     153
     162
     133
     118
     110
     112
      82
      87
      94
      77
      80
      83
      72
      84
      70
      56
      49
      57
      63
      54
      63
      60
      55
      58
      50
      54
      59
      47
      48
      53
      48
      64
      52
      56
      48
      43
      52
      50
      57
      41
      58
      53
      46
      46
      46
      54
      52
      63
      54
      33
      41
      46
      42
      36
      53
      47
      54
      48
      36
      53
      53
      69
      48
      43
      37
      47
      34
      51
      35
      39
      34
      36
      50
      43
      50
      44
      39
      43
      41
      54
      43
      39
      47
      41
      58
      41
      49
      55
      50
      50
      39
      42
      59
      47
      35
      43
      42
      45
      48
      53
      36
      33
      41
      61
      39
      51
      45
      51
      53
      49
      60
      46
      41
      46
      33
      51
      34
      41
      37
      40
      39
      45
      54
      35
      28
      44
      38
      40
      52
      46
      37
      39
      42
      51
      37
      37
      36
      39
      45
      43
      44
      58
      49
      49
      38
      48
      43
      56
      38
      48
      40
      42
      49
      62
      58
      52
      46
      56
      35
      35
      47
      49
      54
      44
      45
      45
      51
      34
      36
      45
      46
      46
      37
      23
      44
      47
      42
      37
      35
      53
      44
      47
      37
      48
      36
      47
      33
      40
      50
      46
      38
      37
      48
      40
      40
      48
      50
      48
      35
      38
      41
      47
      50
      42
      49
      43
      44
      53
      47
      44
      55
      49
      42
      43
      40
      49
      43
      45
      39
      55
      38
      50
      44
      45
      35
      42
      51
      35
      47
      31
      35
      53
      49
      64
      40
      44
      48
      42
      51
      45
      65
      39
      46
      44
      46
      41
      32
      40
      52
      51
      46
      48
      40
      55
      43
      41
      45
      34
      40
      54
      54
      49
      47
      51
      41
      39
      44
      50
      44
      60
      46
      44
      43
      45
      35
      55
      50
      39
      34
      47
      44
      34
      30
      39
      51
      30
      35
      39
      38
      44
      42
      48
      46
      35
      50
      48
      45
      41
      43
      51
      42
      38
      42
      31
      36
      41
      52
      43
      34
      45
      35
      54
      51
      55
      44
      52
      45
      47
      53
      40
      53
      44
      60
      44
      44
      57
      48
      41
      51
      36
      37
      34
      52
      50
      31
       2
       0
       0
       0
       0
       0
       0
       0
       0
       0
       0
       0
       0
       0
       0
       0
       0
       0
       0
       0
       0
       0
       0
       0
       0
       0
       0
       0
       0
       0
       0
       0
       0
       0
       0
       0
       0
       0
       0
       0
       0
       0
       0
       0
       0
       0
       0
       0
       0
       0
       0
       0
       0
       0
       0
       0
       0
       0
       0
       0
       0
       0
       0
       0
       0
       0
       0
$ROI:
2
95 97
514 605
$PRESETS:
Real Time
200
0
$ENER_FIT:
-289.438599 1.280702
$MCA_CAL:
3
-2.894386E+002 1.280702E+000 0.000000E+000
$SHAPE_CAL:
3
0.000000E+000 0.000000E+000 0.000000E+000
