$SPEC_ID:
MEASURE 104.
$SPEC_REM:
DET# 1
DETDESC# MCB 25
AP# Maestro Version 6.05
$DATE_MEA:
04/09/2003 04:04:48
$MEAS_TIM:
196 200
$DATA:
0 1023
       0
       0
       0
       0
       0
       0
       0
       0
       0
       0
       0
       0
       0
       0
       0
       0
       0
       0
       0
       0
       0
       0
       0
       0
       0
       0
       0
       0
       0
       0
       0
       0
       0
       0
       0
       0
       0
       0
       0
       0
       0
       0
       0
       0
     131
     229
     288
     248
     300
     302
     286
     271
     282
     259
     294
     259
     299
     272
     341
     242
     297
     291
     288
     296
     252
     266
     306
     290
     289
     306
     298
     321
     307
     291
     346
     312
     323
     341
     336
     320
     372
     379
     387
     377
     372
     377
     385
     386
     408
     381
     426
     386
     389
     431
     468
     438
     482
     435
     475
     483
     406
     486
     473
     493
     486
     482
     494
     506
     473
     540
     526
     550
     487
     492
     554
     519
     567
     537
     552
     519
     542
     578
     580
     572
     555
     539
     587
     529
     578
     595
     559
     618
     565
     554
     570
     612
     625
     633
     623
     568
     595
     603
     592
     610
     610
     645
     590
     612
     616
     622
     640
     602
     596
     606
     613
     625
     602
     652
     614
     588
     594
     624
     648
     647
     614
     652
     600
     618
     617
     616
     626
     647
     625
     646
     613
     635
     676
     619
     623
     571
     670
     630
     585
     649
     660
     644
     645
     631
     634
     653
     624
     611
     643
     677
     631
     615
     632
     663
     672
     712
     675
     697
     701
     711
     706
     720
     717
     732
     681
     726
     704
     693
     664
     726
     685
     679
     727
     632
     706
     704
     702
     654
     691
     647
     646
     610
     669
     669
     667
     618
     631
     610
     601
     646
     648
     598
     569
     609
     578
     564
     577
     609
     598
     535
     564
     551
     527
     538
     545
     532
     580
     572
     583
     551
     545
     553
     558
     541
     552
     581
     553
     517
     518
     556
     518
     541
     499
     537
     537
     505
     493
     540
     495
     504
     479
     459
     475
     441
     470
     441
     446
     481
     420
     469
     454
     488
     454
     466
     469
     437
     460
     471
     434
     441
     492
     462
     446
     420
     427
     412
     390
     433
     430
     390
     419
     407
     395
     383
     416
     406
     405
     437
     391
     416
     388
     406
     411
     403
     429
     380
     359
     387
     403
     384
     399
     364
     365
     391
     391
     333
     370
     378
     347
     377
     363
     388
     358
     375
     391
     351
     355
     333
     369
     363
     389
     356
     344
     342
     372
     355
     353
     335
     350
     361
     336
     353
     335
     315
     314
     340
     314
     322
     362
     321
     323
     311
     301
     308
     301
     307
     299
     276
     284
     288
     259
     267
     304
     273
     267
     254
     254
     283
     240
     273
     236
     234
     220
     229
     232
     223
     209
     242
     195
     207
     199
     181
     214
     185
     214
     218
     215
     207
     195
     190
     163
     178
     178
     192
     166
     195
     162
     171
     132
     154
     158
     153
     167
     165
     140
     151
     161
     153
     159
     142
     145
     164
     162
     145
     155
     162
     147
     166
     132
     146
     145
     138
     158
     151
     142
     133
     144
     126
     148
     105
     133
     127
     141
     116
     122
     115
     128
     128
     133
     130
     131
     119
     128
     134
     131
     121
     103
     118
     121
     121
     103
     118
     135
     114
     123
     138
     114
     117
     114
     120
     136
     111
     112
     115
      99
     117
     121
     126
     121
     105
     136
     116
     110
     120
     121
     113
     111
     108
     120
     124
     131
     122
     118
     122
     135
     131
     130
     134
     123
     129
     141
     122
     127
     145
     126
     129
     130
     143
     144
     140
     133
     168
     140
     153
     156
     171
     176
     164
     177
     210
     203
     220
     233
     245
     222
     224
     257
     271
     286
     304
     330
     373
     361
     400
     411
     461
     435
     470
     500
     521
     543
     610
     631
     637
     689
     745
     733
     761
     780
     860
     898
     908
     977
     943
     988
    1123
    1076
    1173
    1159
    1146
    1178
    1169
    1300
    1223
    1246
    1307
    1297
    1308
    1332
    1312
    1319
    1342
    1334
    1351
    1334
    1279
    1267
    1268
    1323
    1259
    1198
    1175
    1145
    1082
    1127
     982
    1028
     972
    1003
     878
     893
     818
     772
     718
     766
     693
     660
     558
     531
     535
     455
     470
     386
     399
     348
     351
     316
     305
     274
     243
     229
     180
     202
     171
     152
     153
     142
     119
     118
     101
     110
      96
      86
     100
      77
      68
      86
      73
      58
      73
      59
      68
      67
      50
      51
      72
      57
      55
      48
      68
      43
      54
      50
      51
      42
      42
      49
      45
      49
      55
      47
      56
      48
      53
      50
      39
      53
      56
      58
      44
      41
      39
      43
      48
      34
      38
      42
      56
      55
      43
      44
      37
      45
      45
      53
      43
      62
      33
      40
      43
      57
      44
      51
      52
      56
      42
      41
      51
      49
      46
      40
      47
      43
      42
      56
      39
      49
      50
      39
      44
      38
      48
      41
      39
      49
      50
      40
      50
      42
      43
      51
      43
      39
      44
      42
      50
      41
      49
      48
      42
      53
      41
      38
      53
      44
      40
      40
      43
      37
      49
      33
      36
      53
      48
      39
      44
      41
      52
      60
      34
      43
      32
      49
      37
      51
      56
      42
      51
      36
      41
      50
      37
      43
      45
      42
      40
      41
      37
      40
      46
      48
      43
      51
      35
      40
      53
      33
      39
      42
      35
      51
      39
      36
      36
      45
      40
      53
      39
      46
      53
      35
      47
      57
      31
      59
      66
      43
      47
      45
      42
      27
      43
      43
      41
      57
      36
      46
      58
      44
      36
      39
      46
      39
      42
      45
      39
      42
      61
      43
      55
      46
      49
      53
      48
      36
      41
      39
      37
      43
      30
      42
      44
      42
      43
      54
      38
      47
      54
      45
      35
      40
      49
      45
      50
      35
      47
      47
      54
      37
      48
      51
      36
      40
      48
      52
      46
      46
      41
      40
      44
      36
      54
      50
      52
      42
      42
      51
      47
      44
      42
      41
      37
      22
      56
      43
      40
      48
      53
      43
      37
      45
      43
      45
      51
      41
      44
      48
      44
      49
      38
      48
      52
      47
      39
      42
      39
      42
      47
      45
      53
      61
      32
      42
      43
      58
      45
      38
      42
      49
      50
      49
      51
      46
      45
      47
      35
      39
      47
      35
      37
      46
      51
      56
      32
      53
      55
      37
      49
      55
      38
      53
      46
      43
      49
      55
      37
      51
      44
      30
      40
      42
      46
      50
      33
      42
      44
      56
      50
      54
      50
      28
      44
      37
      38
      39
      37
      53
      47
      46
      41
      55
      29
       1
       0
       0
       0
       0
       0
       0
       0
       0
       0
       0
       0
       0
       0
       0
       0
       0
       0
       0
       0
       0
       0
       0
       0
       0
       0
       0
       0
       0
       0
       0
       0
       0
       0
       0
       0
       0
       0
       0
       0
       0
       0
       0
       0
       0
       0
       0
       0
       0
       0
       0
       0
       0
       0
       0
       0
       0
       0
       0
       0
       0
       0
       0
       0
       0
       0
       0
       0
$ROI:
2
95 97
514 605
$PRESETS:
Real Time
200
0
$ENER_FIT:
-289.438599 1.280702
$MCA_CAL:
3
-2.894386E+002 1.280702E+000 0.000000E+000
$SHAPE_CAL:
3
0.000000E+000 0.000000E+000 0.000000E+000
