$SPEC_ID:
MEASURE 203.
$SPEC_REM:
DET# 1
DETDESC# MCB 25
AP# Maestro Version 6.05
$DATE_MEA:
04/09/2003 12:19:48
$MEAS_TIM:
196 200
$DATA:
0 1023
       0
       0
       0
       0
       0
       0
       0
       0
       0
       0
       0
       0
       0
       0
       0
       0
       0
       0
       0
       0
       0
       0
       0
       0
       0
       0
       0
       0
       0
       0
       0
       0
       0
       0
       0
       0
       0
       0
       0
       0
       0
       0
       0
       0
     115
     270
     272
     242
     288
     254
     272
     263
     283
     270
     280
     291
     286
     283
     266
     302
     279
     291
     283
     258
     308
     299
     267
     288
     286
     312
     268
     300
     292
     303
     333
     328
     335
     319
     326
     345
     352
     330
     351
     382
     375
     412
     356
     376
     399
     397
     406
     366
     410
     395
     468
     428
     449
     410
     441
     452
     479
     426
     456
     498
     490
     519
     467
     470
     526
     551
     479
     536
     487
     524
     539
     539
     539
     550
     534
     576
     558
     504
     558
     578
     510
     557
     533
     546
     584
     544
     592
     625
     611
     580
     576
     611
     611
     583
     609
     565
     603
     610
     601
     637
     640
     577
     626
     613
     605
     582
     613
     593
     634
     657
     580
     587
     600
     669
     626
     636
     643
     618
     589
     602
     657
     616
     621
     625
     612
     648
     601
     598
     617
     582
     613
     588
     606
     598
     617
     649
     603
     637
     613
     667
     603
     612
     619
     611
     633
     686
     655
     641
     654
     640
     649
     644
     686
     689
     685
     709
     641
     685
     709
     668
     729
     686
     682
     715
     760
     719
     703
     686
     738
     674
     701
     694
     728
     683
     714
     661
     702
     702
     646
     684
     636
     672
     619
     622
     642
     626
     626
     606
     624
     571
     642
     637
     625
     581
     591
     618
     621
     594
     606
     587
     549
     575
     574
     523
     564
     571
     577
     583
     546
     521
     590
     520
     511
     564
     508
     575
     568
     524
     486
     519
     529
     487
     510
     475
     520
     525
     498
     502
     500
     498
     485
     468
     481
     460
     467
     484
     428
     439
     465
     464
     514
     467
     482
     478
     454
     480
     447
     422
     415
     437
     469
     436
     468
     454
     422
     462
     425
     409
     378
     389
     424
     423
     405
     390
     390
     384
     386
     388
     421
     400
     380
     394
     386
     389
     385
     373
     391
     367
     396
     408
     400
     417
     373
     388
     361
     401
     381
     368
     379
     366
     375
     385
     345
     368
     388
     374
     391
     354
     358
     398
     381
     370
     363
     346
     374
     335
     358
     365
     360
     357
     332
     323
     287
     370
     357
     363
     328
     335
     338
     360
     317
     301
     300
     316
     299
     304
     299
     286
     296
     276
     265
     286
     287
     302
     267
     277
     254
     263
     244
     275
     245
     205
     245
     269
     230
     225
     248
     250
     193
     217
     225
     229
     197
     186
     219
     191
     186
     186
     221
     196
     206
     198
     193
     148
     185
     165
     177
     186
     163
     166
     143
     171
     156
     163
     160
     176
     142
     185
     164
     147
     151
     160
     120
     147
     145
     168
     160
     152
     159
     122
     148
     143
     131
     130
     166
     149
     135
     144
     138
     151
     120
     122
     123
     131
     147
     143
     136
     132
     116
     137
     121
     140
     118
     126
     131
     129
     128
     113
     156
     129
     125
     124
     110
     114
     125
     111
     124
     125
     128
     108
     138
     132
     121
     106
     119
     113
     102
     121
     114
     139
     117
     101
     118
     126
     123
     123
     123
     127
     137
     112
     128
     127
      97
     103
     116
     113
     135
     128
     121
     130
     110
     125
     106
     118
     126
     143
     137
     132
     115
     125
     131
     141
     152
     157
     141
     135
     170
     148
     160
     167
     167
     176
     202
     215
     218
     223
     237
     246
     268
     269
     257
     274
     313
     331
     358
     388
     365
     415
     435
     433
     444
     513
     500
     558
     553
     606
     626
     687
     700
     716
     793
     811
     829
     835
     905
     896
     983
    1050
    1007
    1069
    1087
    1179
    1186
    1185
    1195
    1190
    1306
    1278
    1327
    1290
    1269
    1340
    1311
    1369
    1313
    1381
    1319
    1340
    1286
    1304
    1299
    1248
    1282
    1292
    1197
    1152
    1103
    1058
    1061
     965
     988
     959
     876
     868
     830
     756
     751
     735
     709
     661
     580
     576
     563
     442
     477
     413
     402
     377
     343
     285
     327
     292
     269
     232
     214
     210
     205
     175
     152
     141
     152
     143
     124
      96
     101
     105
      88
      88
      56
      74
      58
      79
      64
      59
      65
      45
      67
      63
      58
      56
      47
      58
      61
      48
      38
      54
      43
      55
      51
      61
      47
      46
      50
      54
      45
      40
      38
      57
      48
      60
      47
      62
      53
      44
      52
      45
      56
      51
      45
      52
      38
      54
      45
      41
      62
      48
      46
      41
      53
      54
      58
      57
      40
      44
      38
      46
      44
      41
      50
      44
      42
      40
      43
      40
      38
      42
      43
      60
      48
      50
      53
      48
      35
      52
      54
      44
      47
      48
      49
      58
      52
      41
      52
      40
      36
      33
      40
      43
      45
      41
      41
      35
      35
      41
      36
      37
      56
      48
      38
      51
      45
      51
      45
      52
      39
      52
      48
      44
      52
      41
      50
      56
      41
      42
      46
      49
      42
      47
      36
      43
      33
      31
      42
      32
      50
      46
      47
      41
      47
      35
      56
      41
      32
      34
      52
      41
      38
      38
      42
      31
      51
      53
      47
      41
      33
      32
      42
      51
      51
      52
      38
      40
      36
      44
      43
      41
      48
      51
      41
      44
      41
      35
      38
      34
      33
      38
      48
      41
      28
      45
      42
      42
      45
      39
      40
      46
      39
      41
      56
      48
      54
      48
      49
      34
      58
      36
      55
      42
      41
      34
      48
      46
      45
      50
      48
      43
      41
      43
      53
      41
      36
      45
      41
      41
      36
      35
      41
      39
      38
      42
      33
      55
      54
      43
      30
      42
      42
      37
      30
      47
      44
      54
      49
      64
      42
      50
      47
      43
      50
      61
      39
      46
      43
      45
      45
      42
      46
      40
      43
      39
      48
      49
      45
      49
      47
      34
      40
      39
      48
      42
      56
      40
      52
      47
      44
      47
      43
      49
      43
      49
      40
      46
      34
      41
      33
      56
      35
      49
      47
      48
      34
      46
      41
      46
      49
      41
      46
      47
      46
      51
      39
      46
      53
      41
      45
      48
      35
      55
      52
      40
      30
      49
      53
      51
      55
      67
      37
      52
      57
      39
      37
      43
      40
      41
      48
      44
      42
      50
      39
      49
      36
      45
      44
      50
      38
      40
      42
      38
      44
      46
      44
      44
      24
       0
       0
       0
       0
       0
       0
       0
       0
       0
       0
       0
       0
       0
       0
       0
       0
       0
       0
       0
       0
       0
       0
       0
       0
       0
       0
       0
       0
       0
       0
       0
       0
       0
       0
       0
       0
       0
       0
       0
       0
       0
       0
       0
       0
       0
       0
       0
       0
       0
       0
       0
       0
       0
       0
       0
       0
       0
       0
       0
       0
       0
       0
       0
       0
       0
       0
       0
$ROI:
2
95 97
514 605
$PRESETS:
Real Time
200
0
$ENER_FIT:
-289.438599 1.280702
$MCA_CAL:
3
-2.894386E+002 1.280702E+000 0.000000E+000
$SHAPE_CAL:
3
0.000000E+000 0.000000E+000 0.000000E+000
