$SPEC_ID:
MEASURE 811.
$SPEC_REM:
DET# 1
DETDESC# MCB 25
AP# Maestro Version 6.05
$DATE_MEA:
04/08/2003 03:39:48
$MEAS_TIM:
196 200
$DATA:
0 1023
       0
       0
       0
       0
       0
       0
       0
       0
       0
       0
       0
       0
       0
       0
       0
       0
       0
       0
       0
       0
       0
       0
       0
       0
       0
       0
       0
       0
       0
       0
       0
       0
       0
       0
       0
       0
       0
       0
       0
       0
       0
       0
       0
       0
     131
     266
     269
     250
     288
     290
     300
     273
     243
     280
     259
     255
     274
     297
     300
     294
     263
     264
     278
     289
     276
     307
     280
     357
     298
     312
     323
     320
     278
     301
     290
     310
     316
     350
     346
     360
     350
     369
     305
     375
     370
     368
     402
     387
     387
     387
     371
     432
     426
     441
     433
     439
     475
     404
     486
     430
     466
     490
     466
     447
     491
     538
     478
     501
     556
     521
     479
     547
     473
     526
     496
     478
     555
     543
     564
     605
     560
     549
     551
     609
     555
     569
     551
     576
     616
     593
     589
     541
     619
     643
     606
     568
     615
     593
     601
     606
     576
     615
     597
     587
     600
     669
     600
     630
     615
     578
     655
     652
     627
     613
     670
     617
     618
     635
     599
     606
     595
     571
     621
     614
     608
     592
     592
     627
     594
     580
     636
     580
     586
     609
     653
     606
     604
     662
     638
     554
     604
     642
     584
     631
     601
     630
     611
     669
     636
     672
     689
     591
     630
     658
     663
     672
     642
     684
     647
     737
     712
     693
     670
     738
     694
     684
     740
     682
     746
     737
     725
     717
     674
     705
     815
     737
     696
     738
     684
     729
     683
     672
     659
     698
     668
     659
     689
     610
     652
     650
     658
     638
     637
     616
     613
     578
     564
     610
     590
     568
     610
     592
     590
     580
     600
     559
     559
     625
     550
     575
     556
     556
     553
     570
     517
     514
     578
     576
     511
     515
     581
     544
     507
     578
     505
     514
     529
     488
     528
     520
     527
     470
     493
     528
     483
     470
     478
     504
     487
     454
     527
     426
     481
     466
     450
     441
     443
     463
     400
     486
     444
     421
     409
     419
     418
     428
     415
     438
     423
     384
     467
     404
     400
     385
     375
     421
     409
     411
     404
     390
     408
     429
     389
     374
     381
     403
     405
     390
     403
     367
     378
     401
     356
     382
     381
     345
     410
     386
     369
     377
     395
     376
     421
     369
     371
     368
     381
     360
     373
     352
     371
     355
     359
     361
     352
     361
     321
     359
     366
     319
     338
     362
     331
     360
     366
     312
     339
     351
     327
     367
     342
     340
     303
     328
     346
     292
     327
     286
     316
     306
     299
     291
     312
     257
     279
     274
     268
     280
     248
     276
     290
     250
     224
     253
     234
     247
     204
     230
     230
     243
     227
     229
     217
     222
     229
     206
     208
     187
     199
     197
     209
     189
     193
     170
     192
     168
     184
     185
     180
     177
     154
     169
     196
     161
     174
     169
     135
     148
     165
     167
     160
     160
     165
     170
     150
     147
     136
     164
     154
     146
     141
     153
     144
     152
     134
     143
     154
     147
     135
     123
     130
     137
     135
     111
     119
     144
     131
     114
     130
     121
     126
     121
     134
     111
     145
     121
     122
     112
     121
     113
     136
     129
     126
     145
     107
     108
     116
     137
     127
     113
     137
     109
     120
     134
     131
     127
     107
     116
     122
     124
     126
     109
     116
     127
     119
     101
     124
     115
     122
     117
     130
     112
     121
     121
     122
     115
     122
     119
     107
     150
     129
     110
     143
     144
     138
     113
     129
     140
     125
     104
     131
     143
     125
     141
     161
     174
     168
     144
     159
     174
     142
     189
     189
     190
     212
     216
     228
     207
     235
     262
     283
     279
     333
     298
     323
     363
     375
     378
     419
     427
     484
     479
     501
     526
     574
     586
     647
     676
     683
     750
     807
     812
     810
     867
     887
     962
     914
     939
    1015
    1103
    1107
    1112
    1144
    1171
    1266
    1204
    1216
    1232
    1306
    1316
    1335
    1392
    1360
    1389
    1360
    1359
    1283
    1339
    1340
    1326
    1296
    1318
    1284
    1249
    1256
    1149
    1177
    1104
    1070
    1069
    1027
     980
     998
     918
     856
     851
     766
     707
     710
     621
     629
     549
     563
     516
     468
     463
     413
     401
     385
     348
     294
     283
     285
     230
     271
     218
     219
     181
     168
     180
     133
     137
     108
     106
     111
     103
      96
      83
      81
      82
      69
      75
      65
      49
      64
      66
      63
      70
      57
      51
      56
      49
      58
      44
      47
      45
      48
      58
      55
      44
      51
      52
      52
      51
      53
      49
      60
      60
      53
      34
      47
      48
      43
      41
      52
      59
      47
      49
      47
      47
      47
      49
      42
      57
      45
      59
      46
      62
      42
      54
      42
      63
      53
      43
      41
      51
      50
      48
      41
      45
      40
      51
      43
      40
      51
      55
      54
      48
      39
      43
      52
      49
      44
      54
      58
      41
      36
      54
      50
      40
      41
      48
      39
      30
      48
      40
      49
      51
      40
      48
      48
      43
      47
      33
      34
      40
      41
      45
      45
      41
      38
      42
      51
      47
      41
      49
      46
      43
      55
      41
      35
      45
      41
      51
      41
      47
      37
      29
      33
      29
      40
      39
      49
      28
      39
      43
      41
      50
      39
      35
      45
      46
      40
      35
      51
      31
      40
      46
      36
      44
      57
      42
      45
      53
      47
      43
      34
      45
      48
      44
      50
      38
      68
      50
      40
      45
      41
      40
      42
      29
      42
      38
      36
      58
      48
      36
      35
      40
      42
      40
      54
      47
      47
      40
      38
      48
      48
      46
      31
      42
      35
      52
      42
      42
      42
      40
      49
      44
      44
      42
      53
      43
      44
      54
      40
      37
      51
      37
      43
      43
      52
      43
      40
      49
      39
      46
      55
      44
      43
      39
      37
      56
      40
      41
      54
      50
      40
      34
      44
      39
      40
      40
      50
      40
      54
      47
      51
      54
      44
      66
      47
      43
      44
      50
      57
      49
      46
      44
      37
      46
      38
      43
      39
      46
      50
      46
      43
      41
      31
      50
      43
      42
      46
      47
      50
      31
      42
      53
      33
      41
      33
      42
      42
      43
      33
      44
      61
      40
      43
      45
      49
      47
      47
      36
      46
      56
      40
      44
      46
      49
      43
      45
      49
      34
      45
      40
      52
      41
      50
      35
      60
      36
      50
      45
      45
      48
      55
      40
      42
      43
      39
      42
      58
      43
      50
      43
      37
      40
      41
      41
      46
      43
      58
      45
      41
      41
      43
      47
      53
      43
      64
      42
      43
      60
      50
      33
       1
       0
       0
       0
       0
       0
       0
       0
       0
       0
       0
       0
       0
       0
       0
       0
       0
       0
       0
       0
       0
       0
       0
       0
       0
       0
       0
       0
       0
       0
       0
       0
       0
       0
       0
       0
       0
       0
       0
       0
       0
       0
       0
       0
       0
       0
       0
       0
       0
       0
       0
       0
       0
       0
       0
       0
       0
       0
       0
       0
       0
       0
       0
       0
       0
       0
       0
       0
$ROI:
2
95 97
514 605
$PRESETS:
Real Time
200
0
$ENER_FIT:
-289.438599 1.280702
$MCA_CAL:
3
-2.894386E+002 1.280702E+000 0.000000E+000
$SHAPE_CAL:
3
0.000000E+000 0.000000E+000 0.000000E+000
