$SPEC_ID:
MEASURE 088.
$SPEC_REM:
DET# 1
DETDESC# MCB 25
AP# Maestro Version 6.05
$DATE_MEA:
04/09/2003 02:44:48
$MEAS_TIM:
196 200
$DATA:
0 1023
       0
       0
       0
       0
       0
       0
       0
       0
       0
       0
       0
       0
       0
       0
       0
       0
       0
       0
       0
       0
       0
       0
       0
       0
       0
       0
       0
       0
       0
       0
       0
       0
       0
       0
       0
       0
       0
       0
       0
       0
       0
       0
       0
       0
     119
     280
     277
     261
     293
     278
     263
     279
     266
     256
     274
     245
     267
     282
     276
     281
     277
     290
     261
     296
     293
     279
     270
     293
     292
     311
     322
     313
     302
     330
     279
     363
     316
     328
     379
     311
     348
     364
     361
     417
     354
     369
     390
     388
     413
     403
     406
     441
     430
     424
     424
     452
     467
     436
     478
     471
     461
     506
     443
     463
     483
     507
     507
     503
     514
     498
     492
     501
     505
     532
     528
     512
     581
     543
     559
     562
     560
     585
     544
     574
     571
     546
     604
     596
     587
     599
     580
     587
     573
     591
     603
     629
     569
     634
     631
     667
     624
     601
     642
     612
     634
     579
     607
     637
     620
     627
     610
     607
     681
     649
     585
     621
     610
     605
     627
     620
     606
     621
     651
     598
     658
     638
     614
     615
     585
     614
     637
     623
     619
     636
     596
     633
     610
     615
     596
     617
     600
     656
     589
     586
     578
     676
     642
     644
     651
     662
     634
     632
     636
     676
     676
     681
     648
     731
     713
     680
     732
     702
     670
     706
     717
     689
     716
     704
     686
     701
     700
     681
     676
     700
     717
     697
     698
     712
     742
     715
     675
     714
     661
     656
     661
     622
     682
     647
     628
     625
     633
     615
     611
     610
     616
     617
     568
     595
     599
     594
     551
     576
     541
     566
     558
     575
     586
     533
     557
     628
     586
     528
     575
     581
     545
     550
     531
     523
     543
     529
     547
     506
     540
     573
     523
     501
     533
     496
     512
     445
     523
     477
     495
     507
     499
     490
     472
     442
     489
     469
     455
     489
     483
     437
     459
     505
     482
     450
     470
     459
     461
     403
     416
     462
     466
     481
     432
     414
     422
     397
     412
     414
     433
     410
     417
     441
     410
     433
     430
     411
     352
     421
     395
     378
     441
     372
     401
     410
     406
     354
     386
     404
     376
     392
     391
     371
     370
     364
     358
     347
     395
     356
     405
     372
     360
     342
     365
     379
     364
     351
     403
     380
     335
     359
     338
     352
     354
     359
     334
     358
     359
     367
     350
     346
     317
     312
     337
     312
     309
     357
     329
     325
     319
     328
     363
     302
     308
     339
     325
     322
     299
     299
     322
     302
     250
     275
     267
     290
     284
     255
     256
     230
     256
     265
     227
     230
     233
     248
     230
     216
     210
     238
     200
     234
     224
     216
     181
     179
     219
     184
     195
     182
     189
     178
     198
     170
     166
     197
     173
     187
     183
     171
     174
     190
     169
     163
     166
     161
     147
     162
     166
     166
     169
     146
     155
     148
     133
     159
     146
     149
     150
     135
     135
     122
     157
     143
     156
     155
     135
     142
     146
     146
     126
     147
     141
     135
     146
     136
     131
     133
     123
     130
     138
     123
     127
     125
     121
     121
     108
     131
     134
     118
     137
     136
     130
     135
     101
     110
     125
     120
     123
     106
     112
     107
     127
     113
     107
     116
     126
     113
     125
     110
     118
     114
     126
     109
     106
     110
     124
      99
     118
     128
     123
      99
     125
     117
     122
     148
     110
     109
     104
     118
     122
     121
     128
     151
     130
     139
     129
     133
     138
     158
     147
     121
     148
     155
     145
     145
     164
     155
     175
     173
     190
     192
     178
     208
     254
     242
     226
     238
     263
     275
     284
     315
     331
     364
     372
     404
     380
     442
     463
     465
     480
     534
     553
     619
     601
     604
     655
     729
     735
     744
     766
     861
     904
     899
     954
    1001
    1032
    1043
    1099
    1104
    1104
    1184
    1228
    1164
    1261
    1261
    1338
    1290
    1359
    1413
    1349
    1373
    1334
    1373
    1312
    1305
    1384
    1343
    1241
    1271
    1191
    1242
    1242
    1235
    1167
    1103
    1069
    1074
     966
     957
     904
     912
     857
     849
     794
     747
     698
     653
     612
     593
     592
     517
     478
     468
     444
     399
     370
     366
     315
     260
     259
     259
     232
     228
     194
     194
     175
     155
     150
     142
     119
     116
     101
      87
      94
      75
      90
      73
      62
      59
      71
      70
      70
      67
      48
      57
      51
      43
      62
      56
      46
      62
      48
      53
      48
      55
      51
      35
      55
      50
      48
      50
      41
      47
      48
      55
      45
      46
      48
      49
      52
      44
      49
      58
      53
      46
      62
      54
      52
      32
      61
      47
      53
      45
      56
      49
      30
      42
      46
      52
      46
      40
      47
      46
      55
      52
      42
      41
      43
      51
      36
      32
      55
      50
      43
      45
      42
      50
      51
      52
      47
      41
      32
      52
      37
      41
      45
      56
      48
      53
      41
      38
      52
      49
      66
      45
      39
      35
      48
      40
      39
      50
      39
      33
      47
      41
      41
      50
      38
      46
      36
      44
      43
      43
      27
      51
      49
      44
      46
      45
      39
      39
      47
      52
      32
      41
      45
      34
      42
      46
      36
      49
      54
      47
      53
      50
      53
      42
      38
      54
      43
      45
      39
      37
      40
      33
      42
      60
      44
      48
      40
      44
      48
      52
      43
      43
      41
      44
      39
      41
      31
      49
      35
      52
      50
      45
      38
      49
      57
      42
      47
      49
      45
      52
      43
      34
      34
      46
      46
      41
      44
      46
      38
      48
      35
      40
      38
      43
      41
      49
      40
      54
      39
      51
      51
      37
      42
      37
      43
      46
      35
      38
      38
      45
      49
      41
      53
      50
      33
      39
      48
      35
      40
      44
      48
      49
      51
      39
      38
      38
      51
      33
      44
      47
      46
      56
      50
      41
      46
      41
      34
      50
      41
      38
      47
      50
      35
      60
      41
      53
      35
      50
      45
      46
      39
      47
      47
      55
      36
      44
      50
      35
      49
      42
      42
      42
      46
      48
      41
      34
      45
      37
      43
      45
      44
      45
      49
      53
      49
      50
      42
      50
      53
      62
      46
      48
      38
      45
      58
      41
      44
      43
      47
      42
      37
      48
      56
      62
      44
      44
      42
      62
      31
      37
      39
      39
      53
      48
      42
      48
      48
      38
      45
      46
      58
      41
      51
      56
      34
      42
      43
      57
      59
      38
      44
      48
      56
      44
      40
      50
      39
      36
      40
      41
      50
      38
      45
      52
      41
      49
      52
      47
      46
      49
       0
       0
       0
       0
       0
       0
       0
       0
       0
       0
       0
       0
       0
       0
       0
       0
       0
       0
       0
       0
       0
       0
       0
       0
       0
       0
       0
       0
       0
       0
       0
       0
       0
       0
       0
       0
       0
       0
       0
       0
       0
       0
       0
       0
       0
       0
       0
       0
       0
       0
       0
       0
       0
       0
       0
       0
       0
       0
       0
       0
       0
       0
       0
       0
       0
       0
       0
       0
$ROI:
2
95 97
514 605
$PRESETS:
Real Time
200
0
$ENER_FIT:
-289.438599 1.280702
$MCA_CAL:
3
-2.894386E+002 1.280702E+000 0.000000E+000
$SHAPE_CAL:
3
0.000000E+000 0.000000E+000 0.000000E+000
