$SPEC_ID:
MEASURE 919.
$SPEC_REM:
DET# 1
DETDESC# MCB 25
AP# Maestro Version 6.05
$DATE_MEA:
04/08/2003 12:39:48
$MEAS_TIM:
196 200
$DATA:
0 1023
       0
       0
       0
       0
       0
       0
       0
       0
       0
       0
       0
       0
       0
       0
       0
       0
       0
       0
       0
       0
       0
       0
       0
       0
       0
       0
       0
       0
       0
       0
       0
       0
       0
       0
       0
       0
       0
       0
       0
       0
       0
       0
       0
       0
     126
     241
     299
     261
     292
     269
     258
     247
     269
     266
     280
     267
     256
     324
     268
     263
     260
     302
     281
     292
     297
     312
     279
     309
     286
     325
     296
     312
     338
     313
     312
     365
     338
     335
     320
     391
     334
     337
     366
     348
     358
     377
     373
     410
     416
     393
     405
     406
     414
     431
     454
     428
     439
     467
     444
     461
     451
     458
     453
     452
     464
     510
     503
     477
     524
     505
     523
     507
     532
     534
     475
     522
     543
     543
     528
     528
     533
     565
     587
     575
     565
     575
     586
     578
     549
     572
     541
     564
     602
     596
     614
     597
     614
     586
     601
     607
     615
     655
     636
     595
     629
     654
     575
     602
     655
     606
     642
     615
     611
     617
     654
     617
     624
     607
     614
     649
     651
     594
     613
     691
     602
     634
     582
     580
     610
     615
     639
     629
     620
     614
     616
     618
     598
     634
     636
     654
     603
     631
     645
     660
     629
     585
     643
     593
     653
     652
     636
     635
     666
     676
     634
     712
     670
     672
     664
     700
     750
     671
     686
     711
     658
     714
     762
     701
     750
     697
     705
     744
     702
     766
     710
     764
     745
     706
     709
     654
     688
     678
     677
     676
     626
     677
     680
     623
     640
     662
     597
     603
     656
     556
     599
     573
     635
     601
     570
     555
     578
     617
     616
     602
     566
     554
     555
     570
     599
     580
     581
     582
     559
     545
     577
     552
     546
     538
     505
     551
     552
     537
     573
     519
     534
     552
     522
     536
     515
     467
     484
     519
     478
     498
     517
     499
     483
     484
     536
     452
     494
     460
     442
     487
     483
     449
     457
     474
     442
     448
     450
     442
     462
     436
     433
     441
     409
     457
     410
     412
     433
     395
     421
     411
     388
     434
     423
     428
     427
     376
     388
     391
     415
     400
     393
     457
     383
     416
     364
     408
     400
     378
     393
     395
     389
     391
     381
     392
     381
     378
     381
     381
     399
     359
     363
     346
     349
     357
     342
     398
     350
     350
     375
     391
     343
     336
     355
     351
     355
     354
     382
     334
     355
     355
     367
     326
     300
     330
     339
     340
     321
     328
     306
     312
     329
     313
     337
     321
     329
     277
     285
     269
     279
     268
     280
     246
     304
     294
     252
     260
     246
     259
     224
     256
     248
     245
     229
     230
     224
     224
     223
     214
     239
     232
     211
     235
     191
     223
     204
     192
     198
     169
     189
     177
     183
     182
     190
     166
     176
     172
     174
     135
     151
     171
     193
     158
     161
     181
     162
     155
     166
     158
     156
     163
     154
     153
     131
     152
     137
     138
     135
     133
     162
     136
     135
     132
     155
     120
     137
     133
     167
     135
     130
     150
     125
     142
     147
     121
     134
     139
     112
     141
     120
     107
     112
     108
     128
     121
     112
     116
     119
     122
     110
     123
     132
     122
     123
     105
     139
     114
     112
     106
     128
     126
     111
     145
     111
     113
     120
     119
     112
     118
     126
     125
     120
     115
     119
     111
     125
     107
     107
     132
     108
     108
     138
     130
     114
     117
     136
     117
     132
     112
     115
     142
     132
     117
     138
     138
     152
     135
     140
     149
     147
     132
     164
     159
     135
     173
     170
     175
     167
     185
     190
     181
     213
     212
     210
     207
     231
     276
     271
     307
     322
     300
     331
     360
     350
     384
     413
     465
     449
     467
     506
     486
     593
     552
     665
     630
     643
     755
     802
     781
     837
     870
     837
     910
    1017
     964
    1024
    1067
    1091
    1057
    1170
    1140
    1259
    1252
    1217
    1280
    1274
    1325
    1309
    1368
    1266
    1354
    1342
    1344
    1372
    1347
    1320
    1293
    1248
    1260
    1302
    1225
    1168
    1112
    1168
    1150
    1057
    1028
    1006
    1015
     914
     863
     912
     827
     736
     780
     689
     673
     630
     632
     517
     475
     514
     433
     413
     392
     362
     351
     294
     303
     306
     225
     214
     190
     220
     195
     190
     173
     146
     136
     142
     109
      96
      93
      87
      78
      78
      70
      65
      61
      51
      60
      64
      48
      58
      61
      62
      60
      61
      50
      42
      67
      43
      53
      48
      56
      57
      54
      46
      40
      45
      51
      56
      40
      54
      44
      55
      39
      51
      55
      61
      50
      38
      49
      50
      60
      60
      54
      48
      41
      42
      34
      48
      53
      47
      55
      42
      55
      58
      66
      52
      33
      40
      47
      43
      34
      52
      43
      49
      44
      35
      46
      50
      50
      54
      49
      49
      53
      46
      57
      61
      41
      59
      48
      50
      43
      45
      39
      37
      40
      46
      56
      50
      53
      68
      31
      43
      56
      40
      41
      51
      34
      48
      54
      44
      55
      43
      49
      47
      42
      42
      40
      54
      43
      42
      38
      41
      39
      42
      47
      37
      41
      48
      47
      35
      47
      48
      33
      32
      53
      49
      48
      44
      38
      47
      46
      45
      46
      44
      35
      43
      33
      43
      43
      35
      51
      44
      40
      47
      47
      50
      55
      57
      31
      38
      41
      47
      35
      39
      37
      31
      40
      54
      34
      38
      37
      44
      48
      39
      43
      46
      56
      46
      40
      37
      41
      43
      31
      52
      45
      49
      36
      41
      38
      42
      32
      57
      44
      51
      50
      43
      48
      40
      38
      28
      48
      35
      60
      50
      43
      42
      62
      36
      47
      45
      46
      35
      50
      39
      40
      39
      51
      55
      47
      48
      48
      47
      55
      48
      42
      46
      35
      42
      50
      47
      45
      44
      54
      51
      49
      41
      46
      58
      48
      54
      47
      43
      41
      50
      49
      61
      56
      41
      33
      41
      45
      50
      32
      45
      45
      46
      50
      38
      37
      45
      41
      39
      44
      46
      51
      51
      50
      45
      39
      50
      46
      38
      45
      42
      44
      62
      34
      45
      39
      43
      43
      51
      39
      50
      45
      46
      50
      47
      54
      49
      45
      48
      35
      60
      53
      49
      46
      45
      50
      38
      43
      43
      55
      43
      58
      54
      43
      41
      36
      48
      59
      48
      49
      56
      44
      46
      50
      54
      54
      53
      36
      50
      43
      51
      41
      54
      51
      54
      37
      46
      40
      44
      56
      43
      36
      42
      40
      48
      31
       2
       0
       0
       0
       0
       0
       0
       0
       0
       0
       0
       0
       0
       0
       0
       0
       0
       0
       0
       0
       0
       0
       0
       0
       0
       0
       0
       0
       0
       0
       0
       0
       0
       0
       0
       0
       0
       0
       0
       0
       0
       0
       0
       0
       0
       0
       0
       0
       0
       0
       0
       0
       0
       0
       0
       0
       0
       0
       0
       0
       0
       0
       0
       0
       0
       0
       0
       0
$ROI:
2
95 97
514 605
$PRESETS:
Real Time
200
0
$ENER_FIT:
-289.438599 1.280702
$MCA_CAL:
3
-2.894386E+002 1.280702E+000 0.000000E+000
$SHAPE_CAL:
3
0.000000E+000 0.000000E+000 0.000000E+000
