$SPEC_ID:
MEASURE 186.
$SPEC_REM:
DET# 1
DETDESC# MCB 25
AP# Maestro Version 6.05
$DATE_MEA:
04/09/2003 10:54:48
$MEAS_TIM:
196 200
$DATA:
0 1023
       0
       0
       0
       0
       0
       0
       0
       0
       0
       0
       0
       0
       0
       0
       0
       0
       0
       0
       0
       0
       0
       0
       0
       0
       0
       0
       0
       0
       0
       0
       0
       0
       0
       0
       0
       0
       0
       0
       0
       0
       0
       0
       0
       0
      77
     273
     276
     284
     277
     274
     272
     245
     271
     281
     271
     270
     287
     288
     278
     278
     280
     301
     280
     290
     292
     319
     284
     308
     318
     288
     337
     340
     324
     313
     351
     334
     323
     315
     351
     346
     333
     329
     383
     339
     383
     394
     355
     366
     412
     393
     414
     388
     409
     436
     426
     443
     450
     448
     419
     416
     482
     479
     482
     494
     499
     434
     461
     536
     517
     536
     516
     481
     533
     531
     514
     538
     559
     544
     506
     553
     540
     561
     562
     551
     603
     558
     567
     617
     589
     575
     603
     580
     554
     570
     593
     592
     564
     575
     572
     610
     578
     622
     589
     569
     577
     564
     632
     628
     601
     603
     607
     617
     645
     600
     632
     657
     616
     623
     593
     600
     626
     666
     645
     600
     606
     596
     609
     632
     599
     633
     560
     583
     611
     611
     655
     675
     625
     595
     609
     585
     613
     595
     613
     558
     576
     610
     641
     647
     604
     634
     628
     662
     665
     642
     614
     652
     657
     631
     711
     672
     673
     701
     673
     698
     725
     689
     698
     711
     688
     694
     711
     680
     740
     707
     694
     706
     714
     669
     678
     711
     647
     708
     668
     595
     628
     677
     665
     655
     629
     636
     652
     656
     616
     589
     568
     602
     622
     589
     627
     625
     560
     582
     636
     590
     602
     562
     535
     591
     553
     545
     533
     525
     557
     585
     555
     576
     566
     509
     552
     548
     545
     485
     489
     516
     515
     471
     518
     494
     562
     547
     501
     502
     510
     487
     474
     480
     489
     458
     498
     432
     459
     483
     460
     476
     432
     492
     411
     448
     494
     450
     433
     473
     431
     438
     440
     382
     395
     395
     417
     435
     444
     419
     457
     411
     424
     427
     392
     424
     447
     404
     414
     388
     388
     380
     375
     419
     403
     403
     384
     414
     353
     391
     359
     392
     415
     390
     353
     396
     394
     363
     400
     372
     367
     349
     367
     350
     397
     384
     347
     344
     377
     344
     355
     380
     358
     385
     355
     358
     370
     387
     360
     364
     351
     353
     350
     361
     331
     309
     368
     341
     348
     330
     338
     307
     320
     338
     326
     342
     277
     324
     301
     286
     285
     285
     293
     296
     290
     285
     285
     278
     266
     298
     268
     253
     282
     212
     257
     237
     237
     233
     240
     208
     220
     220
     200
     219
     243
     223
     228
     199
     184
     202
     173
     193
     188
     197
     174
     169
     182
     186
     168
     186
     181
     165
     185
     167
     155
     152
     162
     159
     140
     151
     177
     195
     179
     186
     132
     136
     135
     144
     144
     152
     148
     142
     138
     142
     137
     153
     129
     154
     130
     137
     140
      95
     152
     135
     131
     115
     116
     127
     123
     120
     126
     149
     111
     146
     112
     127
     128
     123
     129
     122
     121
     102
     125
     108
     117
     116
     137
     118
     120
     128
     115
     137
     108
     109
     121
     119
     129
     139
      91
      98
     115
     102
     111
     138
     124
     117
     123
     131
     108
     103
     118
     134
     119
     110
     131
     115
     101
     100
     134
     118
     131
     102
     118
     129
     112
     110
     138
     133
     143
     120
     142
     121
     149
     130
     155
     168
     147
     146
     137
     144
     171
     185
     176
     188
     196
     203
     242
     220
     206
     253
     246
     273
     287
     325
     343
     334
     361
     374
     403
     440
     445
     422
     483
     473
     581
     563
     650
     663
     644
     702
     685
     730
     766
     802
     851
     834
     918
     981
     955
    1041
    1050
    1062
    1084
    1143
    1267
    1221
    1189
    1279
    1290
    1234
    1286
    1384
    1297
    1225
    1335
    1308
    1363
    1387
    1329
    1270
    1293
    1306
    1262
    1263
    1198
    1123
    1132
    1135
    1125
    1126
     979
     982
     953
     984
     902
     800
     790
     784
     722
     698
     659
     592
     579
     523
     486
     464
     469
     417
     394
     349
     341
     299
     277
     253
     265
     215
     212
     188
     134
     164
     138
     124
     143
     112
     107
      96
      91
      88
      76
      72
      85
      68
      74
      68
      52
      58
      57
      57
      59
      45
      52
      51
      51
      57
      36
      48
      46
      50
      49
      53
      49
      53
      53
      51
      53
      56
      48
      59
      36
      46
      47
      35
      46
      64
      56
      58
      43
      54
      41
      39
      55
      49
      53
      48
      53
      49
      56
      42
      34
      56
      39
      48
      51
      40
      43
      47
      42
      52
      44
      47
      51
      50
      51
      40
      45
      43
      44
      47
      45
      54
      41
      47
      42
      53
      48
      34
      35
      59
      45
      50
      47
      41
      38
      55
      54
      35
      50
      51
      42
      42
      39
      40
      38
      32
      44
      44
      48
      42
      48
      44
      39
      32
      39
      38
      43
      44
      53
      43
      40
      52
      31
      43
      38
      29
      41
      56
      57
      41
      39
      27
      48
      47
      33
      59
      41
      38
      38
      45
      42
      38
      34
      47
      35
      46
      34
      45
      47
      55
      38
      42
      53
      33
      38
      51
      48
      38
      38
      46
      41
      41
      29
      37
      44
      38
      44
      36
      44
      42
      51
      42
      37
      41
      40
      37
      42
      40
      41
      31
      35
      45
      36
      36
      32
      39
      38
      37
      40
      49
      37
      55
      51
      44
      37
      36
      46
      43
      58
      39
      42
      42
      58
      33
      42
      43
      39
      44
      46
      42
      44
      50
      54
      44
      38
      41
      38
      46
      28
      40
      37
      55
      30
      50
      38
      38
      32
      43
      54
      52
      46
      56
      39
      40
      43
      38
      41
      39
      45
      52
      36
      61
      50
      44
      43
      41
      44
      34
      47
      38
      45
      62
      45
      43
      42
      40
      39
      35
      47
      53
      42
      43
      56
      43
      51
      38
      57
      55
      42
      44
      48
      51
      39
      41
      51
      39
      53
      46
      39
      54
      37
      46
      41
      51
      35
      48
      49
      42
      41
      48
      50
      51
      46
      31
      37
      46
      44
      45
      45
      56
      44
      46
      48
      49
      44
      54
      51
      42
      57
      56
      47
      41
      55
      37
      39
      58
      35
      42
      44
      41
      46
      44
      36
      53
      48
      44
      37
      51
      48
      48
      45
      44
      55
      48
      42
      45
      46
       2
       0
       0
       0
       0
       0
       0
       0
       0
       0
       0
       0
       0
       0
       0
       0
       0
       0
       0
       0
       0
       0
       0
       0
       0
       0
       0
       0
       0
       0
       0
       0
       0
       0
       0
       0
       0
       0
       0
       0
       0
       0
       0
       0
       0
       0
       0
       0
       0
       0
       0
       0
       0
       0
       0
       0
       0
       0
       0
       0
       0
       0
       0
       0
       0
       0
       0
$ROI:
2
95 97
514 605
$PRESETS:
Real Time
200
0
$ENER_FIT:
-289.438599 1.280702
$MCA_CAL:
3
-2.894386E+002 1.280702E+000 0.000000E+000
$SHAPE_CAL:
3
0.000000E+000 0.000000E+000 0.000000E+000
