$SPEC_ID:
MEASURE 438.
$SPEC_REM:
DET# 1
DETDESC# MCB 25
AP# Maestro Version 6.05
$DATE_MEA:
04/06/2003 20:34:48
$MEAS_TIM:
196 200
$DATA:
0 1023
       0
       0
       0
       0
       0
       0
       0
       0
       0
       0
       0
       0
       0
       0
       0
       0
       0
       0
       0
       0
       0
       0
       0
       0
       0
       0
       0
       0
       0
       0
       0
       0
       0
       0
       0
       0
       0
       0
       0
       0
       0
       0
       0
       0
     104
     242
     263
     251
     272
     284
     283
     258
     284
     270
     264
     266
     275
     290
     305
     306
     255
     291
     312
     305
     276
     288
     280
     283
     308
     285
     322
     304
     309
     325
     346
     315
     331
     363
     351
     341
     373
     368
     351
     340
     418
     377
     375
     403
     395
     384
     450
     410
     425
     414
     418
     478
     446
     447
     434
     468
     463
     523
     437
     497
     475
     480
     532
     500
     505
     502
     536
     532
     542
     534
     589
     544
     561
     508
     532
     530
     532
     559
     558
     582
     565
     583
     562
     564
     591
     583
     595
     556
     582
     607
     568
     618
     621
     608
     603
     592
     682
     605
     621
     648
     657
     625
     630
     621
     610
     650
     575
     569
     663
     621
     641
     621
     594
     573
     614
     639
     584
     582
     642
     643
     625
     647
     629
     642
     582
     618
     587
     679
     587
     655
     657
     637
     630
     601
     653
     645
     649
     652
     602
     669
     669
     644
     626
     642
     645
     634
     690
     676
     594
     637
     659
     644
     640
     666
     688
     666
     688
     661
     717
     725
     723
     757
     715
     722
     682
     719
     689
     711
     693
     737
     703
     711
     693
     686
     694
     701
     638
     708
     671
     656
     686
     654
     601
     656
     610
     580
     662
     610
     606
     612
     584
     640
     632
     595
     576
     598
     609
     613
     581
     583
     578
     575
     565
     574
     578
     569
     511
     498
     558
     545
     534
     559
     558
     507
     566
     490
     510
     528
     521
     587
     500
     521
     526
     525
     542
     515
     527
     498
     493
     477
     483
     496
     483
     491
     492
     461
     470
     485
     471
     467
     470
     459
     476
     416
     432
     471
     407
     470
     397
     421
     393
     430
     468
     426
     426
     435
     393
     382
     393
     433
     413
     430
     376
     396
     421
     434
     428
     372
     399
     394
     407
     425
     412
     364
     427
     346
     341
     409
     393
     397
     374
     360
     395
     390
     384
     417
     344
     398
     363
     401
     399
     337
     348
     357
     388
     365
     347
     352
     379
     377
     382
     360
     371
     332
     363
     374
     310
     368
     368
     341
     349
     351
     341
     381
     294
     335
     330
     321
     337
     319
     293
     309
     294
     292
     282
     272
     302
     304
     289
     288
     278
     255
     266
     283
     259
     254
     251
     272
     233
     255
     228
     244
     241
     234
     234
     210
     230
     251
     204
     210
     194
     192
     211
     208
     165
     231
     204
     216
     195
     181
     180
     172
     159
     173
     178
     194
     172
     165
     163
     156
     176
     149
     144
     154
     145
     161
     145
     168
     156
     132
     162
     139
     154
     162
     158
     166
     156
     142
     150
     144
     147
     118
     121
     119
     142
     136
     145
     129
     129
     110
     124
     131
     141
     132
     103
     128
     142
     128
     140
     133
     118
     112
     128
     115
     117
     132
     135
     110
     124
     132
     122
     132
     127
     110
     125
     110
      93
     110
     118
     106
     131
     117
     114
     103
     115
      99
     125
     123
     132
     109
     123
     117
     122
     115
     122
     119
     117
     115
     117
     138
     104
     130
     114
     126
     118
     129
     119
     119
     124
     121
     107
     145
     112
     153
     147
     128
     140
     146
     126
     138
     147
     136
     184
     153
     157
     170
     184
     183
     190
     180
     192
     224
     239
     249
     252
     246
     272
     314
     331
     297
     325
     369
     381
     377
     406
     439
     468
     482
     508
     530
     593
     604
     648
     659
     707
     778
     786
     812
     883
     871
     994
     990
    1010
    1041
    1039
    1070
    1121
    1090
    1204
    1248
    1215
    1241
    1259
    1302
    1304
    1316
    1289
    1367
    1279
    1362
    1336
    1316
    1339
    1367
    1364
    1311
    1224
    1272
    1295
    1187
    1135
    1136
    1093
    1118
    1071
     997
     967
     899
     877
     867
     901
     782
     762
     730
     702
     592
     597
     524
     548
     502
     500
     449
     388
     356
     314
     342
     306
     271
     262
     229
     203
     193
     178
     180
     162
     134
     122
     116
     105
     109
     100
      92
      90
      82
      66
      59
      65
      66
      59
      56
      52
      49
      47
      53
      55
      62
      53
      47
      39
      43
      58
      39
      51
      41
      46
      42
      45
      61
      36
      49
      42
      36
      54
      48
      50
      57
      45
      49
      53
      43
      63
      37
      50
      62
      55
      48
      46
      47
      59
      42
      47
      47
      46
      37
      50
      52
      50
      42
      43
      46
      43
      56
      41
      43
      46
      40
      40
      34
      56
      62
      44
      55
      39
      41
      43
      47
      58
      46
      51
      45
      51
      53
      47
      52
      48
      44
      47
      46
      36
      45
      42
      40
      44
      42
      32
      36
      36
      48
      47
      39
      38
      45
      43
      29
      55
      44
      44
      38
      44
      40
      43
      41
      54
      45
      42
      56
      39
      35
      44
      48
      45
      48
      46
      43
      35
      36
      47
      48
      48
      40
      46
      44
      46
      48
      52
      50
      51
      44
      38
      51
      34
      50
      31
      45
      47
      33
      43
      50
      53
      34
      50
      50
      35
      43
      43
      50
      49
      50
      37
      41
      36
      42
      56
      38
      52
      50
      37
      48
      44
      33
      43
      42
      40
      50
      69
      42
      44
      35
      39
      32
      44
      52
      49
      36
      43
      38
      43
      46
      50
      39
      51
      43
      39
      48
      50
      53
      43
      44
      46
      52
      48
      41
      42
      46
      47
      41
      44
      54
      50
      43
      60
      34
      45
      47
      50
      48
      41
      43
      34
      51
      44
      41
      39
      44
      46
      39
      32
      37
      54
      43
      48
      42
      41
      59
      50
      41
      51
      46
      59
      43
      49
      53
      46
      42
      41
      40
      43
      41
      47
      54
      40
      41
      37
      45
      31
      55
      51
      37
      43
      46
      35
      35
      34
      40
      43
      49
      43
      43
      41
      42
      53
      40
      48
      42
      41
      36
      44
      38
      40
      34
      53
      41
      33
      39
      44
      45
      34
      46
      49
      49
      46
      58
      42
      35
      40
      32
      35
      49
      38
      28
      49
      42
      52
      43
      48
      44
      50
      43
      51
      48
      47
      41
      47
      53
      46
      44
      50
      55
      46
      48
      32
      47
      68
      40
      43
      52
      52
      56
      55
      50
      51
      35
       0
       0
       0
       0
       0
       0
       0
       0
       0
       0
       0
       0
       0
       0
       0
       0
       0
       0
       0
       0
       0
       0
       0
       0
       0
       0
       0
       0
       0
       0
       0
       0
       0
       0
       0
       0
       0
       0
       0
       0
       0
       0
       0
       0
       0
       0
       0
       0
       0
       0
       0
       0
       0
       0
       0
       0
       0
       0
       0
       0
       0
       0
       0
       0
       0
       0
       0
       0
$ROI:
2
95 97
514 605
$PRESETS:
Real Time
200
0
$ENER_FIT:
-289.438599 1.280702
$MCA_CAL:
3
-2.894386E+002 1.280702E+000 0.000000E+000
$SHAPE_CAL:
3
0.000000E+000 0.000000E+000 0.000000E+000
