$SPEC_ID:
MEASURE 890.
$SPEC_REM:
DET# 1
DETDESC# MCB 25
AP# Maestro Version 6.05
$DATE_MEA:
04/08/2003 10:14:48
$MEAS_TIM:
196 200
$DATA:
0 1023
       0
       0
       0
       0
       0
       0
       0
       0
       0
       0
       0
       0
       0
       0
       0
       0
       0
       0
       0
       0
       0
       0
       0
       0
       0
       0
       0
       0
       0
       0
       0
       0
       0
       0
       0
       0
       0
       0
       0
       0
       0
       0
       0
       0
     132
     284
     305
     288
     256
     245
     312
     291
     289
     281
     265
     277
     286
     300
     259
     291
     245
     281
     313
     298
     284
     287
     304
     287
     309
     308
     312
     324
     321
     319
     339
     320
     345
     342
     335
     352
     366
     350
     337
     377
     388
     385
     422
     375
     403
     346
     411
     383
     446
     451
     433
     456
     433
     434
     481
     437
     491
     457
     489
     455
     489
     492
     513
     516
     513
     508
     518
     523
     529
     516
     500
     541
     520
     544
     520
     518
     531
     526
     583
     573
     574
     560
     559
     602
     535
     566
     574
     589
     629
     587
     621
     608
     612
     615
     639
     568
     599
     623
     607
     600
     597
     611
     635
     624
     586
     579
     649
     635
     643
     659
     625
     635
     633
     575
     620
     632
     604
     626
     589
     634
     606
     614
     589
     623
     613
     604
     614
     584
     658
     612
     612
     600
     599
     608
     618
     655
     614
     618
     642
     629
     644
     645
     587
     692
     678
     617
     654
     665
     672
     659
     672
     656
     676
     680
     736
     678
     678
     692
     727
     728
     718
     693
     748
     739
     744
     716
     701
     702
     654
     745
     676
     737
     683
     686
     729
     672
     681
     702
     650
     645
     669
     632
     647
     636
     603
     655
     648
     634
     610
     596
     631
     614
     589
     582
     624
     559
     542
     517
     600
     602
     587
     590
     600
     567
     533
     568
     594
     517
     542
     582
     568
     516
     521
     508
     557
     516
     548
     485
     506
     549
     429
     554
     511
     508
     465
     544
     499
     474
     510
     490
     509
     506
     471
     479
     471
     493
     488
     454
     478
     510
     450
     470
     486
     450
     424
     428
     488
     475
     433
     444
     433
     405
     397
     399
     394
     418
     405
     420
     399
     446
     407
     426
     391
     404
     381
     393
     433
     392
     389
     386
     392
     405
     403
     438
     405
     398
     437
     386
     366
     394
     418
     374
     405
     369
     364
     352
     360
     380
     366
     388
     355
     385
     358
     371
     384
     360
     356
     368
     362
     362
     354
     344
     363
     342
     321
     345
     354
     352
     381
     362
     326
     330
     329
     335
     315
     322
     338
     308
     317
     350
     363
     305
     318
     299
     299
     300
     303
     320
     307
     298
     282
     285
     285
     253
     257
     287
     241
     223
     277
     227
     273
     235
     240
     250
     241
     236
     222
     203
     210
     199
     226
     198
     205
     205
     216
     190
     185
     203
     166
     204
     188
     189
     175
     169
     173
     169
     168
     173
     199
     148
     184
     180
     197
     152
     168
     173
     164
     149
     155
     162
     159
     153
     179
     125
     145
     144
     125
     151
     136
     136
     166
     114
     139
     122
     150
     146
     137
     132
     128
     147
     126
     105
     111
     136
     129
     123
     156
     135
     141
     137
     136
     132
     120
     107
     130
     118
     133
     130
     107
     113
     144
     140
     114
     122
     110
     119
     144
     131
     116
     124
     120
     115
     125
     107
     126
     117
     124
     105
     131
     115
     106
      99
     124
     119
     131
     127
     129
     120
     112
     127
     112
     105
     131
     109
     139
     134
     136
     106
     128
     142
     117
     114
     131
     150
     139
     129
     122
     131
     136
     133
     131
     132
     148
     153
     175
     160
     180
     185
     193
     172
     197
     209
     242
     232
     239
     262
     289
     299
     295
     296
     353
     347
     402
     404
     416
     410
     466
     499
     528
     571
     593
     612
     611
     629
     702
     739
     769
     799
     821
     880
     891
     941
     965
    1011
     973
    1069
    1070
    1102
    1165
    1158
    1155
    1291
    1298
    1347
    1279
    1296
    1345
    1373
    1349
    1300
    1351
    1348
    1273
    1290
    1337
    1304
    1248
    1277
    1255
    1206
    1211
    1188
    1089
    1130
    1049
    1060
    1013
     981
     925
     872
     880
     839
     873
     758
     724
     651
     639
     591
     535
     519
     469
     425
     411
     378
     370
     318
     316
     290
     255
     247
     212
     216
     196
     174
     169
     140
     141
     109
     104
     103
     100
     100
      89
      84
      74
      73
      82
      84
      67
      66
      53
      66
      58
      61
      45
      68
      54
      43
      53
      55
      49
      47
      39
      56
      52
      51
      66
      52
      58
      54
      54
      42
      57
      54
      43
      51
      46
      48
      39
      67
      58
      55
      44
      40
      46
      48
      47
      54
      69
      42
      44
      44
      54
      56
      48
      54
      52
      46
      44
      57
      48
      42
      53
      46
      39
      59
      36
      43
      53
      40
      47
      61
      39
      38
      45
      43
      52
      56
      55
      47
      40
      44
      44
      51
      45
      32
      47
      59
      57
      43
      43
      44
      54
      47
      52
      50
      43
      51
      41
      34
      46
      53
      40
      47
      41
      43
      40
      48
      32
      43
      45
      56
      64
      49
      48
      43
      54
      57
      46
      38
      38
      47
      43
      42
      41
      53
      42
      43
      51
      46
      45
      55
      41
      32
      38
      33
      47
      47
      39
      34
      38
      44
      51
      40
      50
      41
      46
      41
      37
      41
      39
      48
      50
      62
      41
      44
      45
      32
      39
      41
      34
      48
      43
      48
      51
      38
      45
      57
      50
      37
      38
      42
      44
      48
      36
      42
      40
      44
      35
      31
      40
      50
      38
      34
      42
      54
      45
      40
      49
      46
      54
      41
      30
      54
      39
      47
      37
      48
      37
      36
      35
      41
      49
      55
      59
      55
      43
      41
      41
      41
      38
      22
      34
      33
      51
      50
      54
      50
      55
      42
      49
      34
      44
      48
      43
      40
      61
      62
      50
      43
      45
      53
      36
      38
      49
      41
      53
      58
      41
      56
      44
      42
      37
      58
      41
      47
      48
      35
      44
      48
      49
      41
      50
      45
      37
      46
      50
      42
      41
      47
      55
      49
      57
      43
      52
      44
      54
      49
      27
      53
      58
      44
      45
      35
      51
      53
      39
      40
      42
      56
      44
      53
      42
      41
      48
      36
      36
      34
      36
      34
      45
      31
      65
      42
      38
      52
      42
      39
      51
      45
      37
      36
      50
      36
      51
      43
      41
      38
      35
      49
      49
      40
      44
      53
      51
      47
      39
      45
      50
      41
      47
      45
      42
      51
      47
      55
      46
      46
      49
      47
      54
      33
       2
       0
       0
       0
       0
       0
       0
       0
       0
       0
       0
       0
       0
       0
       0
       0
       0
       0
       0
       0
       0
       0
       0
       0
       0
       0
       0
       0
       0
       0
       0
       0
       0
       0
       0
       0
       0
       0
       0
       0
       0
       0
       0
       0
       0
       0
       0
       0
       0
       0
       0
       0
       0
       0
       0
       0
       0
       0
       0
       0
       0
       0
       0
       0
       0
       0
       0
       0
$ROI:
2
95 97
514 605
$PRESETS:
Real Time
200
0
$ENER_FIT:
-289.438599 1.280702
$MCA_CAL:
3
-2.894386E+002 1.280702E+000 0.000000E+000
$SHAPE_CAL:
3
0.000000E+000 0.000000E+000 0.000000E+000
