$SPEC_ID:
MEASURE 300.
$SPEC_REM:
DET# 1
DETDESC# MCB 25
AP# Maestro Version 6.05
$DATE_MEA:
04/09/2003 20:24:48
$MEAS_TIM:
196 200
$DATA:
0 1023
       0
       0
       0
       0
       0
       0
       0
       0
       0
       0
       0
       0
       0
       0
       0
       0
       0
       0
       0
       0
       0
       0
       0
       0
       0
       0
       0
       0
       0
       0
       0
       0
       0
       0
       0
       0
       0
       0
       0
       0
       0
       0
       0
       0
     101
     269
     265
     263
     282
     268
     249
     303
     242
     278
     246
     265
     288
     259
     279
     269
     282
     268
     265
     263
     292
     288
     294
     266
     315
     338
     325
     315
     298
     321
     311
     345
     301
     323
     345
     320
     368
     325
     355
     399
     374
     362
     365
     381
     416
     384
     433
     415
     422
     439
     377
     422
     436
     466
     444
     439
     478
     469
     459
     462
     480
     457
     490
     492
     501
     500
     518
     541
     502
     497
     559
     508
     518
     537
     539
     486
     537
     501
     567
     574
     593
     557
     564
     566
     598
     583
     615
     512
     587
     601
     532
     621
     580
     571
     598
     581
     546
     616
     642
     648
     603
     655
     598
     630
     625
     610
     638
     588
     624
     637
     639
     598
     621
     635
     643
     598
     634
     665
     594
     635
     637
     604
     622
     636
     642
     641
     624
     600
     621
     640
     581
     639
     608
     608
     636
     645
     581
     595
     580
     640
     650
     650
     618
     632
     613
     654
     674
     639
     631
     639
     653
     680
     630
     620
     591
     694
     672
     677
     746
     756
     711
     684
     730
     704
     714
     660
     700
     707
     713
     707
     708
     690
     685
     682
     659
     695
     683
     678
     642
     665
     673
     653
     636
     685
     634
     644
     608
     646
     618
     653
     621
     618
     558
     611
     613
     569
     582
     557
     577
     573
     561
     528
     558
     596
     581
     533
     549
     558
     568
     576
     547
     540
     521
     568
     505
     588
     500
     517
     510
     543
     544
     519
     565
     519
     519
     499
     482
     466
     485
     471
     507
     465
     504
     521
     494
     493
     518
     472
     484
     460
     449
     453
     459
     463
     466
     447
     430
     473
     399
     445
     401
     426
     427
     443
     421
     438
     427
     423
     417
     420
     409
     431
     418
     402
     420
     425
     366
     412
     417
     413
     407
     394
     380
     396
     383
     383
     392
     406
     393
     406
     394
     332
     371
     375
     353
     384
     361
     372
     370
     359
     376
     362
     358
     361
     370
     352
     400
     354
     334
     363
     352
     339
     355
     366
     343
     343
     345
     387
     357
     337
     346
     328
     347
     341
     325
     338
     328
     322
     328
     308
     314
     359
     309
     298
     307
     313
     288
     309
     312
     260
     312
     331
     281
     278
     271
     283
     279
     258
     288
     248
     247
     298
     236
     237
     218
     243
     232
     211
     225
     242
     210
     235
     205
     207
     204
     225
     218
     215
     191
     196
     205
     191
     172
     165
     180
     173
     170
     185
     170
     186
     171
     163
     169
     176
     171
     186
     177
     168
     165
     148
     151
     169
     154
     135
     145
     154
     155
     137
     157
     158
     129
     172
     131
     183
     145
     140
     152
     141
     130
     143
     143
     126
     123
     127
     132
     125
     152
     131
     143
     154
     124
     134
     138
     116
     131
     124
     134
     121
     117
     128
     154
     113
     133
     127
     130
     132
     110
     115
     117
     116
     106
     129
     112
     110
     119
     105
     113
     128
     130
     113
     116
     106
     121
     119
     113
     125
     122
     129
     110
     119
     106
      98
     140
     111
     126
     133
     136
     129
      97
     132
      94
     122
      92
     144
     121
     123
     120
     119
     127
     125
     147
     126
     159
     140
     141
     129
     149
     156
     167
     148
     181
     143
     169
     167
     197
     208
     201
     233
     222
     272
     249
     268
     274
     320
     314
     322
     339
     368
     366
     392
     389
     496
     473
     499
     533
     562
     610
     594
     636
     695
     712
     807
     772
     816
     846
     863
     882
     945
    1005
    1029
    1075
    1121
    1096
    1144
    1136
    1173
    1203
    1203
    1287
    1309
    1331
    1276
    1370
    1293
    1392
    1354
    1265
    1344
    1305
    1373
    1291
    1294
    1319
    1276
    1190
    1214
    1218
    1121
    1127
    1072
    1015
     987
     940
     905
     882
     871
     894
     786
     797
     710
     675
     700
     560
     573
     530
     467
     399
     433
     392
     408
     348
     324
     302
     272
     264
     256
     223
     185
     192
     173
     157
     133
     124
     129
     112
      98
      96
      80
      91
      96
      81
      70
      64
      64
      68
      65
      63
      67
      65
      48
      52
      63
      60
      51
      66
      67
      46
      54
      56
      48
      46
      46
      44
      63
      42
      50
      44
      51
      42
      50
      37
      51
      49
      46
      58
      45
      39
      46
      47
      57
      45
      46
      33
      46
      48
      58
      54
      59
      45
      55
      51
      49
      37
      46
      50
      57
      47
      49
      49
      37
      56
      35
      54
      41
      45
      40
      52
      48
      55
      54
      41
      43
      55
      36
      43
      35
      51
      53
      40
      61
      49
      38
      51
      49
      55
      50
      35
      55
      49
      44
      44
      49
      53
      63
      32
      47
      38
      41
      38
      54
      65
      45
      42
      45
      41
      41
      34
      45
      39
      58
      39
      44
      54
      46
      50
      38
      35
      46
      48
      39
      38
      25
      54
      43
      53
      42
      43
      53
      34
      31
      36
      36
      44
      49
      44
      40
      47
      45
      45
      52
      39
      51
      56
      49
      35
      44
      43
      41
      44
      51
      57
      51
      41
      39
      49
      48
      41
      45
      41
      43
      37
      52
      51
      40
      52
      55
      37
      42
      36
      37
      46
      45
      41
      45
      46
      41
      36
      47
      45
      54
      46
      44
      36
      48
      54
      47
      39
      49
      37
      61
      45
      51
      35
      42
      44
      52
      46
      45
      47
      52
      46
      45
      38
      32
      58
      42
      44
      45
      46
      48
      38
      50
      41
      41
      45
      44
      50
      39
      46
      36
      48
      55
      47
      36
      49
      43
      54
      38
      34
      38
      33
      37
      38
      50
      44
      50
      45
      47
      48
      44
      43
      37
      44
      40
      34
      36
      51
      47
      46
      48
      48
      38
      50
      47
      48
      55
      54
      56
      33
      37
      50
      46
      39
      36
      40
      47
      42
      52
      51
      42
      45
      46
      52
      51
      55
      53
      43
      53
      41
      40
      39
      54
      41
      62
      49
      58
      26
      61
      47
      34
      60
      57
      51
      46
      33
      44
      37
      48
      58
      46
      52
      45
      50
      47
      44
      39
      60
      44
      55
      44
      50
      49
      44
      45
      43
      39
      43
      59
      44
      41
      36
      52
      37
       2
       0
       0
       0
       0
       0
       0
       0
       0
       0
       0
       0
       0
       0
       0
       0
       0
       0
       0
       0
       0
       0
       0
       0
       0
       0
       0
       0
       0
       0
       0
       0
       0
       0
       0
       0
       0
       0
       0
       0
       0
       0
       0
       0
       0
       0
       0
       0
       0
       0
       0
       0
       0
       0
       0
       0
       0
       0
       0
       0
       0
       0
       0
       0
       0
       0
       0
$ROI:
2
95 97
514 605
$PRESETS:
Real Time
200
0
$ENER_FIT:
-289.438599 1.280702
$MCA_CAL:
3
-2.894386E+002 1.280702E+000 0.000000E+000
$SHAPE_CAL:
3
0.000000E+000 0.000000E+000 0.000000E+000
