$SPEC_ID:
MEASURE 880.
$SPEC_REM:
DET# 1
DETDESC# MCB 25
AP# Maestro Version 6.05
$DATE_MEA:
04/08/2003 09:24:48
$MEAS_TIM:
196 200
$DATA:
0 1023
       0
       0
       0
       0
       0
       0
       0
       0
       0
       0
       0
       0
       0
       0
       0
       0
       0
       0
       0
       0
       0
       0
       0
       0
       0
       0
       0
       0
       0
       0
       0
       0
       0
       0
       0
       0
       0
       0
       0
       0
       0
       0
       0
       0
     130
     281
     292
     292
     257
     245
     281
     254
     316
     282
     279
     300
     282
     305
     303
     293
     283
     273
     279
     286
     288
     287
     267
     283
     303
     281
     303
     322
     293
     312
     305
     327
     355
     338
     318
     357
     367
     385
     384
     357
     398
     391
     402
     443
     406
     399
     421
     425
     446
     439
     378
     470
     445
     468
     469
     414
     516
     466
     450
     486
     517
     514
     484
     533
     537
     511
     498
     519
     505
     551
     525
     540
     526
     530
     549
     543
     574
     557
     537
     550
     629
     516
     545
     554
     555
     617
     590
     604
     603
     546
     587
     595
     607
     592
     617
     557
     593
     567
     630
     658
     603
     598
     607
     601
     647
     657
     614
     650
     616
     623
     621
     623
     598
     594
     584
     622
     653
     596
     576
     634
     595
     719
     584
     614
     627
     641
     614
     642
     599
     690
     628
     686
     631
     626
     630
     628
     687
     571
     582
     637
     608
     593
     599
     655
     660
     638
     608
     662
     686
     678
     626
     659
     656
     638
     683
     680
     708
     743
     728
     704
     727
     734
     680
     708
     682
     730
     720
     710
     709
     699
     707
     750
     705
     654
     718
     680
     662
     689
     713
     687
     670
     624
     658
     605
     635
     630
     648
     673
     605
     636
     597
     628
     611
     600
     566
     599
     616
     588
     598
     555
     583
     553
     555
     563
     535
     535
     542
     506
     534
     531
     554
     529
     582
     550
     533
     569
     549
     497
     525
     549
     525
     515
     531
     502
     525
     491
     495
     491
     489
     552
     496
     483
     477
     511
     480
     467
     450
     449
     438
     448
     466
     462
     502
     412
     473
     465
     451
     394
     440
     444
     462
     415
     391
     448
     417
     424
     428
     424
     449
     438
     405
     419
     391
     417
     441
     403
     385
     420
     384
     390
     368
     386
     402
     442
     409
     394
     393
     391
     397
     394
     380
     367
     369
     352
     369
     374
     383
     376
     401
     378
     383
     350
     379
     355
     337
     397
     336
     379
     383
     347
     343
     350
     368
     338
     334
     337
     330
     362
     346
     347
     336
     336
     316
     322
     337
     335
     323
     366
     334
     301
     318
     298
     293
     290
     291
     304
     281
     291
     283
     277
     322
     290
     276
     287
     281
     271
     266
     282
     285
     248
     267
     264
     204
     233
     262
     243
     199
     264
     217
     212
     236
     200
     208
     247
     203
     209
     196
     203
     197
     185
     163
     169
     179
     192
     200
     204
     203
     156
     170
     151
     169
     159
     168
     158
     184
     132
     164
     157
     168
     185
     141
     150
     157
     152
     154
     146
     137
     146
     136
     141
     149
     126
     137
     131
     146
     133
     145
     132
     144
     139
     127
     135
     142
     128
     125
     114
     131
     125
     126
     120
     121
     118
     132
     121
     113
     107
     138
     134
     135
     118
      91
     114
     112
     121
     130
     108
     128
     132
     127
     120
     113
     129
      97
     118
     131
     115
     115
     146
     120
     123
     125
     103
     106
     112
     102
     118
     119
     120
     117
     135
     113
     116
     113
     101
     126
     111
     129
     122
     129
     130
     114
     124
     136
     130
     105
     124
     153
     152
     129
     133
     161
     157
     165
     177
     156
     176
     174
     166
     178
     220
     210
     184
     226
     239
     226
     238
     262
     260
     261
     320
     325
     364
     383
     394
     395
     427
     454
     474
     494
     524
     505
     610
     619
     655
     685
     703
     724
     870
     859
     828
     878
     940
     928
    1033
    1033
    1060
    1073
    1141
    1139
    1185
    1216
    1273
    1300
    1231
    1260
    1319
    1352
    1307
    1278
    1382
    1332
    1336
    1387
    1339
    1332
    1260
    1348
    1260
    1224
    1272
    1281
    1249
    1174
    1144
    1115
    1090
    1039
     986
    1006
     904
     841
     787
     798
     781
     680
     681
     620
     552
     534
     516
     455
     456
     445
     358
     353
     338
     304
     302
     248
     279
     241
     202
     185
     193
     187
     151
     116
     119
     124
     118
      86
     102
      97
      91
      78
      91
      72
      76
      74
      69
      65
      68
      54
      50
      54
      46
      64
      63
      61
      60
      44
      40
      44
      46
      44
      54
      41
      46
      55
      52
      44
      54
      47
      47
      41
      48
      57
      44
      53
      39
      57
      50
      42
      56
      44
      50
      54
      38
      48
      41
      52
      51
      44
      45
      48
      55
      40
      56
      35
      46
      41
      48
      46
      52
      45
      45
      44
      41
      52
      41
      37
      46
      49
      46
      50
      51
      47
      52
      55
      41
      49
      43
      47
      43
      51
      37
      50
      37
      43
      37
      40
      52
      33
      39
      44
      42
      39
      36
      37
      45
      49
      48
      52
      37
      53
      53
      36
      36
      53
      42
      41
      46
      44
      53
      47
      42
      36
      37
      45
      42
      36
      54
      49
      56
      46
      43
      56
      44
      38
      57
      46
      43
      40
      57
      41
      34
      25
      56
      37
      40
      42
      34
      50
      41
      40
      44
      38
      54
      41
      50
      37
      42
      43
      49
      47
      47
      45
      40
      44
      45
      50
      44
      40
      46
      50
      45
      40
      38
      42
      42
      48
      43
      64
      56
      33
      39
      32
      32
      47
      48
      42
      46
      48
      47
      50
      44
      51
      44
      42
      41
      39
      40
      48
      50
      43
      49
      49
      40
      39
      56
      47
      38
      44
      42
      45
      50
      43
      38
      46
      42
      37
      38
      47
      44
      40
      50
      40
      49
      39
      45
      38
      42
      53
      45
      47
      44
      53
      44
      56
      32
      50
      35
      43
      52
      40
      50
      49
      49
      45
      52
      30
      43
      45
      37
      41
      45
      38
      37
      31
      45
      48
      34
      41
      48
      52
      45
      43
      42
      42
      36
      44
      41
      43
      39
      54
      52
      43
      51
      42
      35
      46
      58
      55
      44
      30
      44
      37
      48
      44
      45
      35
      48
      40
      44
      47
      47
      42
      47
      65
      43
      37
      57
      37
      45
      44
      37
      55
      44
      39
      43
      48
      45
      46
      52
      37
      44
      39
      43
      38
      40
      48
      60
      53
      45
      24
      45
      50
      51
      37
      41
      57
      37
      52
      43
      35
      43
      54
      48
      38
      40
      56
      24
       0
       0
       0
       0
       0
       0
       0
       0
       0
       0
       0
       0
       0
       0
       0
       0
       0
       0
       0
       0
       0
       0
       0
       0
       0
       0
       0
       0
       0
       0
       0
       0
       0
       0
       0
       0
       0
       0
       0
       0
       0
       0
       0
       0
       0
       0
       0
       0
       0
       0
       0
       0
       0
       0
       0
       0
       0
       0
       0
       0
       0
       0
       0
       0
       0
       0
       0
       0
$ROI:
2
95 97
514 605
$PRESETS:
Real Time
200
0
$ENER_FIT:
-289.438599 1.280702
$MCA_CAL:
3
-2.894386E+002 1.280702E+000 0.000000E+000
$SHAPE_CAL:
3
0.000000E+000 0.000000E+000 0.000000E+000
