$SPEC_ID:
MEASURE 407.
$SPEC_REM:
DET# 1
DETDESC# MCB 25
AP# Maestro Version 6.05
$DATE_MEA:
04/06/2003 17:59:48
$MEAS_TIM:
196 200
$DATA:
0 1023
       0
       0
       0
       0
       0
       0
       0
       0
       0
       0
       0
       0
       0
       0
       0
       0
       0
       0
       0
       0
       0
       0
       0
       0
       0
       0
       0
       0
       0
       0
       0
       0
       0
       0
       0
       0
       0
       0
       0
       0
       0
       0
       0
       0
     121
     259
     249
     273
     281
     278
     265
     257
     256
     306
     254
     286
     292
     318
     274
     306
     312
     281
     310
     308
     302
     313
     312
     304
     311
     296
     286
     311
     333
     323
     329
     329
     344
     341
     345
     327
     359
     369
     388
     376
     370
     375
     383
     401
     391
     373
     429
     426
     395
     445
     421
     472
     483
     497
     445
     465
     490
     455
     450
     480
     486
     489
     486
     538
     539
     515
     506
     509
     511
     543
     553
     507
     563
     527
     528
     571
     521
     524
     560
     580
     574
     587
     575
     535
     593
     624
     564
     586
     608
     612
     574
     641
     599
     638
     647
     602
     660
     564
     621
     639
     655
     669
     650
     631
     617
     622
     641
     605
     613
     605
     612
     584
     601
     644
     673
     629
     605
     645
     619
     623
     593
     606
     537
     626
     617
     604
     664
     602
     612
     632
     610
     620
     569
     671
     627
     581
     624
     616
     654
     648
     581
     647
     643
     652
     617
     619
     600
     671
     685
     676
     644
     658
     656
     704
     673
     664
     694
     696
     706
     713
     704
     675
     726
     739
     737
     713
     759
     736
     696
     688
     745
     707
     706
     665
     687
     699
     713
     708
     659
     663
     691
     705
     643
     637
     638
     573
     657
     665
     617
     609
     669
     629
     644
     578
     635
     559
     552
     601
     564
     563
     603
     584
     576
     583
     555
     593
     555
     598
     554
     556
     566
     534
     565
     545
     577
     538
     521
     524
     525
     580
     490
     515
     561
     532
     479
     527
     509
     538
     546
     487
     543
     488
     507
     500
     483
     485
     527
     470
     470
     492
     506
     474
     447
     422
     488
     473
     446
     415
     451
     444
     433
     408
     470
     432
     384
     401
     430
     401
     411
     401
     419
     424
     408
     446
     425
     391
     409
     408
     383
     384
     375
     396
     380
     381
     383
     381
     375
     382
     381
     407
     408
     385
     399
     390
     381
     392
     356
     337
     387
     354
     356
     360
     339
     366
     363
     345
     351
     351
     350
     355
     327
     389
     365
     352
     376
     343
     369
     355
     340
     352
     353
     363
     363
     309
     306
     316
     330
     340
     319
     306
     320
     327
     316
     281
     249
     283
     308
     338
     285
     275
     290
     278
     262
     328
     237
     277
     265
     260
     236
     257
     230
     243
     253
     228
     211
     218
     216
     229
     205
     222
     192
     200
     211
     212
     185
     206
     217
     167
     162
     219
     174
     177
     187
     184
     197
     188
     169
     178
     155
     193
     180
     167
     159
     153
     181
     148
     163
     169
     134
     152
     148
     139
     144
     163
     164
     149
     124
     135
     135
     128
     147
     152
     129
     149
     145
     162
     138
     121
     141
     123
     137
     127
     125
     145
     129
     130
     117
     142
     133
     140
     136
     144
     139
     129
     120
     134
     120
     125
     104
     120
     133
     117
     124
     133
     134
     126
     103
     125
     131
     119
     124
     125
     136
     134
     121
     120
     107
     122
     102
     121
     115
     124
     133
     114
     131
     116
     115
     111
     119
     114
     125
     117
     123
     111
     126
     119
     129
     122
     132
     131
     134
     128
     126
     140
     132
     146
     141
     140
     140
     147
     144
     161
     158
     136
     170
     172
     195
     186
     186
     214
     209
     235
     222
     234
     246
     268
     275
     288
     301
     339
     316
     358
     398
     403
     435
     482
     480
     461
     523
     597
     585
     618
     680
     715
     693
     724
     787
     814
     800
     895
     931
     943
    1000
    1059
    1075
    1169
    1136
    1204
    1126
    1225
    1231
    1316
    1318
    1268
    1279
    1351
    1362
    1348
    1305
    1332
    1307
    1340
    1342
    1395
    1309
    1344
    1266
    1239
    1212
    1190
    1200
    1140
    1113
    1119
    1057
     957
     972
     918
     951
     822
     766
     753
     776
     668
     638
     609
     561
     557
     479
     487
     456
     435
     348
     337
     331
     306
     278
     274
     240
     233
     198
     212
     158
     184
     163
     154
     121
     134
     122
     114
     111
      88
      58
      89
      61
      74
      93
      71
      66
      65
      59
      61
      58
      82
      52
      43
      61
      46
      47
      42
      50
      53
      59
      72
      42
      47
      52
      47
      48
      53
      50
      61
      50
      40
      61
      51
      41
      65
      46
      50
      46
      59
      57
      48
      49
      48
      47
      45
      55
      50
      44
      41
      43
      42
      63
      51
      45
      44
      61
      57
      69
      45
      49
      56
      60
      55
      38
      49
      37
      33
      46
      51
      33
      45
      55
      42
      57
      40
      46
      49
      41
      53
      43
      36
      43
      37
      49
      43
      59
      36
      55
      38
      56
      49
      43
      54
      54
      43
      38
      34
      41
      36
      53
      53
      32
      37
      52
      43
      46
      53
      41
      41
      49
      31
      49
      44
      47
      34
      51
      42
      36
      39
      43
      42
      40
      43
      39
      34
      43
      48
      48
      45
      40
      45
      38
      40
      46
      49
      41
      39
      48
      49
      42
      44
      42
      43
      37
      35
      37
      40
      29
      40
      41
      53
      33
      42
      48
      49
      46
      43
      39
      45
      44
      37
      45
      45
      53
      34
      46
      37
      35
      52
      47
      50
      34
      52
      50
      38
      38
      40
      43
      44
      37
      55
      39
      43
      51
      45
      43
      42
      36
      58
      38
      61
      50
      36
      50
      38
      43
      42
      43
      34
      42
      43
      39
      52
      35
      48
      44
      37
      56
      53
      43
      43
      52
      43
      47
      40
      41
      53
      37
      52
      41
      42
      40
      49
      45
      38
      47
      56
      32
      49
      42
      47
      34
      41
      54
      42
      49
      32
      38
      43
      51
      49
      43
      36
      52
      45
      36
      46
      39
      42
      44
      39
      42
      40
      52
      48
      27
      50
      50
      57
      44
      45
      53
      45
      53
      38
      42
      44
      53
      52
      38
      52
      45
      58
      37
      48
      33
      51
      37
      51
      39
      36
      52
      47
      53
      28
      44
      40
      43
      29
      45
      53
      44
      41
      31
      59
      43
      46
      35
      44
      40
      39
      62
      49
      41
      39
      52
      54
      39
      49
      55
      50
      47
      45
      50
      54
      42
      43
      49
      47
      35
      42
      44
      40
      43
      33
      41
      53
      61
      50
       7
       0
       0
       0
       0
       0
       0
       0
       0
       0
       0
       0
       0
       0
       0
       0
       0
       0
       0
       0
       0
       0
       0
       0
       0
       0
       0
       0
       0
       0
       0
       0
       0
       0
       0
       0
       0
       0
       0
       0
       0
       0
       0
       0
       0
       0
       0
       0
       0
       0
       0
       0
       0
       0
       0
       0
       0
       0
       0
       0
       0
       0
       0
       0
       0
       0
       0
       0
$ROI:
2
95 97
514 605
$PRESETS:
Real Time
200
0
$ENER_FIT:
-289.438599 1.280702
$MCA_CAL:
3
-2.894386E+002 1.280702E+000 0.000000E+000
$SHAPE_CAL:
3
0.000000E+000 0.000000E+000 0.000000E+000
