$SPEC_ID:
MEASURE 841.
$SPEC_REM:
DET# 1
DETDESC# MCB 25
AP# Maestro Version 6.05
$DATE_MEA:
04/08/2003 06:09:48
$MEAS_TIM:
196 200
$DATA:
0 1023
       0
       0
       0
       0
       0
       0
       0
       0
       0
       0
       0
       0
       0
       0
       0
       0
       0
       0
       0
       0
       0
       0
       0
       0
       0
       0
       0
       0
       0
       0
       0
       0
       0
       0
       0
       0
       0
       0
       0
       0
       0
       0
       0
       0
     141
     288
     243
     270
     264
     301
     282
     264
     251
     284
     264
     260
     279
     268
     270
     278
     329
     294
     299
     244
     255
     277
     274
     294
     297
     322
     330
     277
     317
     311
     368
     321
     353
     343
     347
     308
     358
     366
     335
     370
     404
     371
     382
     391
     344
     396
     398
     422
     431
     400
     425
     456
     452
     425
     472
     440
     466
     447
     508
     471
     477
     482
     469
     499
     479
     522
     500
     517
     575
     521
     550
     492
     576
     540
     563
     543
     578
     570
     594
     563
     588
     568
     559
     560
     562
     602
     583
     555
     565
     619
     589
     593
     584
     580
     610
     597
     584
     616
     602
     640
     638
     631
     613
     619
     633
     630
     617
     577
     621
     645
     618
     609
     631
     611
     629
     601
     589
     608
     598
     624
     614
     640
     614
     619
     640
     640
     606
     611
     652
     600
     608
     592
     607
     624
     612
     606
     631
     578
     608
     598
     605
     584
     594
     623
     616
     634
     656
     652
     648
     659
     673
     630
     747
     691
     674
     647
     650
     724
     683
     721
     708
     661
     733
     661
     733
     771
     733
     744
     729
     745
     681
     675
     660
     674
     711
     707
     665
     654
     637
     648
     673
     628
     678
     614
     643
     609
     611
     647
     647
     596
     638
     629
     556
     581
     644
     603
     565
     654
     561
     577
     583
     594
     603
     559
     554
     558
     560
     565
     557
     548
     557
     509
     577
     563
     531
     545
     509
     527
     519
     524
     543
     512
     514
     526
     529
     531
     516
     516
     473
     498
     498
     476
     506
     469
     466
     466
     489
     437
     451
     473
     438
     463
     477
     465
     452
     446
     433
     440
     498
     437
     416
     435
     445
     414
     412
     426
     439
     421
     434
     405
     424
     424
     400
     371
     403
     426
     389
     406
     374
     360
     394
     407
     341
     361
     410
     392
     409
     333
     384
     405
     361
     370
     369
     360
     369
     388
     366
     373
     381
     369
     359
     355
     379
     390
     366
     375
     352
     374
     352
     372
     343
     321
     352
     357
     344
     342
     347
     345
     350
     335
     365
     329
     295
     322
     342
     343
     309
     353
     328
     323
     311
     331
     324
     305
     293
     293
     259
     270
     269
     307
     310
     290
     276
     259
     257
     282
     266
     259
     251
     243
     222
     228
     228
     224
     224
     227
     211
     225
     227
     234
     208
     223
     190
     175
     158
     213
     189
     207
     185
     191
     192
     175
     165
     154
     186
     165
     187
     168
     187
     152
     160
     163
     154
     173
     157
     160
     163
     140
     135
     175
     156
     145
     124
     162
     126
     155
     137
     124
     138
     156
     140
     142
     144
     158
     137
     135
     139
     123
     150
     126
     112
     136
     137
     126
     133
     146
     126
     124
     143
     131
     119
     121
     121
     119
     139
     148
     111
     125
     124
     131
     140
     111
     127
     118
     127
     153
     120
     132
     134
     143
     129
     109
     123
     112
     126
     119
     119
     119
     124
     106
      95
     116
     135
     104
     116
     113
      99
     130
      87
     127
     100
     130
     118
     113
     136
     124
     125
     118
     135
     124
     132
     127
     145
     140
     146
     148
     126
     150
     138
     160
     133
     138
     153
     142
     167
     178
     156
     201
     162
     176
     176
     211
     190
     219
     263
     250
     257
     298
     287
     291
     328
     355
     391
     382
     432
     435
     411
     505
     481
     523
     550
     572
     626
     620
     689
     704
     775
     784
     810
     853
     865
     928
     948
     980
    1006
    1120
    1112
    1154
    1113
    1129
    1191
    1230
    1229
    1254
    1293
    1285
    1296
    1347
    1378
    1428
    1334
    1380
    1296
    1373
    1324
    1280
    1286
    1328
    1312
    1265
    1168
    1200
    1169
    1044
    1109
    1048
    1067
    1033
     959
     919
     823
     801
     794
     763
     700
     667
     624
     509
     534
     522
     460
     495
     450
     349
     332
     336
     307
     275
     296
     254
     214
     182
     201
     187
     162
     140
     131
     136
     112
     117
     100
     116
      98
      90
      69
      78
      76
      66
      67
      61
      69
      59
      63
      49
      60
      53
      53
      68
      55
      62
      59
      50
      55
      44
      47
      42
      50
      41
      38
      55
      55
      56
      64
      55
      32
      52
      48
      59
      52
      40
      52
      49
      52
      41
      44
      37
      55
      46
      47
      48
      44
      49
      51
      46
      53
      36
      53
      46
      43
      45
      43
      52
      50
      42
      37
      61
      44
      39
      53
      41
      51
      37
      47
      41
      45
      47
      45
      46
      43
      41
      46
      49
      42
      48
      52
      41
      47
      45
      43
      56
      42
      47
      38
      43
      51
      51
      36
      47
      48
      41
      35
      51
      54
      53
      46
      46
      51
      42
      55
      35
      48
      49
      43
      47
      49
      46
      61
      40
      50
      43
      42
      32
      38
      56
      50
      52
      44
      45
      25
      43
      42
      47
      55
      50
      27
      41
      41
      38
      49
      41
      38
      46
      45
      59
      38
      37
      48
      50
      38
      40
      46
      37
      48
      43
      45
      58
      38
      46
      41
      56
      46
      53
      36
      41
      44
      46
      41
      55
      52
      57
      44
      46
      38
      50
      44
      49
      36
      61
      49
      47
      49
      41
      46
      43
      47
      45
      42
      45
      41
      48
      33
      50
      51
      34
      38
      45
      43
      49
      48
      36
      47
      50
      35
      28
      42
      44
      50
      35
      48
      37
      44
      48
      49
      27
      37
      38
      36
      41
      41
      55
      51
      48
      43
      46
      54
      53
      49
      46
      34
      47
      44
      43
      42
      48
      37
      58
      42
      63
      52
      32
      32
      46
      52
      41
      43
      40
      50
      34
      44
      46
      46
      39
      31
      36
      43
      46
      54
      48
      41
      40
      51
      43
      52
      37
      34
      38
      38
      53
      58
      42
      47
      53
      37
      41
      68
      29
      39
      37
      43
      43
      41
      56
      44
      48
      44
      46
      38
      46
      51
      44
      47
      51
      52
      44
      57
      53
      47
      40
      31
      40
      39
      42
      40
      37
      42
      52
      50
      59
      34
      46
      50
      45
      56
      50
      39
      48
      50
      53
      45
      46
      48
      54
      48
      47
      48
      40
      45
      45
      57
      62
      50
      46
       1
       0
       0
       0
       0
       0
       0
       0
       0
       0
       0
       0
       0
       0
       0
       0
       0
       0
       0
       0
       0
       0
       0
       0
       0
       0
       0
       0
       0
       0
       0
       0
       0
       0
       0
       0
       0
       0
       0
       0
       0
       0
       0
       0
       0
       0
       0
       0
       0
       0
       0
       0
       0
       0
       0
       0
       0
       0
       0
       0
       0
       0
       0
       0
       0
       0
       0
       0
$ROI:
2
95 97
514 605
$PRESETS:
Real Time
200
0
$ENER_FIT:
-289.438599 1.280702
$MCA_CAL:
3
-2.894386E+002 1.280702E+000 0.000000E+000
$SHAPE_CAL:
3
0.000000E+000 0.000000E+000 0.000000E+000
