$SPEC_ID:
MEASURE 863.
$SPEC_REM:
DET# 1
DETDESC# MCB 25
AP# Maestro Version 6.05
$DATE_MEA:
04/08/2003 07:59:48
$MEAS_TIM:
196 200
$DATA:
0 1023
       0
       0
       0
       0
       0
       0
       0
       0
       0
       0
       0
       0
       0
       0
       0
       0
       0
       0
       0
       0
       0
       0
       0
       0
       0
       0
       0
       0
       0
       0
       0
       0
       0
       0
       0
       0
       0
       0
       0
       0
       0
       0
       0
       0
     127
     256
     282
     289
     273
     256
     285
     262
     231
     268
     246
     268
     266
     256
     269
     302
     302
     288
     302
     298
     302
     308
     281
     295
     284
     302
     312
     322
     323
     326
     336
     320
     341
     340
     331
     357
     371
     345
     355
     381
     370
     418
     378
     390
     405
     410
     437
     441
     382
     434
     418
     498
     480
     438
     467
     436
     474
     499
     492
     506
     479
     459
     519
     512
     516
     501
     450
     521
     501
     514
     558
     530
     497
     519
     520
     559
     575
     537
     529
     589
     543
     562
     602
     550
     566
     582
     597
     587
     580
     561
     584
     566
     651
     598
     632
     631
     632
     600
     614
     596
     633
     606
     635
     604
     612
     620
     645
     670
     623
     635
     654
     681
     620
     628
     642
     667
     597
     628
     615
     631
     577
     625
     630
     623
     649
     610
     654
     630
     608
     630
     630
     577
     610
     571
     638
     646
     586
     570
     607
     585
     656
     652
     634
     618
     630
     640
     668
     605
     614
     658
     697
     637
     699
     680
     664
     660
     664
     681
     707
     738
     737
     717
     700
     751
     736
     687
     688
     732
     760
     692
     724
     713
     684
     645
     717
     716
     662
     718
     668
     676
     643
     671
     681
     649
     634
     692
     633
     637
     572
     615
     618
     634
     576
     619
     578
     601
     578
     579
     528
     583
     580
     569
     589
     584
     587
     592
     537
     564
     539
     568
     567
     574
     545
     548
     498
     476
     545
     529
     502
     513
     535
     551
     541
     546
     508
     543
     515
     501
     480
     476
     488
     514
     495
     473
     490
     459
     449
     488
     497
     476
     468
     465
     433
     485
     422
     450
     436
     433
     450
     421
     427
     443
     454
     394
     442
     427
     426
     400
     388
     449
     397
     408
     450
     385
     412
     380
     353
     424
     419
     394
     392
     390
     417
     398
     398
     376
     380
     395
     410
     375
     354
     334
     392
     398
     388
     380
     388
     399
     373
     357
     387
     355
     349
     360
     354
     372
     391
     354
     363
     363
     332
     345
     386
     353
     358
     350
     338
     355
     316
     333
     363
     341
     346
     302
     343
     314
     324
     320
     305
     322
     283
     314
     347
     296
     317
     269
     279
     296
     266
     265
     294
     296
     257
     263
     265
     287
     258
     254
     249
     223
     245
     248
     206
     246
     235
     220
     233
     221
     207
     212
     205
     203
     220
     207
     199
     193
     188
     188
     230
     177
     194
     176
     160
     196
     177
     157
     172
     150
     195
     172
     151
     155
     160
     152
     155
     174
     161
     172
     162
     154
     142
     137
     176
     157
     150
     155
     137
     175
     149
     166
     130
     134
     135
     146
     131
     129
     133
     152
     133
     121
     145
     133
     136
     131
     130
     121
     112
     134
     120
     132
     116
     146
     135
     128
     130
     120
     136
     122
     133
     132
     140
     129
     119
     116
     143
     114
     116
     123
     134
     132
     121
     104
     116
      97
     104
     115
     125
     111
     127
     108
     113
     143
     119
     124
     108
     134
     137
     130
     121
     104
     105
     112
     123
     115
     123
     114
     123
     119
     113
     127
     127
     140
     116
     125
     123
     145
     131
     156
     153
     140
     155
     153
     152
     137
     163
     179
     178
     182
     193
     191
     180
     232
     215
     221
     236
     270
     262
     275
     309
     294
     301
     326
     372
     412
     388
     433
     477
     460
     503
     524
     586
     620
     619
     657
     696
     686
     707
     773
     817
     863
     903
     907
     994
    1043
     969
    1031
    1137
    1158
    1154
    1148
    1195
    1194
    1292
    1282
    1227
    1298
    1288
    1362
    1308
    1379
    1387
    1384
    1333
    1305
    1261
    1350
    1295
    1267
    1214
    1265
    1261
    1148
    1102
    1143
    1078
    1042
    1019
     967
     961
     940
     916
     791
     752
     715
     693
     651
     632
     613
     520
     498
     529
     452
     431
     419
     355
     361
     314
     316
     258
     243
     223
     208
     178
     166
     181
     137
     146
     125
     126
      95
      95
     100
     100
      85
      89
      70
      53
      51
      71
      79
      63
      54
      67
      58
      53
      56
      47
      57
      67
      48
      46
      46
      56
      53
      61
      53
      45
      58
      51
      48
      48
      46
      45
      51
      38
      46
      49
      50
      55
      49
      47
      55
      48
      52
      54
      45
      56
      46
      45
      55
      54
      49
      65
      34
      42
      54
      59
      40
      42
      47
      56
      47
      43
      39
      56
      49
      57
      40
      52
      47
      41
      43
      39
      52
      40
      51
      43
      31
      45
      56
      38
      48
      50
      40
      54
      47
      38
      42
      39
      33
      38
      45
      37
      52
      57
      52
      38
      46
      38
      32
      48
      45
      45
      44
      41
      41
      50
      50
      43
      35
      56
      36
      38
      39
      43
      44
      51
      50
      43
      44
      45
      34
      59
      39
      44
      47
      44
      46
      49
      43
      48
      37
      50
      58
      38
      37
      48
      48
      47
      47
      53
      42
      49
      38
      35
      51
      47
      45
      39
      38
      45
      46
      55
      40
      55
      39
      35
      42
      39
      52
      50
      61
      42
      48
      40
      33
      40
      39
      31
      46
      43
      40
      39
      50
      49
      39
      52
      43
      43
      54
      39
      44
      40
      33
      43
      42
      39
      39
      44
      33
      44
      54
      61
      41
      46
      50
      47
      54
      45
      50
      30
      40
      35
      41
      34
      40
      36
      40
      51
      46
      47
      41
      45
      46
      46
      38
      44
      42
      44
      38
      44
      52
      52
      46
      35
      48
      43
      48
      36
      44
      49
      31
      55
      44
      42
      52
      37
      60
      37
      53
      31
      46
      44
      59
      41
      42
      29
      47
      38
      53
      39
      55
      48
      40
      33
      37
      55
      50
      47
      48
      46
      58
      47
      52
      61
      40
      52
      57
      45
      46
      46
      47
      46
      42
      49
      40
      50
      52
      52
      42
      45
      43
      54
      52
      41
      48
      47
      39
      48
      35
      40
      54
      48
      45
      42
      57
      60
      46
      52
      43
      49
      46
      48
      42
      46
      54
      45
      41
      44
      44
      53
      46
      42
      32
      51
      50
      42
      46
      43
      44
      44
      46
      41
      52
      57
      57
      57
      59
      53
      42
      46
      43
       3
       0
       0
       0
       0
       0
       0
       0
       0
       0
       0
       0
       0
       0
       0
       0
       0
       0
       0
       0
       0
       0
       0
       0
       0
       0
       0
       0
       0
       0
       0
       0
       0
       0
       0
       0
       0
       0
       0
       0
       0
       0
       0
       0
       0
       0
       0
       0
       0
       0
       0
       0
       0
       0
       0
       0
       0
       0
       0
       0
       0
       0
       0
       0
       0
       0
       0
       0
$ROI:
2
95 97
514 605
$PRESETS:
Real Time
200
0
$ENER_FIT:
-289.438599 1.280702
$MCA_CAL:
3
-2.894386E+002 1.280702E+000 0.000000E+000
$SHAPE_CAL:
3
0.000000E+000 0.000000E+000 0.000000E+000
