$SPEC_ID:
MEASURE 444.
$SPEC_REM:
DET# 1
DETDESC# MCB 25
AP# Maestro Version 6.05
$DATE_MEA:
04/06/2003 21:04:48
$MEAS_TIM:
196 200
$DATA:
0 1023
       0
       0
       0
       0
       0
       0
       0
       0
       0
       0
       0
       0
       0
       0
       0
       0
       0
       0
       0
       0
       0
       0
       0
       0
       0
       0
       0
       0
       0
       0
       0
       0
       0
       0
       0
       0
       0
       0
       0
       0
       0
       0
       0
       0
     126
     261
     263
     226
     253
     260
     274
     256
     252
     269
     287
     299
     279
     301
     284
     285
     298
     274
     285
     266
     277
     330
     276
     305
     289
     295
     322
     296
     315
     318
     297
     355
     300
     331
     330
     353
     330
     351
     394
     378
     415
     384
     358
     371
     443
     406
     394
     408
     425
     456
     439
     455
     493
     446
     451
     461
     475
     466
     478
     467
     479
     494
     479
     483
     507
     452
     544
     495
     531
     534
     528
     499
     526
     519
     515
     549
     581
     550
     559
     520
     569
     559
     612
     594
     603
     616
     561
     581
     625
     616
     589
     604
     610
     583
     590
     635
     584
     625
     635
     577
     624
     621
     626
     613
     641
     649
     602
     646
     607
     620
     632
     615
     600
     625
     644
     589
     606
     634
     603
     574
     594
     620
     652
     616
     610
     632
     676
     604
     638
     635
     654
     628
     603
     631
     600
     613
     632
     617
     610
     602
     646
     612
     636
     583
     653
     651
     635
     673
     638
     667
     657
     656
     720
     638
     657
     675
     680
     663
     707
     676
     718
     724
     724
     736
     729
     766
     715
     645
     766
     735
     699
     695
     746
     725
     701
     697
     660
     693
     683
     662
     672
     634
     660
     627
     645
     681
     619
     630
     622
     631
     609
     563
     603
     571
     627
     595
     616
     631
     575
     584
     554
     580
     533
     595
     553
     568
     565
     542
     570
     550
     523
     543
     526
     511
     546
     564
     514
     574
     508
     542
     492
     509
     504
     515
     514
     486
     476
     503
     534
     497
     469
     465
     481
     494
     478
     484
     451
     466
     484
     462
     444
     440
     461
     436
     462
     453
     478
     430
     416
     433
     417
     443
     389
     438
     436
     408
     409
     441
     452
     415
     429
     425
     396
     375
     417
     415
     405
     360
     367
     436
     394
     399
     408
     390
     391
     379
     367
     397
     373
     380
     374
     360
     371
     361
     382
     382
     380
     362
     353
     393
     373
     375
     327
     375
     350
     392
     352
     387
     370
     358
     356
     361
     330
     376
     355
     328
     338
     360
     345
     361
     367
     339
     350
     308
     352
     327
     342
     349
     304
     373
     299
     328
     322
     334
     326
     305
     325
     287
     332
     294
     296
     270
     285
     263
     258
     280
     253
     245
     258
     255
     230
     250
     249
     243
     209
     233
     230
     212
     220
     200
     195
     176
     209
     188
     203
     179
     213
     201
     167
     177
     176
     177
     178
     173
     184
     183
     166
     180
     160
     191
     167
     201
     139
     178
     139
     136
     145
     158
     132
     149
     162
     148
     155
     134
     172
     149
     144
     156
     155
     154
     139
     129
     153
     152
     139
     131
     137
     119
     138
     152
     138
     151
     159
     115
     109
     127
     127
     134
     140
     124
     114
     140
     143
     134
     128
     143
     123
     132
     103
     131
     144
     114
     120
     112
     125
     112
     142
     122
     116
     139
     118
     100
     121
     114
     125
     121
     107
     103
     124
     124
     108
     121
     102
     130
     118
     103
     117
     122
     111
     115
     118
     129
     105
     116
     110
     109
     138
     124
     137
     101
     109
     119
     129
     123
     136
     144
     148
     134
     130
     134
     128
     140
     135
     168
     174
     164
     171
     178
     186
     200
     218
     222
     209
     212
     241
     261
     264
     282
     307
     314
     332
     369
     399
     441
     394
     449
     478
     488
     511
     575
     600
     652
     640
     698
     706
     740
     741
     754
     838
     905
     935
     959
     951
    1024
     996
    1102
    1105
    1112
    1183
    1184
    1216
    1310
    1267
    1266
    1251
    1335
    1288
    1376
    1374
    1380
    1383
    1370
    1311
    1267
    1405
    1298
    1360
    1285
    1227
    1168
    1258
    1133
    1124
    1111
    1075
    1025
     977
     978
     911
     875
     803
     764
     711
     755
     655
     670
     572
     586
     524
     544
     483
     429
     396
     371
     365
     298
     314
     276
     218
     230
     217
     188
     186
     160
     143
     143
     128
     143
     119
     113
      93
      91
      74
      82
      76
      77
      67
      65
      70
      71
      79
      55
      54
      52
      54
      70
      56
      57
      52
      60
      40
      43
      51
      64
      48
      47
      56
      46
      44
      48
      61
      59
      46
      65
      49
      48
      48
      55
      42
      43
      50
      40
      41
      39
      37
      52
      48
      50
      49
      66
      60
      48
      43
      45
      36
      56
      49
      44
      51
      40
      46
      46
      49
      50
      37
      43
      44
      53
      45
      27
      51
      45
      47
      53
      45
      51
      44
      36
      49
      51
      45
      42
      50
      45
      59
      51
      50
      53
      61
      38
      47
      38
      54
      51
      46
      52
      35
      44
      57
      37
      51
      48
      27
      42
      45
      44
      33
      53
      49
      49
      55
      40
      34
      44
      44
      51
      43
      47
      44
      45
      42
      49
      47
      42
      53
      40
      58
      49
      46
      47
      39
      42
      40
      46
      54
      41
      34
      41
      41
      46
      52
      62
      39
      43
      50
      45
      37
      38
      37
      43
      41
      43
      32
      43
      46
      52
      51
      43
      41
      37
      45
      45
      46
      38
      47
      48
      45
      40
      33
      45
      43
      31
      40
      45
      46
      38
      57
      49
      43
      41
      43
      41
      50
      45
      39
      48
      36
      38
      52
      45
      51
      49
      43
      42
      48
      45
      42
      40
      33
      47
      42
      40
      53
      38
      45
      39
      44
      48
      34
      55
      44
      49
      40
      59
      41
      54
      40
      47
      38
      48
      49
      44
      53
      49
      57
      40
      43
      39
      44
      50
      46
      43
      37
      45
      47
      61
      41
      45
      51
      48
      46
      31
      45
      52
      53
      48
      38
      49
      38
      43
      47
      52
      51
      42
      49
      43
      41
      41
      48
      46
      58
      42
      39
      50
      40
      54
      49
      47
      47
      50
      50
      39
      36
      41
      51
      34
      41
      36
      52
      39
      47
      47
      44
      66
      51
      59
      54
      49
      39
      39
      41
      34
      59
      40
      45
      44
      36
      45
      51
      47
      35
      49
      41
      40
      31
      48
      48
      54
      42
      43
      35
      41
      45
      42
      50
      47
      42
      40
      47
      52
      48
      52
      50
      49
      41
      53
      38
      44
      34
      40
      46
      40
       1
       0
       0
       0
       0
       0
       0
       0
       0
       0
       0
       0
       0
       0
       0
       0
       0
       0
       0
       0
       0
       0
       0
       0
       0
       0
       0
       0
       0
       0
       0
       0
       0
       0
       0
       0
       0
       0
       0
       0
       0
       0
       0
       0
       0
       0
       0
       0
       0
       0
       0
       0
       0
       0
       0
       0
       0
       0
       0
       0
       0
       0
       0
       0
       0
       0
       0
       0
$ROI:
2
95 97
514 605
$PRESETS:
Real Time
200
0
$ENER_FIT:
-289.438599 1.280702
$MCA_CAL:
3
-2.894386E+002 1.280702E+000 0.000000E+000
$SHAPE_CAL:
3
0.000000E+000 0.000000E+000 0.000000E+000
