$SPEC_ID:
MEASURE 804.
$SPEC_REM:
DET# 1
DETDESC# MCB 25
AP# Maestro Version 6.05
$DATE_MEA:
04/08/2003 03:04:48
$MEAS_TIM:
196 200
$DATA:
0 1023
       0
       0
       0
       0
       0
       0
       0
       0
       0
       0
       0
       0
       0
       0
       0
       0
       0
       0
       0
       0
       0
       0
       0
       0
       0
       0
       0
       0
       0
       0
       0
       0
       0
       0
       0
       0
       0
       0
       0
       0
       0
       0
       0
       0
     126
     276
     286
     269
     293
     270
     283
     280
     269
     242
     295
     274
     299
     281
     293
     270
     266
     287
     281
     302
     268
     306
     283
     300
     319
     318
     277
     271
     291
     345
     342
     330
     317
     326
     364
     341
     386
     350
     384
     375
     373
     359
     371
     384
     392
     403
     394
     390
     445
     421
     436
     455
     450
     418
     455
     481
     487
     458
     455
     522
     480
     498
     521
     514
     498
     502
     546
     536
     502
     539
     555
     517
     524
     554
     526
     538
     480
     563
     562
     580
     556
     580
     577
     574
     544
     595
     580
     596
     579
     602
     571
     604
     605
     587
     623
     611
     632
     611
     587
     611
     627
     591
     597
     636
     658
     619
     614
     614
     620
     591
     679
     655
     649
     664
     609
     615
     632
     666
     613
     600
     624
     600
     634
     608
     590
     626
     596
     609
     595
     671
     596
     590
     616
     634
     620
     700
     601
     664
     644
     609
     614
     618
     656
     643
     660
     665
     629
     621
     596
     647
     673
     676
     679
     676
     684
     678
     705
     668
     703
     653
     662
     668
     691
     766
     736
     679
     718
     729
     700
     681
     678
     677
     734
     742
     654
     649
     718
     685
     639
     687
     651
     628
     619
     669
     641
     632
     595
     600
     615
     622
     614
     642
     624
     587
     587
     598
     569
     596
     577
     571
     554
     565
     555
     572
     546
     581
     543
     530
     540
     581
     561
     565
     583
     530
     516
     532
     543
     515
     554
     545
     557
     492
     531
     552
     542
     494
     473
     498
     535
     507
     530
     493
     485
     467
     429
     512
     463
     446
     475
     473
     471
     453
     464
     457
     459
     457
     437
     468
     467
     448
     478
     422
     415
     425
     393
     445
     434
     390
     419
     409
     438
     434
     431
     404
     391
     412
     415
     393
     393
     391
     375
     398
     400
     384
     358
     381
     399
     401
     387
     398
     374
     406
     397
     392
     346
     388
     354
     368
     361
     394
     385
     382
     345
     353
     368
     348
     381
     350
     377
     308
     337
     337
     354
     371
     344
     327
     354
     350
     328
     341
     359
     379
     346
     320
     331
     335
     330
     313
     297
     346
     331
     346
     302
     284
     316
     299
     301
     263
     292
     290
     235
     266
     273
     246
     266
     307
     256
     266
     251
     226
     265
     227
     215
     228
     216
     200
     233
     211
     208
     220
     214
     224
     205
     198
     188
     187
     187
     174
     172
     202
     179
     187
     168
     160
     157
     178
     176
     140
     157
     168
     165
     146
     148
     190
     160
     140
     187
     168
     145
     178
     152
     168
     169
     161
     148
     118
     134
     134
     138
     144
     132
     147
     138
     110
     120
     131
     154
     123
     111
     133
     136
     126
     140
     128
     119
     125
     128
     108
     122
     140
     122
     125
     118
     110
     123
     126
     127
     124
     115
     123
     109
     125
     133
     119
     133
     124
     126
     131
     116
     101
     117
     124
     119
     118
     109
     112
     138
     116
     120
     129
     128
     130
     121
     125
     127
     128
     116
     120
     112
     116
     114
     102
     135
     111
     146
     118
     117
     102
     140
     127
     116
     119
     140
     138
     143
     131
     135
     142
     142
     131
     154
     162
     174
     165
     160
     173
     173
     194
     185
     211
     199
     242
     206
     208
     264
     275
     261
     266
     310
     305
     376
     337
     362
     379
     413
     412
     453
     476
     518
     520
     578
     587
     626
     736
     695
     722
     728
     838
     785
     850
     897
     957
     958
     999
    1058
    1029
    1091
    1127
    1174
    1214
    1198
    1260
    1263
    1248
    1328
    1241
    1335
    1376
    1378
    1381
    1336
    1371
    1385
    1317
    1272
    1373
    1285
    1309
    1220
    1283
    1191
    1164
    1155
    1158
    1057
    1098
     977
     960
     944
     903
     860
     825
     780
     758
     712
     672
     631
     594
     523
     499
     500
     442
     388
     402
     346
     331
     287
     291
     287
     270
     228
     184
     176
     171
     179
     153
     122
     115
     108
     119
      89
     112
      92
      83
      71
      77
      65
      57
      57
      52
      59
      59
      62
      62
      60
      56
      53
      55
      53
      45
      50
      60
      55
      46
      43
      39
      52
      70
      60
      46
      45
      57
      56
      42
      51
      52
      51
      50
      39
      36
      54
      44
      46
      50
      55
      45
      58
      51
      55
      51
      39
      56
      46
      57
      51
      54
      54
      48
      39
      43
      51
      74
      57
      42
      40
      37
      48
      41
      49
      41
      49
      53
      55
      44
      40
      38
      51
      51
      44
      47
      38
      40
      55
      45
      35
      45
      64
      35
      42
      38
      43
      59
      42
      50
      51
      38
      40
      47
      47
      41
      36
      52
      47
      48
      54
      45
      52
      45
      45
      48
      45
      43
      46
      42
      44
      40
      37
      58
      52
      42
      46
      41
      53
      56
      47
      35
      43
      34
      47
      48
      46
      48
      54
      35
      39
      33
      42
      49
      40
      46
      39
      46
      41
      44
      37
      47
      45
      44
      50
      45
      50
      59
      47
      48
      55
      50
      45
      37
      43
      42
      53
      43
      49
      39
      34
      40
      40
      52
      45
      50
      42
      43
      40
      34
      59
      36
      37
      36
      43
      58
      43
      44
      56
      46
      40
      43
      59
      31
      43
      52
      43
      58
      34
      49
      49
      43
      33
      46
      43
      49
      54
      43
      46
      48
      44
      46
      36
      47
      48
      44
      35
      41
      32
      48
      35
      45
      51
      53
      48
      52
      39
      49
      35
      54
      42
      48
      56
      39
      44
      50
      49
      40
      39
      60
      42
      48
      44
      51
      40
      52
      48
      39
      40
      48
      58
      42
      47
      43
      48
      41
      35
      41
      39
      46
      35
      45
      50
      37
      46
      55
      56
      52
      49
      45
      49
      52
      41
      41
      39
      42
      46
      42
      40
      49
      46
      34
      39
      50
      39
      57
      32
      47
      49
      37
      47
      55
      38
      40
      45
      39
      45
      43
      51
      38
      55
      52
      40
      56
      43
      44
      40
      58
      51
      51
      48
      44
      39
      42
      43
      55
      41
      57
      40
      35
      47
      44
      48
      44
      43
      44
      61
      42
      49
      53
      45
      47
      51
      44
      56
      58
      56
      44
       2
       0
       0
       0
       0
       0
       0
       0
       0
       0
       0
       0
       0
       0
       0
       0
       0
       0
       0
       0
       0
       0
       0
       0
       0
       0
       0
       0
       0
       0
       0
       0
       0
       0
       0
       0
       0
       0
       0
       0
       0
       0
       0
       0
       0
       0
       0
       0
       0
       0
       0
       0
       0
       0
       0
       0
       0
       0
       0
       0
       0
       0
       0
       0
       0
       0
       0
       0
$ROI:
2
95 97
514 605
$PRESETS:
Real Time
200
0
$ENER_FIT:
-289.438599 1.280702
$MCA_CAL:
3
-2.894386E+002 1.280702E+000 0.000000E+000
$SHAPE_CAL:
3
0.000000E+000 0.000000E+000 0.000000E+000
