$SPEC_ID:
MEASURE 425.
$SPEC_REM:
DET# 1
DETDESC# MCB 25
AP# Maestro Version 6.05
$DATE_MEA:
04/06/2003 19:29:48
$MEAS_TIM:
196 200
$DATA:
0 1023
       0
       0
       0
       0
       0
       0
       0
       0
       0
       0
       0
       0
       0
       0
       0
       0
       0
       0
       0
       0
       0
       0
       0
       0
       0
       0
       0
       0
       0
       0
       0
       0
       0
       0
       0
       0
       0
       0
       0
       0
       0
       0
       0
       0
     133
     251
     259
     240
     270
     274
     264
     278
     254
     295
     260
     267
     289
     275
     263
     294
     251
     288
     318
     283
     314
     283
     310
     325
     281
     303
     313
     300
     311
     316
     319
     318
     381
     316
     348
     361
     342
     337
     367
     363
     401
     375
     424
     377
     395
     378
     401
     420
     431
     400
     432
     479
     435
     483
     466
     430
     451
     468
     470
     504
     485
     457
     473
     512
     534
     470
     520
     542
     522
     503
     544
     572
     559
     556
     528
     550
     582
     553
     585
     557
     568
     579
     577
     578
     589
     592
     568
     608
     595
     617
     589
     600
     638
     637
     582
     638
     587
     616
     615
     609
     619
     588
     612
     608
     664
     630
     639
     571
     607
     607
     635
     604
     586
     623
     630
     666
     618
     643
     613
     603
     596
     650
     640
     613
     635
     651
     622
     633
     633
     613
     626
     615
     596
     633
     632
     632
     619
     619
     592
     639
     654
     622
     591
     660
     622
     624
     586
     661
     638
     651
     680
     636
     711
     633
     697
     680
     739
     712
     734
     734
     736
     695
     721
     777
     797
     780
     723
     738
     670
     732
     745
     662
     730
     731
     694
     702
     672
     701
     706
     682
     674
     695
     644
     609
     651
     667
     619
     648
     620
     597
     603
     655
     598
     593
     614
     578
     615
     582
     581
     562
     605
     606
     520
     542
     552
     584
     583
     545
     611
     549
     517
     548
     532
     514
     566
     528
     571
     549
     472
     503
     529
     518
     502
     534
     485
     524
     495
     464
     466
     495
     511
     480
     482
     520
     482
     483
     460
     486
     460
     489
     443
     454
     434
     473
     408
     444
     431
     439
     449
     444
     403
     446
     424
     434
     409
     458
     414
     427
     412
     419
     444
     404
     436
     388
     440
     461
     406
     381
     408
     410
     412
     395
     381
     383
     441
     381
     331
     374
     381
     380
     395
     365
     375
     376
     360
     358
     379
     359
     373
     375
     349
     344
     374
     357
     403
     367
     360
     350
     364
     376
     351
     335
     352
     368
     383
     365
     358
     328
     312
     350
     318
     303
     343
     325
     333
     339
     305
     324
     329
     304
     292
     303
     330
     318
     273
     328
     298
     300
     295
     307
     276
     289
     262
     272
     268
     256
     266
     266
     227
     216
     237
     235
     210
     227
     257
     194
     240
     226
     216
     254
     198
     209
     220
     184
     219
     207
     189
     202
     206
     203
     182
     191
     185
     173
     175
     152
     179
     160
     177
     175
     186
     161
     165
     158
     184
     172
     159
     158
     135
     166
     144
     149
     144
     160
     147
     141
     128
     141
     157
     150
     153
     112
     146
     136
     123
     136
     147
     131
     140
     131
     143
     125
     124
     132
     112
     118
     123
     122
     119
     119
     121
     144
     134
     122
     120
     133
     138
     124
     114
     113
     139
     119
      94
     134
     133
     136
     118
     107
     120
     114
     107
     118
     118
     112
     121
     104
     118
     112
     110
     133
     130
     115
     132
     124
     131
     108
     134
     113
     121
     103
     118
     130
     134
     114
     121
     134
     126
     121
     107
     112
     136
     118
     120
     146
     132
     121
     139
     130
     134
     139
     125
     151
     152
     165
     162
     173
     155
     222
     183
     193
     194
     219
     212
     255
     248
     292
     282
     294
     317
     342
     336
     345
     398
     422
     444
     446
     482
     492
     529
     530
     615
     593
     656
     684
     687
     761
     786
     807
     873
     905
     944
     964
    1009
    1008
    1083
    1105
    1078
    1151
    1201
    1230
    1186
    1315
    1235
    1305
    1256
    1287
    1334
    1383
    1291
    1415
    1361
    1350
    1324
    1397
    1308
    1305
    1281
    1233
    1199
    1199
    1227
    1096
    1116
    1112
    1067
    1032
     933
     911
     851
     860
     791
     767
     754
     727
     751
     597
     590
     577
     489
     535
     452
     461
     390
     358
     338
     294
     270
     278
     238
     207
     213
     173
     169
     154
     151
     138
     123
     121
     100
     113
      88
      84
      70
      83
      81
      65
      71
      74
      60
      51
      64
      61
      49
      59
      44
      44
      45
      50
      57
      66
      45
      60
      48
      36
      36
      65
      49
      44
      42
      50
      53
      59
      45
      42
      47
      50
      59
      47
      55
      41
      64
      44
      42
      45
      57
      48
      45
      48
      52
      39
      54
      50
      66
      35
      57
      56
      58
      58
      57
      43
      72
      47
      48
      41
      44
      53
      61
      46
      41
      37
      43
      46
      48
      44
      41
      44
      35
      50
      44
      55
      50
      44
      54
      58
      55
      31
      41
      60
      50
      56
      47
      50
      39
      46
      51
      42
      52
      44
      36
      39
      43
      52
      45
      37
      41
      49
      48
      41
      46
      44
      45
      46
      44
      30
      41
      33
      39
      46
      55
      45
      46
      56
      48
      28
      42
      46
      43
      39
      43
      43
      49
      34
      41
      59
      40
      54
      60
      41
      50
      47
      25
      45
      43
      40
      44
      39
      39
      42
      46
      37
      51
      44
      60
      50
      43
      45
      29
      49
      46
      46
      52
      42
      54
      43
      41
      39
      40
      49
      36
      57
      51
      49
      37
      45
      40
      39
      43
      45
      51
      50
      35
      46
      43
      48
      39
      49
      43
      42
      39
      43
      39
      47
      50
      47
      40
      36
      51
      34
      35
      38
      51
      44
      42
      50
      41
      41
      45
      52
      40
      49
      40
      35
      35
      34
      55
      44
      50
      42
      37
      51
      55
      45
      38
      40
      51
      37
      42
      33
      55
      43
      42
      54
      38
      43
      38
      36
      40
      47
      44
      51
      57
      51
      49
      44
      42
      43
      44
      49
      46
      50
      58
      49
      41
      36
      48
      46
      43
      45
      44
      43
      47
      44
      47
      36
      44
      38
      49
      57
      54
      47
      53
      33
      44
      36
      40
      31
      59
      49
      51
      43
      50
      30
      45
      56
      43
      49
      44
      45
      52
      42
      49
      63
      49
      48
      45
      50
      53
      48
      45
      52
      48
      42
      39
      43
      39
      50
      60
      37
      39
      45
      56
      60
      53
      53
      47
      52
      52
      43
      42
      47
      43
      45
      41
      52
      40
      36
      47
      47
      55
      57
      49
      50
       9
       0
       0
       0
       0
       0
       0
       0
       0
       0
       0
       0
       0
       0
       0
       0
       0
       0
       0
       0
       0
       0
       0
       0
       0
       0
       0
       0
       0
       0
       0
       0
       0
       0
       0
       0
       0
       0
       0
       0
       0
       0
       0
       0
       0
       0
       0
       0
       0
       0
       0
       0
       0
       0
       0
       0
       0
       0
       0
       0
       0
       0
       0
       0
       0
       0
       0
       0
$ROI:
2
95 97
514 605
$PRESETS:
Real Time
200
0
$ENER_FIT:
-289.438599 1.280702
$MCA_CAL:
3
-2.894386E+002 1.280702E+000 0.000000E+000
$SHAPE_CAL:
3
0.000000E+000 0.000000E+000 0.000000E+000
