$SPEC_ID:
MEASURE 654.
$SPEC_REM:
DET# 1
DETDESC# MCB 25
AP# Maestro Version 6.05
$DATE_MEA:
04/07/2003 14:34:48
$MEAS_TIM:
196 200
$DATA:
0 1023
       0
       0
       0
       0
       0
       0
       0
       0
       0
       0
       0
       0
       0
       0
       0
       0
       0
       0
       0
       0
       0
       0
       0
       0
       0
       0
       0
       0
       0
       0
       0
       0
       0
       0
       0
       0
       0
       0
       0
       0
       0
       0
       0
       0
     140
     237
     285
     260
     266
     247
     267
     282
     296
     271
     303
     274
     287
     279
     264
     262
     272
     271
     296
     263
     291
     295
     269
     290
     277
     312
     347
     300
     299
     351
     325
     305
     330
     322
     349
     319
     306
     361
     343
     397
     381
     394
     414
     391
     374
     392
     414
     455
     439
     417
     431
     419
     487
     476
     469
     468
     476
     449
     494
     534
     525
     550
     491
     487
     463
     507
     472
     486
     536
     577
     518
     541
     559
     491
     578
     561
     541
     531
     587
     521
     580
     567
     590
     599
     610
     591
     638
     594
     584
     588
     629
     603
     636
     613
     625
     610
     622
     642
     624
     623
     557
     636
     622
     614
     611
     621
     648
     604
     658
     622
     600
     608
     653
     576
     648
     592
     627
     610
     622
     626
     669
     613
     608
     606
     637
     620
     676
     635
     624
     615
     582
     616
     572
     610
     593
     655
     599
     660
     601
     660
     638
     588
     660
     642
     612
     632
     670
     659
     657
     701
     642
     615
     681
     670
     720
     725
     687
     679
     725
     731
     737
     735
     707
     736
     706
     706
     700
     749
     671
     680
     700
     701
     691
     711
     724
     651
     717
     719
     695
     644
     627
     681
     635
     639
     650
     662
     633
     635
     613
     590
     623
     654
     570
     603
     605
     564
     637
     581
     582
     616
     536
     552
     534
     548
     604
     524
     558
     569
     522
     552
     498
     568
     567
     557
     550
     519
     556
     516
     570
     541
     541
     505
     535
     514
     559
     486
     508
     490
     500
     495
     505
     511
     480
     458
     491
     438
     510
     496
     457
     445
     430
     460
     457
     469
     484
     431
     432
     420
     441
     401
     420
     431
     416
     436
     415
     382
     410
     423
     386
     408
     349
     434
     407
     424
     382
     393
     372
     406
     428
     392
     401
     396
     381
     420
     379
     426
     367
     402
     399
     360
     351
     373
     364
     393
     410
     376
     395
     373
     373
     394
     379
     370
     368
     362
     380
     343
     360
     371
     345
     349
     352
     369
     343
     368
     362
     349
     362
     335
     350
     369
     367
     340
     330
     298
     329
     324
     320
     305
     312
     325
     318
     319
     295
     296
     259
     301
     273
     282
     271
     271
     232
     269
     270
     276
     260
     254
     238
     262
     278
     259
     246
     248
     237
     232
     225
     204
     200
     222
     197
     214
     201
     186
     205
     213
     194
     218
     206
     206
     183
     199
     176
     198
     184
     168
     195
     182
     157
     145
     181
     177
     172
     171
     167
     173
     160
     179
     183
     151
     160
     158
     153
     126
     153
     129
     139
     158
     160
     167
     143
     145
     151
     146
     134
     139
     123
     139
     121
     162
     125
     140
     139
     147
     128
     119
     134
     125
     140
     132
     123
     146
     155
     115
     127
     131
     111
     116
     130
     128
     127
     105
     108
     129
     106
     133
     120
     127
     132
     137
      98
     114
     126
     126
     123
     129
     113
     118
     127
     116
     131
     117
     121
     106
     125
     124
     126
     112
      99
     101
     107
     132
     118
     118
     130
     121
     133
     110
     120
     122
     131
     130
     136
     139
     126
     128
     134
     125
     125
     121
     126
     140
     127
     156
     166
     158
     170
     169
     173
     184
     171
     198
     209
     212
     243
     223
     256
     278
     315
     310
     255
     328
     369
     372
     397
     404
     470
     465
     478
     502
     551
     527
     586
     646
     692
     732
     693
     766
     763
     823
     859
     887
     981
    1010
    1006
     951
    1064
    1069
    1141
    1147
    1179
    1141
    1263
    1248
    1302
    1296
    1374
    1326
    1363
    1289
    1291
    1409
    1333
    1401
    1322
    1378
    1371
    1275
    1315
    1228
    1208
    1271
    1216
    1200
    1154
    1084
    1049
    1071
    1030
     916
     872
     848
     840
     802
     761
     720
     687
     647
     607
     582
     499
     486
     444
     389
     409
     353
     337
     314
     294
     240
     211
     239
     247
     195
     178
     174
     165
     142
     114
      91
     103
     104
      76
      94
      81
      84
      65
      74
      80
      69
      61
      60
      59
      45
      68
      59
      41
      56
      42
      43
      60
      50
      58
      44
      52
      53
      63
      37
      46
      39
      45
      50
      41
      55
      43
      43
      55
      38
      50
      59
      53
      59
      56
      51
      49
      56
      48
      47
      40
      47
      51
      45
      46
      38
      43
      53
      55
      50
      53
      68
      40
      48
      45
      46
      54
      47
      57
      53
      47
      54
      44
      50
      51
      43
      47
      51
      52
      42
      38
      37
      54
      60
      46
      39
      45
      45
      47
      53
      51
      37
      50
      62
      41
      53
      46
      47
      34
      48
      39
      41
      39
      32
      33
      53
      42
      49
      49
      42
      46
      42
      50
      36
      47
      41
      63
      43
      46
      36
      42
      46
      57
      58
      36
      44
      44
      38
      35
      49
      45
      37
      44
      39
      39
      46
      42
      45
      42
      45
      41
      37
      42
      52
      40
      28
      39
      48
      43
      38
      48
      37
      51
      41
      44
      42
      41
      46
      39
      51
      44
      28
      49
      41
      47
      50
      43
      48
      35
      49
      49
      48
      47
      37
      54
      37
      43
      44
      49
      45
      47
      41
      54
      34
      42
      52
      42
      38
      36
      47
      40
      41
      41
      38
      45
      35
      50
      49
      42
      46
      69
      41
      49
      50
      37
      64
      40
      44
      43
      45
      46
      49
      48
      35
      54
      41
      47
      40
      41
      45
      42
      38
      52
      42
      40
      48
      54
      39
      57
      43
      41
      47
      47
      46
      41
      40
      23
      48
      44
      50
      35
      41
      54
      58
      49
      55
      51
      49
      41
      40
      51
      44
      46
      39
      49
      54
      42
      40
      51
      50
      38
      44
      52
      43
      42
      48
      35
      51
      39
      51
      49
      48
      42
      54
      52
      57
      44
      34
      52
      46
      48
      33
      48
      49
      44
      36
      41
      47
      38
      49
      47
      49
      45
      31
      41
      50
      43
      51
      43
      56
      32
      30
      53
      47
      38
      46
      37
      43
      48
      59
      32
      54
      38
      55
      54
      57
      46
      48
      43
      54
      43
      54
      58
      43
      52
      39
      51
      39
      49
      41
      43
      51
      43
      61
      38
      27
       1
       0
       0
       0
       0
       0
       0
       0
       0
       0
       0
       0
       0
       0
       0
       0
       0
       0
       0
       0
       0
       0
       0
       0
       0
       0
       0
       0
       0
       0
       0
       0
       0
       0
       0
       0
       0
       0
       0
       0
       0
       0
       0
       0
       0
       0
       0
       0
       0
       0
       0
       0
       0
       0
       0
       0
       0
       0
       0
       0
       0
       0
       0
       0
       0
       0
       0
       0
$ROI:
2
95 97
514 605
$PRESETS:
Real Time
200
0
$ENER_FIT:
-289.438599 1.280702
$MCA_CAL:
3
-2.894386E+002 1.280702E+000 0.000000E+000
$SHAPE_CAL:
3
0.000000E+000 0.000000E+000 0.000000E+000
