$SPEC_ID:
MEASURE 577.
$SPEC_REM:
DET# 1
DETDESC# MCB 25
AP# Maestro Version 6.05
$DATE_MEA:
04/07/2003 08:09:48
$MEAS_TIM:
196 200
$DATA:
0 1023
       0
       0
       0
       0
       0
       0
       0
       0
       0
       0
       0
       0
       0
       0
       0
       0
       0
       0
       0
       0
       0
       0
       0
       0
       0
       0
       0
       0
       0
       0
       0
       0
       0
       0
       0
       0
       0
       0
       0
       0
       0
       0
       0
       0
     124
     257
     243
     282
     294
     269
     276
     283
     299
     257
     276
     268
     220
     290
     286
     299
     285
     284
     281
     296
     258
     305
     300
     314
     281
     287
     312
     323
     343
     342
     334
     349
     330
     322
     338
     340
     342
     390
     339
     344
     361
     395
     406
     405
     418
     435
     408
     437
     407
     422
     420
     425
     456
     455
     463
     459
     493
     467
     516
     474
     476
     533
     523
     455
     487
     532
     523
     509
     580
     551
     532
     527
     519
     560
     560
     556
     563
     582
     566
     551
     567
     575
     596
     592
     568
     585
     578
     557
     598
     545
     606
     602
     548
     641
     641
     573
     605
     618
     607
     626
     592
     628
     634
     611
     679
     596
     611
     636
     638
     610
     610
     587
     579
     596
     646
     621
     642
     631
     594
     597
     578
     596
     626
     605
     637
     612
     594
     596
     578
     648
     634
     629
     616
     627
     566
     693
     617
     600
     612
     597
     592
     622
     606
     597
     603
     660
     622
     681
     673
     647
     664
     659
     662
     678
     683
     698
     690
     683
     685
     699
     679
     753
     698
     669
     712
     705
     736
     733
     730
     699
     711
     742
     731
     688
     686
     735
     695
     649
     656
     665
     683
     624
     631
     686
     647
     594
     624
     617
     653
     563
     597
     617
     593
     567
     632
     595
     619
     587
     596
     561
     565
     592
     576
     601
     561
     575
     621
     575
     555
     570
     572
     558
     615
     536
     568
     508
     532
     581
     485
     528
     540
     486
     511
     486
     510
     485
     545
     528
     462
     466
     504
     476
     476
     465
     503
     472
     428
     466
     472
     438
     466
     452
     463
     491
     463
     442
     412
     407
     453
     424
     403
     449
     425
     439
     430
     417
     377
     413
     400
     418
     414
     377
     416
     408
     409
     384
     372
     420
     439
     410
     414
     399
     421
     388
     392
     401
     384
     393
     404
     416
     378
     389
     411
     356
     358
     358
     367
     390
     343
     372
     358
     368
     383
     366
     365
     382
     390
     354
     405
     402
     364
     363
     332
     369
     382
     336
     362
     377
     337
     333
     348
     342
     343
     346
     304
     338
     344
     325
     367
     300
     316
     320
     318
     318
     288
     325
     279
     278
     262
     300
     262
     295
     288
     246
     276
     255
     223
     272
     276
     231
     231
     216
     210
     256
     236
     221
     198
     209
     193
     224
     198
     211
     237
     192
     202
     203
     180
     174
     205
     178
     170
     163
     167
     180
     174
     191
     163
     173
     155
     153
     174
     188
     136
     172
     163
     158
     157
     144
     156
     151
     163
     140
     157
     151
     145
     146
     117
     133
     157
     139
     148
     157
     134
     140
     153
     144
     123
     160
     136
     122
     136
     126
     169
     114
     129
     129
     117
     115
     122
     139
     122
     133
     119
     113
     124
      96
     126
     119
     121
     118
     132
     116
     138
     134
     139
     110
     130
     100
     107
     101
     129
     113
     116
     106
     107
     124
     140
     123
     121
     141
     117
      96
     105
     104
     115
     123
     117
     101
     105
     126
     126
     126
     110
     128
     139
     136
     132
     129
     150
     130
     124
     131
     123
     135
     156
     145
     127
     146
     144
     130
     161
     186
     179
     158
     178
     164
     180
     176
     190
     191
     198
     237
     214
     261
     254
     293
     272
     289
     301
     349
     331
     335
     382
     404
     418
     432
     490
     514
     527
     598
     574
     650
     607
     642
     713
     690
     742
     858
     863
     877
     897
     967
     997
     987
    1040
    1069
    1087
    1243
    1211
    1228
    1171
    1272
    1288
    1356
    1288
    1302
    1321
    1346
    1335
    1348
    1401
    1308
    1359
    1319
    1295
    1264
    1328
    1292
    1186
    1213
    1207
    1170
    1122
    1062
    1006
    1008
    1041
     929
     934
     855
     807
     777
     753
     739
     681
     576
     592
     518
     533
     490
     433
     435
     417
     360
     332
     312
     263
     244
     258
     228
     190
     173
     167
     175
     164
     147
     122
     127
     108
      91
     111
      88
      96
      91
      77
      71
      87
      66
      69
      65
      56
      52
      53
      51
      61
      40
      53
      44
      41
      43
      60
      46
      50
      43
      63
      40
      49
      48
      63
      52
      47
      76
      54
      51
      45
      39
      47
      63
      55
      59
      56
      45
      40
      52
      40
      44
      47
      48
      53
      47
      50
      53
      35
      49
      45
      50
      45
      43
      48
      51
      55
      42
      50
      57
      49
      46
      51
      53
      50
      48
      40
      53
      60
      56
      53
      50
      45
      52
      38
      43
      47
      55
      40
      49
      33
      48
      41
      39
      42
      50
      44
      36
      40
      31
      45
      45
      42
      55
      44
      40
      40
      55
      41
      51
      43
      37
      45
      52
      48
      43
      49
      41
      38
      39
      51
      50
      37
      51
      43
      46
      37
      48
      50
      45
      46
      46
      41
      40
      52
      48
      47
      44
      56
      48
      45
      41
      53
      51
      52
      47
      37
      34
      36
      42
      48
      42
      42
      44
      31
      43
      35
      47
      35
      47
      55
      38
      34
      41
      51
      52
      39
      44
      30
      54
      35
      38
      46
      24
      42
      32
      53
      41
      55
      46
      50
      35
      42
      41
      44
      43
      45
      48
      36
      32
      32
      36
      32
      53
      48
      35
      31
      44
      55
      48
      42
      42
      33
      46
      51
      50
      50
      41
      39
      47
      44
      40
      47
      57
      52
      43
      38
      49
      52
      51
      37
      48
      31
      55
      41
      47
      51
      41
      41
      43
      44
      38
      47
      48
      43
      53
      38
      43
      52
      36
      45
      41
      49
      38
      36
      34
      48
      57
      36
      46
      55
      42
      39
      56
      59
      40
      44
      47
      41
      41
      34
      58
      59
      52
      64
      42
      44
      45
      49
      40
      48
      47
      50
      48
      37
      51
      33
      51
      57
      40
      49
      47
      35
      34
      42
      46
      38
      56
      46
      47
      38
      36
      50
      49
      44
      47
      37
      41
      50
      49
      36
      48
      54
      51
      51
      67
      45
      39
      57
      54
      45
      47
      57
      45
      48
      49
      42
      45
      48
      48
      40
      45
      58
      49
      49
      52
      42
      40
      42
      61
      39
      42
      53
      48
      39
      48
      50
      42
       4
       0
       0
       0
       0
       0
       0
       0
       0
       0
       0
       0
       0
       0
       0
       0
       0
       0
       0
       0
       0
       0
       0
       0
       0
       0
       0
       0
       0
       0
       0
       0
       0
       0
       0
       0
       0
       0
       0
       0
       0
       0
       0
       0
       0
       0
       0
       0
       0
       0
       0
       0
       0
       0
       0
       0
       0
       0
       0
       0
       0
       0
       0
       0
       0
       0
       0
       0
$ROI:
2
95 97
514 605
$PRESETS:
Real Time
200
0
$ENER_FIT:
-289.438599 1.280702
$MCA_CAL:
3
-2.894386E+002 1.280702E+000 0.000000E+000
$SHAPE_CAL:
3
0.000000E+000 0.000000E+000 0.000000E+000
