$SPEC_ID:
MEASURE 483.
$SPEC_REM:
DET# 1
DETDESC# MCB 25
AP# Maestro Version 6.05
$DATE_MEA:
04/07/2003 00:19:48
$MEAS_TIM:
196 200
$DATA:
0 1023
       0
       0
       0
       0
       0
       0
       0
       0
       0
       0
       0
       0
       0
       0
       0
       0
       0
       0
       0
       0
       0
       0
       0
       0
       0
       0
       0
       0
       0
       0
       0
       0
       0
       0
       0
       0
       0
       0
       0
       0
       0
       0
       0
       0
     118
     269
     269
     278
     294
     274
     252
     241
     294
     264
     254
     270
     295
     297
     291
     272
     295
     286
     278
     309
     297
     278
     292
     306
     269
     306
     285
     344
     341
     319
     354
     297
     331
     327
     362
     337
     356
     303
     350
     369
     410
     369
     369
     400
     359
     422
     412
     410
     431
     409
     428
     468
     442
     439
     413
     461
     489
     481
     506
     506
     455
     476
     453
     475
     530
     507
     533
     469
     535
     529
     519
     513
     533
     566
     576
     539
     563
     543
     534
     534
     592
     615
     596
     563
     569
     586
     575
     622
     583
     613
     576
     588
     608
     594
     579
     646
     639
     606
     619
     634
     610
     621
     570
     668
     642
     644
     639
     594
     642
     636
     642
     615
     629
     633
     621
     627
     692
     601
     621
     646
     649
     605
     576
     622
     682
     632
     626
     568
     615
     567
     633
     621
     623
     576
     624
     659
     624
     583
     593
     637
     640
     631
     616
     656
     639
     618
     620
     642
     632
     622
     645
     671
     609
     655
     664
     705
     750
     708
     695
     711
     716
     740
     700
     724
     722
     746
     695
     713
     722
     782
     714
     684
     723
     691
     681
     697
     693
     713
     680
     703
     648
     647
     653
     675
     646
     680
     628
     611
     633
     600
     591
     581
     596
     602
     595
     631
     572
     559
     593
     613
     586
     578
     574
     571
     592
     552
     582
     553
     563
     573
     573
     523
     519
     542
     533
     566
     531
     542
     504
     561
     524
     478
     494
     493
     469
     469
     518
     496
     482
     466
     514
     461
     467
     450
     481
     503
     507
     482
     466
     462
     498
     450
     460
     449
     422
     419
     442
     435
     449
     439
     379
     484
     430
     452
     433
     424
     454
     452
     401
     410
     405
     412
     436
     376
     369
     394
     391
     420
     358
     383
     406
     393
     412
     404
     421
     405
     406
     375
     345
     398
     380
     352
     378
     359
     341
     383
     366
     377
     397
     396
     352
     397
     372
     374
     369
     368
     370
     371
     378
     370
     381
     362
     365
     334
     402
     340
     355
     343
     339
     347
     339
     355
     345
     335
     342
     335
     328
     327
     316
     340
     302
     323
     322
     276
     260
     296
     320
     288
     274
     277
     303
     262
     277
     296
     254
     276
     270
     232
     246
     254
     242
     250
     218
     228
     227
     241
     214
     236
     238
     222
     203
     226
     200
     169
     199
     188
     198
     209
     170
     191
     191
     202
     199
     190
     182
     171
     162
     157
     179
     145
     152
     177
     196
     156
     167
     192
     155
     157
     144
     183
     145
     142
     163
     164
     134
     138
     125
     160
     126
     122
     132
     144
     154
     135
     133
     152
     125
     140
     134
     149
     141
     130
     114
     128
     140
     123
     136
     109
     142
     122
     115
     125
     136
     133
     130
     131
     133
     119
     127
     127
     121
     120
     123
     131
     120
     119
     121
     117
     125
     126
     120
     133
     148
     127
     119
     118
     112
     122
      97
     108
     115
     125
     109
     113
     120
     134
     118
     126
     105
     105
     110
     124
     108
     107
     116
     113
     137
     136
     139
     115
     112
     113
     135
     145
     163
     126
     132
     133
     136
     161
     139
     158
     142
     147
     167
     178
     173
     184
     196
     196
     225
     230
     233
     261
     259
     256
     278
     289
     267
     310
     323
     371
     402
     436
     392
     477
     454
     489
     529
     549
     599
     619
     648
     607
     718
     750
     840
     785
     861
     885
     943
     941
     907
     996
    1047
    1030
    1136
    1188
    1123
    1200
    1228
    1226
    1242
    1323
    1346
    1329
    1358
    1348
    1398
    1342
    1412
    1369
    1319
    1307
    1327
    1223
    1327
    1281
    1301
    1195
    1150
    1110
    1162
    1055
    1094
     981
    1024
     944
     902
     864
     842
     774
     751
     678
     699
     676
     594
     616
     543
     496
     447
     441
     386
     376
     342
     320
     282
     286
     247
     229
     241
     199
     181
     159
     169
     133
     127
     124
     112
     105
     120
      92
      90
      74
      68
      64
      58
      74
      70
      55
      70
      49
      51
      50
      53
      62
      61
      58
      38
      46
      45
      36
      57
      47
      34
      46
      46
      56
      60
      44
      41
      53
      38
      42
      41
      47
      56
      56
      65
      51
      50
      55
      45
      46
      44
      52
      56
      44
      58
      48
      55
      42
      39
      58
      41
      49
      63
      42
      41
      48
      53
      46
      46
      37
      37
      45
      67
      38
      59
      43
      54
      33
      46
      46
      54
      37
      41
      44
      36
      54
      51
      45
      51
      44
      40
      55
      48
      46
      43
      39
      50
      51
      41
      45
      36
      45
      39
      35
      47
      51
      54
      36
      28
      42
      48
      43
      49
      44
      38
      39
      36
      55
      45
      31
      50
      45
      39
      50
      52
      36
      41
      40
      39
      41
      36
      46
      56
      45
      43
      48
      46
      47
      48
      52
      49
      58
      41
      47
      33
      37
      39
      46
      51
      42
      47
      49
      38
      29
      42
      42
      57
      35
      31
      38
      40
      50
      46
      49
      42
      54
      43
      38
      46
      32
      49
      37
      45
      46
      46
      39
      40
      49
      39
      47
      42
      48
      39
      56
      43
      45
      49
      50
      27
      39
      47
      34
      41
      56
      46
      47
      47
      33
      46
      35
      57
      50
      41
      39
      35
      46
      44
      39
      44
      58
      48
      50
      54
      41
      50
      50
      37
      50
      50
      53
      47
      50
      54
      47
      45
      33
      49
      52
      27
      42
      47
      41
      35
      42
      60
      43
      34
      42
      45
      54
      39
      48
      66
      40
      43
      44
      51
      48
      58
      52
      45
      47
      46
      44
      47
      49
      50
      49
      45
      44
      45
      34
      42
      40
      48
      36
      46
      38
      41
      47
      54
      48
      48
      40
      50
      51
      43
      51
      45
      40
      40
      36
      36
      63
      48
      45
      30
      43
      51
      48
      43
      51
      52
      45
      56
      49
      50
      46
      39
      47
      37
      44
      44
      48
      45
      50
      53
      54
      43
      41
      52
      38
      54
      35
      49
      46
      45
      48
      44
      41
      43
      61
      50
      45
      45
      56
      44
      48
      54
      45
      42
      53
      54
      37
      49
      49
      52
      37
       1
       0
       0
       0
       0
       0
       0
       0
       0
       0
       0
       0
       0
       0
       0
       0
       0
       0
       0
       0
       0
       0
       0
       0
       0
       0
       0
       0
       0
       0
       0
       0
       0
       0
       0
       0
       0
       0
       0
       0
       0
       0
       0
       0
       0
       0
       0
       0
       0
       0
       0
       0
       0
       0
       0
       0
       0
       0
       0
       0
       0
       0
       0
       0
       0
       0
       0
       0
$ROI:
2
95 97
514 605
$PRESETS:
Real Time
200
0
$ENER_FIT:
-289.438599 1.280702
$MCA_CAL:
3
-2.894386E+002 1.280702E+000 0.000000E+000
$SHAPE_CAL:
3
0.000000E+000 0.000000E+000 0.000000E+000
