$SPEC_ID:
MEASURE 686.
$SPEC_REM:
DET# 1
DETDESC# MCB 25
AP# Maestro Version 6.05
$DATE_MEA:
04/07/2003 17:14:48
$MEAS_TIM:
196 200
$DATA:
0 1023
       0
       0
       0
       0
       0
       0
       0
       0
       0
       0
       0
       0
       0
       0
       0
       0
       0
       0
       0
       0
       0
       0
       0
       0
       0
       0
       0
       0
       0
       0
       0
       0
       0
       0
       0
       0
       0
       0
       0
       0
       0
       0
       0
       0
     131
     295
     274
     271
     301
     265
     247
     253
     281
     275
     232
     267
     251
     285
     281
     267
     308
     270
     275
     322
     328
     246
     297
     294
     294
     284
     296
     337
     312
     309
     346
     341
     340
     338
     335
     340
     344
     373
     345
     357
     397
     394
     376
     365
     369
     407
     427
     409
     437
     452
     425
     438
     440
     463
     432
     458
     491
     420
     490
     482
     476
     495
     517
     480
     479
     518
     510
     531
     500
     495
     524
     545
     542
     533
     540
     526
     538
     573
     592
     550
     579
     574
     589
     626
     581
     571
     593
     553
     567
     596
     585
     658
     589
     573
     577
     651
     585
     629
     623
     614
     618
     630
     640
     647
     611
     597
     675
     687
     645
     607
     685
     651
     618
     650
     682
     639
     688
     638
     619
     635
     668
     630
     559
     645
     576
     608
     605
     618
     590
     592
     605
     592
     607
     619
     636
     635
     635
     643
     618
     674
     619
     626
     666
     632
     638
     637
     631
     629
     692
     627
     652
     650
     682
     725
     679
     645
     700
     696
     726
     756
     776
     736
     719
     747
     756
     730
     774
     714
     701
     748
     746
     724
     689
     684
     658
     686
     682
     705
     672
     672
     692
     636
     678
     641
     613
     636
     596
     672
     635
     613
     618
     590
     562
     608
     590
     657
     595
     579
     547
     584
     552
     611
     573
     557
     553
     548
     564
     550
     564
     535
     532
     556
     523
     539
     534
     534
     527
     520
     542
     516
     536
     519
     518
     521
     511
     528
     530
     475
     484
     461
     508
     506
     479
     471
     458
     518
     452
     487
     503
     442
     447
     451
     439
     469
     466
     454
     465
     457
     431
     424
     429
     418
     465
     432
     429
     437
     404
     399
     410
     402
     409
     442
     396
     381
     372
     406
     424
     430
     418
     388
     398
     369
     395
     382
     393
     364
     388
     419
     378
     351
     391
     372
     402
     359
     360
     418
     396
     408
     400
     387
     347
     390
     347
     385
     359
     361
     349
     352
     338
     351
     371
     352
     367
     358
     353
     364
     350
     324
     362
     363
     330
     344
     327
     325
     341
     353
     334
     305
     297
     331
     296
     306
     314
     323
     317
     317
     302
     309
     285
     314
     299
     272
     251
     263
     255
     271
     259
     251
     258
     264
     233
     248
     233
     203
     213
     239
     223
     219
     204
     216
     198
     207
     191
     184
     191
     191
     211
     202
     178
     178
     214
     165
     195
     191
     183
     174
     178
     177
     183
     162
     165
     159
     178
     151
     138
     154
     163
     127
     149
     153
     170
     145
     141
     147
     158
     141
     160
     151
     150
     148
     137
     156
     157
     157
     156
     134
     104
     129
     137
     129
     151
     117
     142
     140
     140
     141
     112
     133
     138
     129
     116
     146
     132
     138
     133
     118
     131
     123
     102
     118
     135
      97
     122
     108
     130
     120
     109
     134
     120
     105
     105
     112
     129
     106
     140
     130
     134
     115
     122
     113
     137
     136
      99
      98
     127
     120
     128
     105
     132
     112
     122
     117
     137
     123
     120
     124
     105
     111
     127
     132
     118
     121
     120
     133
     132
     131
     139
     159
     141
     148
     123
     154
     163
     181
     159
     163
     171
     193
     204
     207
     232
     217
     263
     238
     285
     282
     281
     317
     322
     319
     330
     351
     360
     416
     472
     472
     469
     518
     565
     612
     576
     661
     635
     681
     720
     750
     817
     819
     873
     881
     916
     940
    1011
    1091
    1059
    1084
    1104
    1130
    1203
    1223
    1268
    1235
    1269
    1263
    1303
    1288
    1346
    1357
    1374
    1390
    1324
    1350
    1395
    1345
    1311
    1301
    1250
    1254
    1225
    1192
    1176
    1204
    1133
    1060
    1004
    1032
    1022
     933
     906
     829
     837
     808
     751
     667
     664
     635
     584
     574
     580
     507
     397
     406
     350
     359
     319
     327
     277
     263
     242
     213
     200
     195
     160
     166
     149
     147
     149
     134
      93
      89
     107
      91
      87
      92
      84
      84
      83
      72
      69
      56
      74
      57
      56
      55
      65
      51
      63
      63
      48
      48
      46
      68
      58
      44
      46
      51
      36
      35
      48
      53
      50
      54
      53
      42
      50
      53
      40
      48
      42
      56
      55
      61
      46
      38
      54
      59
      47
      59
      42
      51
      47
      36
      54
      48
      49
      39
      65
      53
      38
      47
      36
      42
      51
      50
      58
      47
      51
      50
      45
      50
      54
      46
      55
      50
      52
      46
      51
      49
      45
      36
      41
      44
      41
      46
      58
      44
      50
      44
      44
      51
      48
      35
      39
      45
      40
      44
      39
      34
      41
      40
      38
      45
      55
      37
      41
      40
      51
      41
      44
      44
      45
      58
      37
      53
      46
      55
      36
      39
      49
      49
      47
      36
      54
      47
      48
      37
      42
      45
      36
      47
      48
      43
      51
      42
      49
      41
      45
      38
      45
      43
      43
      54
      45
      42
      40
      39
      46
      54
      50
      42
      43
      43
      47
      40
      40
      44
      47
      46
      47
      38
      51
      49
      38
      38
      38
      48
      49
      50
      50
      56
      44
      56
      38
      35
      36
      42
      44
      36
      42
      51
      32
      38
      41
      54
      54
      53
      46
      43
      41
      37
      48
      35
      33
      58
      44
      45
      50
      44
      33
      39
      50
      46
      42
      43
      43
      35
      47
      40
      54
      35
      34
      43
      34
      57
      55
      39
      44
      35
      47
      45
      43
      60
      43
      37
      37
      56
      56
      49
      66
      37
      45
      39
      53
      49
      50
      46
      43
      43
      48
      47
      35
      58
      47
      51
      38
      38
      44
      34
      54
      54
      40
      38
      55
      50
      47
      44
      52
      44
      57
      34
      47
      41
      48
      44
      40
      52
      39
      42
      40
      49
      41
      50
      61
      48
      36
      49
      50
      39
      45
      48
      44
      46
      37
      45
      44
      52
      48
      62
      42
      43
      44
      59
      45
      54
      41
      50
      48
      45
      50
      41
      49
      44
      51
      46
      40
      42
      41
      35
      51
      51
      48
      57
      47
      40
      47
      35
      38
      41
      42
      38
      42
      36
      51
      45
      37
      34
      47
      47
      45
      47
      52
      36
       1
       0
       0
       0
       0
       0
       0
       0
       0
       0
       0
       0
       0
       0
       0
       0
       0
       0
       0
       0
       0
       0
       0
       0
       0
       0
       0
       0
       0
       0
       0
       0
       0
       0
       0
       0
       0
       0
       0
       0
       0
       0
       0
       0
       0
       0
       0
       0
       0
       0
       0
       0
       0
       0
       0
       0
       0
       0
       0
       0
       0
       0
       0
       0
       0
       0
       0
       0
$ROI:
2
95 97
514 605
$PRESETS:
Real Time
200
0
$ENER_FIT:
-289.438599 1.280702
$MCA_CAL:
3
-2.894386E+002 1.280702E+000 0.000000E+000
$SHAPE_CAL:
3
0.000000E+000 0.000000E+000 0.000000E+000
