$SPEC_ID:
MEASURE 641.
$SPEC_REM:
DET# 1
DETDESC# MCB 25
AP# Maestro Version 6.05
$DATE_MEA:
04/07/2003 13:29:48
$MEAS_TIM:
196 200
$DATA:
0 1023
       0
       0
       0
       0
       0
       0
       0
       0
       0
       0
       0
       0
       0
       0
       0
       0
       0
       0
       0
       0
       0
       0
       0
       0
       0
       0
       0
       0
       0
       0
       0
       0
       0
       0
       0
       0
       0
       0
       0
       0
       0
       0
       0
       0
     129
     276
     265
     254
     282
     281
     264
     268
     246
     297
     265
     316
     311
     275
     330
     287
     270
     284
     293
     317
     301
     299
     299
     274
     294
     271
     279
     358
     314
     290
     336
     317
     338
     348
     339
     356
     338
     379
     366
     374
     354
     387
     374
     379
     379
     401
     397
     378
     458
     410
     423
     434
     471
     437
     456
     478
     505
     445
     458
     510
     491
     479
     506
     462
     503
     522
     493
     515
     502
     553
     536
     529
     563
     544
     497
     572
     552
     544
     565
     585
     585
     576
     544
     545
     585
     599
     568
     616
     586
     627
     614
     557
     570
     589
     628
     622
     604
     640
     640
     585
     626
     616
     637
     650
     625
     586
     615
     606
     628
     629
     648
     628
     652
     615
     633
     594
     592
     605
     648
     682
     648
     606
     635
     648
     657
     621
     607
     570
     647
     580
     620
     614
     621
     643
     614
     600
     612
     623
     601
     697
     590
     605
     631
     641
     637
     675
     673
     666
     699
     639
     676
     678
     679
     646
     691
     667
     698
     658
     738
     747
     695
     719
     659
     723
     725
     766
     735
     692
     691
     696
     720
     660
     730
     710
     677
     719
     773
     687
     706
     667
     630
     656
     654
     671
     630
     647
     664
     624
     614
     606
     601
     586
     598
     589
     591
     604
     584
     599
     577
     523
     570
     569
     564
     543
     554
     540
     529
     539
     494
     540
     538
     576
     516
     548
     547
     513
     562
     484
     532
     512
     497
     515
     490
     507
     541
     481
     537
     491
     496
     481
     487
     451
     532
     468
     486
     499
     469
     464
     452
     468
     445
     476
     444
     470
     508
     428
     467
     457
     436
     459
     414
     408
     405
     432
     391
     458
     440
     432
     416
     404
     423
     374
     382
     388
     387
     382
     418
     440
     410
     394
     393
     421
     377
     344
     388
     368
     396
     386
     387
     397
     348
     373
     368
     359
     377
     373
     387
     379
     383
     399
     374
     341
     360
     357
     384
     363
     382
     373
     360
     364
     366
     334
     332
     383
     366
     355
     329
     336
     391
     312
     344
     349
     315
     318
     346
     288
     315
     331
     344
     327
     300
     317
     302
     306
     322
     322
     303
     292
     259
     288
     284
     310
     264
     274
     271
     272
     263
     269
     240
     251
     244
     245
     221
     232
     240
     264
     204
     248
     228
     203
     199
     204
     197
     195
     183
     197
     178
     197
     199
     188
     160
     192
     160
     185
     173
     188
     180
     157
     125
     168
     176
     182
     161
     144
     158
     144
     127
     155
     157
     140
     158
     130
     162
     148
     143
     155
     163
     126
     161
     147
     126
     154
     119
     145
     148
     127
     140
     119
     146
     119
     137
     130
     136
     139
     123
     140
     109
     125
     123
     113
     102
     110
     128
     133
     102
     136
     132
     129
     141
     115
     134
     134
      96
     138
     112
     124
     109
     116
     110
     142
     118
     126
     134
     119
     104
     110
     107
     116
     125
     117
     108
      91
     110
     124
     110
     116
     154
     100
     115
     102
     117
     114
     114
     124
     115
     137
     120
     102
     138
     114
     127
     128
     133
     130
     144
     134
     141
     145
     139
     129
     156
     145
     144
     158
     172
     180
     186
     183
     203
     168
     198
     204
     224
     245
     245
     252
     290
     337
     295
     334
     374
     372
     407
     405
     454
     460
     472
     516
     556
     501
     554
     620
     645
     683
     737
     791
     781
     814
     814
     873
     913
     988
     986
    1054
    1020
    1084
    1148
    1145
    1179
    1246
    1270
    1249
    1352
    1250
    1342
    1319
    1350
    1333
    1337
    1358
    1316
    1398
    1355
    1340
    1301
    1301
    1304
    1208
    1288
    1196
    1242
    1208
    1153
    1108
    1095
    1059
     999
     969
     948
     894
     817
     759
     774
     689
     647
     657
     607
     512
     542
     463
     451
     424
     374
     373
     318
     285
     303
     250
     253
     247
     232
     185
     171
     138
     170
     143
     126
     107
     100
      89
      89
      88
      80
      74
      71
      58
      62
      54
      52
      64
      55
      64
      70
      66
      67
      61
      52
      57
      52
      48
      59
      52
      41
      47
      58
      54
      43
      57
      42
      56
      44
      49
      47
      38
      55
      37
      45
      54
      51
      60
      39
      47
      43
      50
      47
      36
      40
      42
      57
      55
      51
      46
      41
      56
      42
      47
      57
      40
      43
      54
      46
      64
      41
      48
      55
      43
      41
      45
      32
      45
      50
      46
      52
      55
      52
      40
      48
      46
      60
      47
      55
      54
      45
      42
      48
      48
      55
      45
      57
      45
      49
      42
      51
      37
      51
      41
      42
      53
      44
      47
      49
      30
      48
      48
      51
      51
      40
      50
      48
      45
      29
      43
      38
      43
      51
      39
      45
      39
      39
      45
      40
      51
      48
      34
      29
      33
      42
      46
      35
      47
      46
      38
      49
      31
      37
      44
      45
      40
      41
      31
      44
      51
      44
      45
      52
      48
      46
      56
      46
      35
      45
      44
      51
      37
      41
      45
      48
      56
      51
      47
      43
      46
      57
      44
      44
      46
      41
      49
      45
      54
      56
      40
      47
      42
      52
      49
      37
      51
      39
      47
      43
      39
      40
      43
      48
      51
      44
      34
      46
      40
      46
      42
      42
      36
      39
      43
      41
      43
      51
      51
      34
      51
      43
      53
      38
      39
      40
      38
      45
      54
      47
      46
      43
      31
      54
      57
      44
      50
      47
      42
      35
      38
      55
      40
      35
      33
      37
      43
      54
      39
      48
      31
      39
      49
      41
      42
      42
      53
      47
      53
      47
      43
      43
      45
      41
      35
      45
      45
      41
      47
      34
      46
      31
      46
      46
      46
      52
      44
      51
      41
      35
      47
      36
      36
      43
      49
      45
      43
      50
      52
      51
      34
      49
      57
      42
      48
      53
      37
      51
      52
      47
      44
      52
      49
      38
      45
      51
      40
      36
      63
      48
      44
      51
      43
      45
      44
      32
      46
      36
      46
      44
      46
      46
      46
      34
      38
      37
      36
      33
      57
      37
      49
      51
      49
      55
      44
      48
      40
      45
      38
      38
      48
      51
      48
      50
      55
      49
      40
      47
      58
      39
      39
       6
       0
       0
       0
       0
       0
       0
       0
       0
       0
       0
       0
       0
       0
       0
       0
       0
       0
       0
       0
       0
       0
       0
       0
       0
       0
       0
       0
       0
       0
       0
       0
       0
       0
       0
       0
       0
       0
       0
       0
       0
       0
       0
       0
       0
       0
       0
       0
       0
       0
       0
       0
       0
       0
       0
       0
       0
       0
       0
       0
       0
       0
       0
       0
       0
       0
       0
       0
$ROI:
2
95 97
514 605
$PRESETS:
Real Time
200
0
$ENER_FIT:
-289.438599 1.280702
$MCA_CAL:
3
-2.894386E+002 1.280702E+000 0.000000E+000
$SHAPE_CAL:
3
0.000000E+000 0.000000E+000 0.000000E+000
