$SPEC_ID:
MEASURE 488.
$SPEC_REM:
DET# 1
DETDESC# MCB 25
AP# Maestro Version 6.05
$DATE_MEA:
04/07/2003 00:44:48
$MEAS_TIM:
196 200
$DATA:
0 1023
       0
       0
       0
       0
       0
       0
       0
       0
       0
       0
       0
       0
       0
       0
       0
       0
       0
       0
       0
       0
       0
       0
       0
       0
       0
       0
       0
       0
       0
       0
       0
       0
       0
       0
       0
       0
       0
       0
       0
       0
       0
       0
       0
       0
     105
     262
     292
     279
     229
     267
     274
     279
     292
     281
     290
     250
     288
     259
     257
     268
     318
     268
     281
     309
     280
     300
     278
     290
     325
     293
     319
     295
     293
     299
     350
     294
     340
     331
     350
     303
     366
     369
     353
     359
     419
     368
     376
     383
     399
     424
     421
     405
     384
     424
     467
     475
     467
     481
     460
     484
     453
     456
     510
     465
     480
     510
     493
     550
     528
     501
     522
     471
     526
     507
     539
     570
     522
     509
     533
     576
     525
     581
     561
     564
     562
     581
     600
     573
     576
     549
     591
     569
     549
     594
     617
     658
     593
     620
     634
     591
     639
     651
     626
     663
     596
     637
     627
     598
     641
     622
     616
     637
     652
     652
     588
     633
     638
     610
     605
     664
     637
     624
     638
     615
     644
     654
     588
     612
     602
     616
     621
     657
     617
     578
     642
     660
     603
     610
     634
     629
     621
     622
     667
     633
     657
     661
     642
     637
     663
     687
     621
     669
     643
     645
     675
     653
     734
     691
     693
     721
     660
     697
     693
     720
     670
     665
     720
     688
     704
     687
     707
     708
     743
     686
     711
     691
     680
     713
     686
     674
     669
     619
     672
     694
     680
     683
     705
     632
     618
     642
     637
     634
     581
     625
     585
     616
     574
     637
     583
     574
     571
     612
     543
     516
     580
     585
     554
     526
     544
     573
     617
     542
     517
     566
     560
     585
     532
     518
     536
     545
     575
     563
     508
     508
     489
     547
     490
     528
     513
     540
     525
     504
     512
     508
     477
     469
     485
     473
     470
     465
     491
     483
     482
     483
     472
     463
     472
     409
     462
     446
     451
     467
     456
     443
     448
     450
     447
     432
     386
     433
     438
     395
     420
     382
     415
     427
     408
     448
     409
     424
     396
     397
     426
     398
     389
     421
     390
     381
     411
     374
     357
     363
     374
     386
     356
     351
     376
     411
     385
     397
     377
     350
     409
     398
     351
     360
     363
     374
     366
     344
     380
     376
     350
     360
     365
     368
     351
     349
     330
     389
     363
     370
     340
     333
     352
     332
     309
     339
     364
     330
     372
     323
     320
     326
     362
     333
     313
     337
     306
     322
     300
     266
     280
     287
     285
     263
     279
     261
     251
     273
     261
     266
     261
     280
     248
     214
     222
     201
     204
     232
     219
     244
     190
     207
     188
     212
     198
     193
     218
     206
     224
     198
     188
     183
     164
     181
     176
     183
     160
     158
     155
     197
     131
     148
     176
     172
     170
     148
     152
     133
     150
     151
     143
     166
     158
     171
     151
     138
     160
     178
     138
     135
     132
     131
     153
     154
     133
     136
     134
     142
     137
     127
     142
     146
     143
     158
     149
     139
     161
     120
     135
     107
     126
     155
     156
     141
     130
     140
     118
     131
     109
     137
     130
     135
     141
     110
     135
     101
     135
     136
     132
     128
     120
     119
     113
     103
     117
     141
     117
     109
     116
     117
     115
     110
     112
     114
     116
     126
     115
     134
     115
     103
     119
     113
     122
     120
     130
     123
     118
     128
     143
     114
     117
     135
      91
     129
     151
     124
     135
     124
     131
     152
     134
     146
     161
     182
     163
     169
     153
     169
     160
     202
     190
     196
     197
     207
     245
     214
     243
     259
     257
     296
     310
     326
     333
     355
     360
     407
     404
     435
     462
     528
     511
     557
     636
     582
     656
     648
     679
     699
     743
     822
     829
     938
     903
     995
     984
    1057
    1095
    1102
    1166
    1201
    1159
    1199
    1211
    1251
    1242
    1317
    1265
    1356
    1408
    1324
    1350
    1413
    1408
    1342
    1319
    1323
    1341
    1267
    1297
    1261
    1275
    1230
    1203
    1164
    1176
    1080
    1067
    1046
    1073
     961
     942
     865
     831
     808
     747
     737
     659
     663
     624
     564
     531
     520
     472
     455
     428
     394
     330
     286
     288
     304
     256
     225
     223
     169
     168
     170
     146
     147
     112
     117
      94
     116
      89
      85
      95
      83
      77
      68
      58
      78
      68
      52
      78
      58
      49
      65
      67
      43
      58
      46
      55
      34
      47
      55
      33
      51
      66
      65
      64
      53
      54
      47
      51
      64
      55
      51
      49
      54
      66
      50
      46
      50
      46
      52
      47
      44
      49
      32
      56
      59
      49
      41
      50
      62
      45
      47
      47
      45
      55
      41
      50
      41
      37
      39
      50
      46
      50
      41
      55
      45
      37
      41
      39
      54
      42
      32
      57
      46
      40
      42
      52
      45
      49
      42
      38
      36
      40
      35
      49
      48
      50
      51
      33
      39
      35
      56
      45
      37
      40
      47
      42
      45
      38
      38
      54
      37
      55
      37
      50
      45
      57
      41
      39
      39
      46
      42
      43
      48
      41
      38
      46
      43
      33
      44
      54
      39
      48
      48
      41
      49
      47
      47
      47
      51
      44
      46
      54
      42
      36
      54
      40
      51
      41
      34
      44
      51
      42
      49
      41
      41
      39
      39
      52
      41
      44
      42
      50
      48
      41
      43
      40
      43
      47
      43
      47
      47
      66
      50
      42
      35
      40
      53
      40
      37
      40
      44
      37
      37
      50
      44
      42
      40
      52
      42
      50
      44
      37
      41
      38
      50
      50
      43
      42
      55
      41
      41
      44
      45
      41
      38
      38
      47
      48
      51
      39
      48
      42
      43
      50
      47
      40
      42
      50
      38
      44
      41
      48
      40
      50
      37
      48
      58
      41
      52
      50
      40
      55
      43
      37
      42
      52
      41
      54
      53
      46
      48
      47
      41
      40
      47
      45
      39
      48
      53
      39
      47
      46
      48
      35
      50
      28
      55
      43
      56
      40
      46
      40
      34
      50
      40
      42
      40
      32
      48
      42
      50
      44
      55
      53
      50
      40
      43
      50
      42
      55
      51
      45
      46
      38
      45
      36
      40
      45
      61
      58
      46
      40
      57
      46
      52
      46
      40
      65
      58
      51
      46
      51
      50
      50
      51
      52
      45
      46
      49
      49
      52
      39
      46
      49
      52
      41
      56
      46
      52
      43
      43
      40
      53
      45
      41
      43
      46
      49
      56
      54
      51
      57
      53
      38
      48
      36
      44
      52
      37
       1
       0
       0
       0
       0
       0
       0
       0
       0
       0
       0
       0
       0
       0
       0
       0
       0
       0
       0
       0
       0
       0
       0
       0
       0
       0
       0
       0
       0
       0
       0
       0
       0
       0
       0
       0
       0
       0
       0
       0
       0
       0
       0
       0
       0
       0
       0
       0
       0
       0
       0
       0
       0
       0
       0
       0
       0
       0
       0
       0
       0
       0
       0
       0
       0
       0
       0
       0
$ROI:
2
95 97
514 605
$PRESETS:
Real Time
200
0
$ENER_FIT:
-289.438599 1.280702
$MCA_CAL:
3
-2.894386E+002 1.280702E+000 0.000000E+000
$SHAPE_CAL:
3
0.000000E+000 0.000000E+000 0.000000E+000
