$SPEC_ID:
MEASURE 183.
$SPEC_REM:
DET# 1
DETDESC# MCB 25
AP# Maestro Version 6.05
$DATE_MEA:
04/09/2003 10:39:48
$MEAS_TIM:
196 200
$DATA:
0 1023
       0
       0
       0
       0
       0
       0
       0
       0
       0
       0
       0
       0
       0
       0
       0
       0
       0
       0
       0
       0
       0
       0
       0
       0
       0
       0
       0
       0
       0
       0
       0
       0
       0
       0
       0
       0
       0
       0
       0
       0
       0
       0
       0
       0
     119
     260
     271
     259
     285
     280
     283
     260
     266
     288
     249
     268
     286
     297
     275
     273
     265
     287
     287
     267
     293
     294
     297
     322
     301
     302
     284
     325
     288
     298
     294
     305
     330
     317
     283
     325
     371
     350
     347
     366
     366
     363
     375
     409
     376
     436
     425
     418
     431
     429
     422
     398
     389
     460
     438
     452
     476
     499
     479
     450
     494
     510
     487
     511
     484
     490
     507
     540
     503
     546
     567
     557
     539
     520
     517
     562
     554
     547
     574
     549
     564
     592
     575
     586
     590
     617
     607
     594
     587
     562
     558
     612
     621
     581
     610
     606
     638
     548
     617
     631
     619
     675
     591
     574
     644
     610
     647
     609
     552
     604
     609
     568
     624
     584
     627
     611
     639
     626
     633
     628
     585
     644
     623
     611
     590
     668
     637
     569
     621
     607
     615
     643
     559
     581
     663
     620
     575
     586
     651
     632
     605
     603
     588
     599
     668
     655
     655
     631
     629
     664
     667
     607
     687
     670
     661
     659
     708
     682
     697
     699
     736
     706
     639
     710
     728
     719
     697
     714
     735
     710
     680
     725
     694
     688
     677
     687
     671
     710
     667
     672
     656
     666
     679
     619
     641
     635
     623
     618
     627
     584
     623
     590
     592
     627
     584
     613
     591
     597
     567
     604
     618
     555
     558
     529
     595
     566
     582
     542
     539
     568
     584
     508
     534
     545
     534
     513
     520
     520
     503
     500
     558
     538
     532
     564
     528
     524
     512
     520
     496
     509
     492
     482
     490
     443
     484
     464
     445
     449
     446
     481
     425
     498
     446
     511
     452
     448
     444
     459
     444
     448
     432
     439
     446
     448
     416
     402
     390
     430
     419
     355
     391
     407
     416
     406
     379
     411
     408
     398
     387
     389
     409
     388
     398
     377
     393
     397
     411
     405
     378
     419
     392
     347
     344
     373
     376
     317
     372
     343
     372
     377
     395
     394
     368
     399
     411
     350
     358
     384
     352
     381
     366
     363
     382
     372
     365
     384
     339
     341
     319
     358
     337
     321
     314
     330
     299
     347
     307
     342
     334
     360
     332
     327
     313
     300
     310
     309
     316
     333
     292
     316
     247
     293
     280
     287
     300
     268
     280
     243
     237
     257
     227
     260
     239
     234
     237
     236
     200
     212
     218
     191
     223
     196
     216
     212
     217
     193
     195
     206
     201
     205
     190
     204
     187
     174
     205
     215
     168
     180
     190
     161
     176
     165
     166
     200
     187
     186
     160
     136
     154
     160
     174
     157
     148
     139
     143
     148
     151
     146
     148
     149
     141
     153
     129
     140
     125
     142
     168
     123
     153
     144
     122
     143
     121
     125
     143
     135
     135
     135
     116
     125
     144
     107
     143
     137
     128
     118
     126
     132
     123
     114
     118
     124
     131
     123
     136
     133
     131
     100
     116
     136
     127
     115
     136
     110
     111
     111
     124
     125
     115
     132
     135
     126
     105
     109
     106
     120
     123
     137
     131
     119
     112
     106
     112
     122
     117
     115
     106
     120
     114
      98
     132
     126
     113
     127
     128
     114
     127
     129
     141
     122
     147
     143
     140
     156
     142
     132
     184
     153
     167
     152
     174
     180
     168
     209
     235
     216
     237
     220
     245
     268
     267
     307
     290
     374
     346
     405
     393
     447
     420
     444
     493
     517
     513
     559
     652
     639
     685
     761
     722
     761
     796
     882
     848
     914
     944
     991
    1012
    1056
    1088
    1088
    1130
    1157
    1249
    1162
    1260
    1244
    1301
    1335
    1344
    1362
    1275
    1378
    1348
    1342
    1352
    1339
    1273
    1354
    1303
    1277
    1336
    1303
    1255
    1141
    1155
    1153
    1133
    1080
    1044
     918
     957
     918
     878
     826
     839
     761
     758
     695
     643
     666
     569
     524
     510
     446
     445
     418
     365
     354
     333
     311
     272
     265
     243
     203
     210
     176
     190
     140
     123
     136
     119
     128
     123
     100
      93
      81
      88
      79
      61
      68
      74
      72
      65
      52
      48
      54
      65
      46
      54
      45
      59
      54
      58
      51
      54
      47
      42
      48
      51
      64
      59
      52
      48
      56
      50
      38
      54
      58
      38
      47
      58
      44
      49
      47
      65
      43
      48
      45
      44
      41
      54
      50
      40
      66
      45
      63
      50
      47
      55
      50
      48
      55
      55
      54
      38
      38
      42
      46
      50
      36
      35
      39
      50
      46
      48
      44
      40
      49
      46
      48
      50
      46
      39
      43
      50
      50
      48
      35
      42
      38
      54
      39
      50
      50
      45
      41
      53
      46
      34
      44
      33
      47
      44
      42
      39
      46
      34
      44
      34
      53
      49
      53
      50
      48
      39
      47
      50
      52
      41
      45
      42
      44
      46
      40
      62
      44
      38
      62
      39
      46
      41
      57
      37
      28
      41
      39
      35
      32
      54
      39
      44
      53
      45
      41
      43
      48
      33
      38
      52
      39
      50
      31
      43
      52
      45
      42
      56
      33
      49
      45
      41
      32
      48
      44
      37
      51
      45
      56
      47
      43
      41
      42
      50
      39
      45
      53
      47
      43
      44
      48
      53
      50
      43
      41
      51
      46
      42
      45
      48
      40
      36
      37
      53
      36
      50
      49
      50
      32
      38
      46
      39
      33
      38
      42
      47
      50
      40
      32
      41
      45
      40
      43
      46
      44
      41
      46
      36
      50
      48
      44
      54
      44
      43
      47
      48
      58
      41
      44
      61
      36
      36
      45
      48
      39
      47
      51
      38
      47
      47
      47
      42
      49
      52
      51
      31
      42
      43
      43
      35
      33
      34
      41
      45
      48
      43
      36
      35
      48
      44
      54
      45
      38
      48
      40
      33
      41
      46
      59
      45
      45
      48
      55
      45
      38
      51
      36
      44
      46
      44
      41
      47
      38
      32
      40
      43
      47
      39
      39
      40
      49
      50
      47
      45
      44
      48
      47
      50
      57
      47
      53
      51
      45
      35
      51
      58
      41
      54
      41
      40
      54
      45
      45
      36
      47
      57
      46
      49
      53
      43
      48
      44
      51
      42
      43
      61
      46
      50
      44
      36
      44
      51
      50
      30
       0
       0
       0
       0
       0
       0
       0
       0
       0
       0
       0
       0
       0
       0
       0
       0
       0
       0
       0
       0
       0
       0
       0
       0
       0
       0
       0
       0
       0
       0
       0
       0
       0
       0
       0
       0
       0
       0
       0
       0
       0
       0
       0
       0
       0
       0
       0
       0
       0
       0
       0
       0
       0
       0
       0
       0
       0
       0
       0
       0
       0
       0
       0
       0
       0
       0
       0
$ROI:
2
95 97
514 605
$PRESETS:
Real Time
200
0
$ENER_FIT:
-289.438599 1.280702
$MCA_CAL:
3
-2.894386E+002 1.280702E+000 0.000000E+000
$SHAPE_CAL:
3
0.000000E+000 0.000000E+000 0.000000E+000
