$SPEC_ID:
MEASURE 734.
$SPEC_REM:
DET# 1
DETDESC# MCB 25
AP# Maestro Version 6.05
$DATE_MEA:
04/07/2003 21:14:48
$MEAS_TIM:
196 200
$DATA:
0 1023
       0
       0
       0
       0
       0
       0
       0
       0
       0
       0
       0
       0
       0
       0
       0
       0
       0
       0
       0
       0
       0
       0
       0
       0
       0
       0
       0
       0
       0
       0
       0
       0
       0
       0
       0
       0
       0
       0
       0
       0
       0
       0
       0
       0
     138
     269
     237
     260
     270
     271
     308
     251
     290
     333
     303
     242
     311
     282
     268
     285
     287
     305
     288
     280
     264
     276
     274
     316
     312
     276
     306
     311
     301
     321
     327
     361
     346
     274
     334
     376
     341
     390
     340
     382
     379
     395
     427
     378
     380
     405
     413
     441
     405
     430
     463
     400
     435
     461
     429
     463
     498
     508
     478
     499
     492
     521
     513
     480
     508
     526
     497
     520
     542
     489
     510
     542
     517
     532
     557
     536
     540
     604
     562
     568
     570
     569
     608
     586
     574
     605
     587
     607
     554
     577
     573
     573
     583
     616
     657
     624
     565
     610
     589
     567
     631
     617
     591
     609
     649
     645
     609
     612
     665
     616
     636
     646
     634
     607
     649
     646
     659
     619
     589
     661
     623
     594
     645
     598
     686
     598
     607
     606
     651
     628
     621
     634
     633
     587
     594
     614
     637
     610
     646
     644
     627
     650
     608
     651
     608
     674
     631
     727
     662
     639
     663
     675
     667
     663
     688
     690
     732
     689
     698
     720
     678
     708
     681
     653
     700
     724
     714
     740
     718
     718
     689
     700
     669
     664
     660
     708
     649
     663
     663
     656
     652
     659
     670
     663
     642
     646
     633
     619
     575
     568
     636
     624
     568
     559
     597
     562
     581
     617
     577
     597
     598
     566
     557
     566
     618
     542
     530
     537
     540
     575
     528
     533
     566
     549
     554
     563
     499
     514
     513
     530
     529
     481
     535
     483
     501
     526
     502
     492
     543
     503
     470
     511
     537
     487
     490
     497
     476
     509
     475
     457
     486
     461
     426
     459
     463
     434
     458
     456
     477
     466
     406
     449
     406
     432
     411
     401
     437
     368
     431
     415
     397
     408
     428
     376
     400
     409
     385
     410
     393
     405
     418
     404
     399
     387
     383
     410
     386
     376
     405
     361
     375
     345
     374
     397
     372
     368
     387
     394
     351
     381
     347
     352
     347
     382
     396
     380
     338
     349
     349
     379
     349
     383
     353
     336
     345
     350
     367
     328
     329
     337
     318
     314
     315
     327
     316
     330
     297
     324
     327
     322
     328
     293
     310
     318
     307
     299
     271
     277
     291
     293
     280
     268
     267
     245
     280
     262
     267
     261
     262
     217
     271
     258
     223
     244
     230
     244
     221
     205
     211
     202
     200
     205
     222
     192
     203
     183
     219
     181
     173
     178
     188
     195
     187
     164
     187
     167
     177
     196
     149
     177
     168
     142
     170
     159
     151
     144
     158
     148
     167
     141
     138
     163
     132
     157
     159
     154
     151
     139
     140
     140
     170
     141
     150
     136
     136
     117
     152
     132
     124
     135
     131
     126
     116
     138
     140
     138
     126
     133
     142
     138
     131
     128
     133
     118
     114
     122
     121
     134
     124
     134
     124
     111
     133
     130
     121
     118
     124
     111
     106
     122
     124
     122
     126
     121
     135
     109
     122
     127
     123
      96
     127
     127
     105
     116
     112
     111
     118
     137
      97
     114
     115
     114
     133
     123
     109
     142
     120
     119
     128
     106
     130
     115
     153
     135
     127
     136
     121
     154
     126
     134
     145
     144
     132
     166
     152
     161
     168
     216
     197
     206
     195
     200
     230
     228
     238
     252
     263
     279
     313
     343
     353
     356
     375
     423
     415
     445
     484
     504
     493
     542
     590
     593
     730
     676
     737
     742
     828
     827
     833
     855
     926
     917
     990
     981
    1042
    1086
    1065
    1135
    1183
    1221
    1253
    1233
    1285
    1298
    1242
    1294
    1343
    1345
    1336
    1398
    1389
    1331
    1337
    1354
    1321
    1339
    1239
    1269
    1179
    1133
    1218
    1153
    1151
    1067
    1070
    1055
    1001
    1004
     943
     878
     865
     803
     710
     677
     708
     613
     629
     554
     523
     428
     444
     443
     384
     365
     344
     330
     277
     279
     240
     219
     218
     168
     172
     176
     141
     151
     146
     130
     112
     101
     109
     106
      94
      76
      82
      66
      65
      68
      76
      42
      59
      49
      69
      46
      53
      58
      55
      41
      58
      49
      42
      57
      52
      48
      42
      47
      44
      56
      47
      59
      50
      56
      54
      49
      52
      49
      44
      54
      38
      57
      48
      59
      51
      40
      51
      53
      59
      52
      42
      42
      48
      42
      32
      47
      59
      41
      56
      38
      40
      44
      51
      52
      38
      45
      55
      49
      53
      48
      46
      48
      41
      42
      61
      42
      58
      48
      48
      46
      50
      40
      37
      44
      47
      56
      43
      46
      49
      50
      33
      54
      48
      48
      36
      44
      40
      55
      47
      42
      44
      32
      38
      47
      35
      48
      43
      49
      51
      43
      50
      46
      45
      50
      46
      42
      56
      50
      51
      41
      50
      64
      42
      39
      49
      32
      41
      48
      49
      52
      46
      52
      45
      39
      50
      38
      48
      40
      34
      57
      43
      54
      38
      43
      41
      39
      44
      55
      41
      55
      52
      39
      63
      38
      56
      52
      34
      51
      42
      46
      36
      41
      49
      47
      36
      41
      41
      42
      47
      44
      56
      37
      40
      41
      34
      43
      45
      52
      40
      49
      48
      41
      37
      35
      42
      29
      46
      45
      61
      39
      42
      48
      33
      44
      31
      44
      49
      44
      44
      41
      49
      46
      40
      47
      40
      45
      41
      46
      59
      53
      53
      45
      47
      43
      44
      56
      44
      47
      35
      42
      49
      38
      36
      52
      51
      50
      40
      46
      53
      44
      49
      51
      41
      35
      36
      48
      42
      36
      50
      48
      58
      44
      44
      38
      52
      53
      51
      40
      49
      62
      43
      42
      45
      59
      44
      47
      47
      40
      47
      60
      58
      38
      47
      53
      53
      49
      44
      38
      34
      37
      35
      46
      47
      38
      48
      39
      38
      49
      53
      50
      58
      44
      45
      41
      43
      33
      39
      41
      49
      47
      41
      40
      58
      49
      38
      42
      41
      34
      46
      40
      36
      40
      49
      48
      55
      48
      46
      45
      47
      49
      47
      46
      54
      62
      39
      54
      42
      52
      39
      40
      35
      44
      50
      64
      36
      42
      56
      47
      55
      46
      52
      37
      38
      38
       2
       0
       0
       0
       0
       0
       0
       0
       0
       0
       0
       0
       0
       0
       0
       0
       0
       0
       0
       0
       0
       0
       0
       0
       0
       0
       0
       0
       0
       0
       0
       0
       0
       0
       0
       0
       0
       0
       0
       0
       0
       0
       0
       0
       0
       0
       0
       0
       0
       0
       0
       0
       0
       0
       0
       0
       0
       0
       0
       0
       0
       0
       0
       0
       0
       0
       0
       0
$ROI:
2
95 97
514 605
$PRESETS:
Real Time
200
0
$ENER_FIT:
-289.438599 1.280702
$MCA_CAL:
3
-2.894386E+002 1.280702E+000 0.000000E+000
$SHAPE_CAL:
3
0.000000E+000 0.000000E+000 0.000000E+000
