$SPEC_ID:
MEASURE 772.
$SPEC_REM:
DET# 1
DETDESC# MCB 25
AP# Maestro Version 6.05
$DATE_MEA:
04/08/2003 00:24:48
$MEAS_TIM:
196 200
$DATA:
0 1023
       0
       0
       0
       0
       0
       0
       0
       0
       0
       0
       0
       0
       0
       0
       0
       0
       0
       0
       0
       0
       0
       0
       0
       0
       0
       0
       0
       0
       0
       0
       0
       0
       0
       0
       0
       0
       0
       0
       0
       0
       0
       0
       0
       0
     130
     248
     286
     271
     277
     251
     251
     273
     260
     287
     272
     301
     276
     260
     294
     272
     282
     306
     275
     283
     285
     282
     293
     282
     287
     307
     314
     317
     331
     325
     333
     311
     313
     321
     317
     317
     346
     363
     347
     371
     382
     399
     371
     389
     384
     425
     434
     395
     379
     417
     449
     424
     450
     414
     464
     473
     468
     476
     470
     492
     486
     479
     515
     492
     521
     555
     534
     508
     582
     498
     499
     549
     583
     526
     507
     586
     534
     574
     609
     585
     616
     580
     577
     576
     581
     586
     575
     558
     606
     614
     575
     606
     571
     625
     595
     594
     559
     564
     565
     555
     602
     664
     620
     599
     584
     612
     625
     657
     665
     615
     640
     665
     631
     603
     647
     613
     620
     629
     641
     609
     615
     620
     632
     577
     611
     580
     634
     624
     627
     610
     604
     660
     605
     643
     580
     586
     594
     595
     646
     632
     607
     555
     604
     691
     632
     622
     599
     661
     675
     614
     661
     645
     699
     711
     694
     665
     705
     708
     687
     718
     682
     700
     694
     692
     741
     714
     756
     697
     716
     729
     701
     680
     693
     684
     655
     670
     685
     645
     646
     675
     602
     627
     654
     597
     592
     590
     676
     586
     648
     594
     583
     614
     647
     607
     619
     573
     581
     641
     587
     577
     558
     617
     568
     585
     557
     569
     568
     566
     537
     535
     587
     528
     582
     509
     526
     477
     492
     538
     474
     480
     473
     544
     531
     508
     544
     490
     514
     508
     472
     453
     481
     523
     467
     499
     501
     482
     471
     477
     466
     456
     488
     473
     451
     452
     504
     461
     417
     458
     443
     421
     430
     461
     417
     419
     389
     417
     405
     434
     368
     382
     419
     397
     410
     412
     412
     398
     393
     430
     406
     382
     402
     379
     401
     383
     389
     377
     378
     378
     413
     366
     357
     374
     412
     389
     353
     400
     375
     367
     365
     335
     421
     388
     374
     372
     343
     331
     357
     343
     360
     338
     369
     331
     341
     344
     337
     353
     347
     368
     333
     319
     346
     331
     343
     305
     325
     326
     323
     344
     351
     304
     350
     296
     313
     302
     302
     302
     314
     287
     320
     286
     262
     285
     270
     271
     289
     259
     267
     287
     262
     242
     234
     242
     245
     226
     255
     237
     242
     237
     234
     208
     220
     223
     205
     204
     202
     204
     179
     209
     169
     201
     174
     189
     182
     159
     186
     176
     169
     178
     144
     193
     141
     159
     185
     160
     136
     158
     169
     154
     135
     145
     160
     156
     149
     162
     129
     137
     147
     130
     145
     144
     166
     140
     125
     119
     134
     152
     143
     137
     123
     120
     154
     139
     126
     124
     130
     143
     137
     135
     124
     129
     131
     125
     126
     112
     114
     131
     153
     120
     120
     126
     142
     111
     127
     111
     108
     128
     123
     128
     117
     118
     125
     129
     124
     140
     114
     113
     126
     101
     132
     117
     107
     126
     121
      99
     112
     118
     113
     120
     112
      90
     112
     104
     103
     114
     108
     126
     115
     116
     108
     136
     130
     141
     124
     129
     125
     139
     135
     134
     152
     134
     137
     148
     147
     157
     197
     193
     178
     175
     198
     183
     203
     233
     220
     261
     243
     252
     263
     284
     330
     306
     349
     363
     347
     438
     426
     431
     471
     488
     501
     554
     556
     610
     683
     703
     779
     722
     804
     853
     827
     852
     922
     898
     997
    1044
    1051
    1104
    1112
    1180
    1122
    1181
    1230
    1252
    1248
    1275
    1291
    1348
    1319
    1353
    1325
    1312
    1404
    1344
    1348
    1346
    1296
    1333
    1289
    1283
    1288
    1197
    1186
    1119
    1131
    1117
    1046
    1053
     992
     968
     923
     810
     940
     773
     757
     755
     645
     623
     589
     594
     517
     520
     450
     423
     365
     365
     320
     290
     326
     284
     245
     236
     205
     203
     158
     174
     141
     157
     140
     109
      99
     113
      97
     100
      83
      85
      77
      69
      60
      64
      64
      74
      81
      55
      68
      59
      63
      54
      49
      53
      39
      53
      54
      50
      49
      53
      52
      55
      58
      45
      43
      49
      41
      53
      50
      51
      53
      49
      50
      44
      50
      39
      38
      62
      57
      49
      43
      48
      52
      53
      53
      41
      52
      48
      42
      46
      49
      59
      55
      36
      36
      48
      47
      48
      52
      46
      52
      35
      38
      46
      42
      40
      38
      43
      56
      41
      44
      44
      50
      44
      44
      43
      40
      40
      51
      54
      52
      60
      55
      31
      43
      43
      31
      41
      47
      42
      47
      48
      43
      37
      47
      52
      52
      43
      52
      39
      43
      42
      33
      40
      46
      41
      40
      56
      43
      45
      63
      33
      52
      43
      46
      43
      43
      51
      48
      40
      45
      36
      46
      42
      43
      39
      50
      46
      51
      54
      37
      46
      47
      44
      49
      45
      38
      48
      50
      47
      46
      36
      49
      43
      48
      45
      54
      48
      45
      51
      45
      56
      45
      42
      40
      45
      61
      32
      28
      49
      33
      47
      33
      32
      39
      47
      52
      41
      41
      43
      31
      49
      46
      51
      38
      57
      44
      36
      45
      47
      46
      48
      42
      44
      46
      50
      43
      63
      54
      33
      33
      49
      43
      40
      45
      38
      43
      46
      48
      54
      52
      48
      39
      47
      37
      36
      48
      44
      40
      53
      39
      49
      50
      38
      44
      41
      50
      38
      41
      38
      44
      51
      31
      43
      45
      47
      53
      45
      47
      38
      44
      41
      40
      46
      44
      46
      37
      41
      41
      40
      43
      45
      44
      52
      41
      52
      37
      38
      43
      34
      46
      45
      42
      41
      42
      37
      57
      40
      42
      43
      32
      54
      57
      53
      47
      53
      40
      54
      44
      46
      42
      37
      47
      39
      40
      56
      34
      44
      62
      41
      47
      51
      42
      43
      51
      43
      50
      38
      47
      37
      44
      44
      46
      47
      61
      47
      43
      40
      58
      42
      38
      49
      57
      42
      55
      37
      56
      37
      50
      39
      47
      51
      46
      47
      40
      50
      55
      48
      48
      51
      49
      56
      39
      57
      54
      48
      38
      50
       2
       0
       0
       0
       0
       0
       0
       0
       0
       0
       0
       0
       0
       0
       0
       0
       0
       0
       0
       0
       0
       0
       0
       0
       0
       0
       0
       0
       0
       0
       0
       0
       0
       0
       0
       0
       0
       0
       0
       0
       0
       0
       0
       0
       0
       0
       0
       0
       0
       0
       0
       0
       0
       0
       0
       0
       0
       0
       0
       0
       0
       0
       0
       0
       0
       0
       0
       0
$ROI:
2
95 97
514 605
$PRESETS:
Real Time
200
0
$ENER_FIT:
-289.438599 1.280702
$MCA_CAL:
3
-2.894386E+002 1.280702E+000 0.000000E+000
$SHAPE_CAL:
3
0.000000E+000 0.000000E+000 0.000000E+000
