$SPEC_ID:
MEASURE 807.
$SPEC_REM:
DET# 1
DETDESC# MCB 25
AP# Maestro Version 6.05
$DATE_MEA:
04/08/2003 03:19:48
$MEAS_TIM:
196 200
$DATA:
0 1023
       0
       0
       0
       0
       0
       0
       0
       0
       0
       0
       0
       0
       0
       0
       0
       0
       0
       0
       0
       0
       0
       0
       0
       0
       0
       0
       0
       0
       0
       0
       0
       0
       0
       0
       0
       0
       0
       0
       0
       0
       0
       0
       0
       0
     121
     264
     277
     296
     269
     262
     245
     248
     261
     281
     274
     304
     277
     283
     236
     301
     287
     281
     269
     245
     279
     304
     299
     311
     335
     323
     286
     292
     310
     323
     346
     293
     337
     324
     325
     332
     356
     371
     379
     393
     362
     373
     385
     409
     398
     419
     415
     396
     427
     430
     441
     404
     457
     435
     464
     471
     480
     424
     458
     491
     479
     447
     486
     484
     490
     503
     488
     485
     552
     499
     506
     545
     549
     537
     588
     562
     497
     554
     564
     568
     525
     575
     574
     568
     585
     593
     596
     593
     628
     603
     603
     577
     622
     627
     587
     600
     681
     594
     624
     640
     627
     632
     611
     632
     627
     591
     642
     616
     589
     622
     591
     585
     598
     619
     648
     638
     618
     591
     665
     626
     608
     615
     680
     597
     599
     621
     645
     606
     593
     622
     613
     648
     647
     607
     644
     589
     612
     599
     598
     595
     582
     629
     611
     644
     621
     603
     601
     631
     639
     679
     638
     663
     617
     654
     678
     680
     691
     740
     693
     685
     715
     707
     694
     721
     689
     709
     698
     723
     692
     674
     688
     706
     686
     697
     729
     695
     691
     683
     679
     656
     640
     654
     673
     665
     664
     632
     586
     601
     622
     599
     597
     647
     566
     596
     618
     621
     612
     585
     563
     589
     550
     570
     612
     562
     585
     571
     558
     574
     547
     572
     528
     600
     575
     527
     528
     547
     514
     564
     542
     554
     544
     510
     491
     482
     523
     491
     502
     545
     494
     445
     508
     487
     472
     464
     472
     451
     458
     484
     481
     458
     472
     437
     482
     474
     440
     445
     419
     451
     444
     429
     427
     454
     414
     413
     421
     416
     400
     430
     433
     423
     455
     435
     432
     410
     451
     417
     421
     409
     419
     399
     386
     392
     384
     433
     363
     381
     372
     372
     408
     390
     396
     360
     379
     371
     385
     361
     403
     360
     352
     337
     385
     377
     349
     350
     374
     372
     359
     353
     371
     326
     323
     338
     383
     347
     336
     374
     330
     360
     322
     355
     350
     340
     319
     318
     329
     362
     330
     306
     339
     296
     304
     302
     310
     324
     311
     315
     321
     298
     280
     289
     272
     286
     269
     312
     250
     259
     281
     241
     260
     262
     244
     239
     198
     254
     197
     234
     209
     230
     234
     208
     211
     177
     196
     207
     200
     214
     183
     193
     184
     189
     180
     182
     197
     173
     185
     175
     167
     162
     172
     181
     178
     156
     154
     186
     129
     159
     154
     165
     169
     168
     165
     152
     153
     156
     160
     144
     141
     140
     144
     141
     142
     136
     148
     134
     139
     140
     141
     162
     136
     144
     154
     128
     142
     128
     106
     132
     152
     110
     141
     127
     121
     141
     117
     130
     131
     121
     125
     121
     129
     131
     120
     119
     127
     144
     111
     115
     118
     103
     123
     113
     100
     115
     123
     124
     118
     112
     128
     107
     130
     118
     127
     133
     121
     139
     113
      94
     108
     130
     103
     123
     115
     133
     115
     102
     112
     126
     112
     121
     128
     126
     146
     105
     125
     138
     134
     116
     153
     147
     142
     154
     139
     141
     172
     169
     168
     165
     153
     163
     190
     194
     197
     205
     229
     242
     251
     223
     250
     286
     297
     323
     351
     363
     343
     362
     394
     439
     425
     484
     519
     507
     557
     566
     657
     695
     720
     714
     734
     813
     840
     878
     860
     919
     952
     985
    1025
    1024
    1076
    1084
    1140
    1229
    1205
    1225
    1180
    1256
    1289
    1323
    1319
    1335
    1330
    1299
    1334
    1298
    1285
    1349
    1370
    1290
    1294
    1269
    1256
    1262
    1249
    1151
    1125
    1131
    1069
    1019
    1008
     932
     927
     913
     825
     837
     776
     714
     671
     638
     617
     551
     572
     510
     485
     463
     431
     383
     361
     313
     317
     300
     241
     222
     231
     197
     213
     170
     164
     147
     140
     111
     127
     122
     100
      93
      85
      73
      79
      77
      77
      69
      68
      60
      51
      55
      69
      57
      56
      59
      51
      59
      46
      47
      53
      46
      51
      45
      46
      53
      49
      32
      54
      60
      56
      44
      59
      38
      39
      30
      39
      50
      55
      51
      54
      42
      48
      38
      51
      50
      37
      38
      49
      38
      40
      44
      53
      49
      47
      52
      55
      50
      42
      44
      40
      51
      44
      39
      59
      47
      39
      39
      50
      55
      44
      45
      37
      43
      50
      52
      52
      55
      47
      44
      55
      57
      40
      42
      54
      45
      36
      48
      48
      38
      46
      47
      48
      41
      51
      48
      46
      52
      40
      33
      39
      39
      57
      45
      43
      50
      49
      42
      41
      40
      45
      51
      49
      41
      41
      48
      45
      40
      52
      36
      44
      52
      48
      45
      31
      57
      42
      49
      41
      45
      35
      49
      41
      48
      42
      52
      56
      39
      48
      39
      47
      40
      48
      44
      43
      42
      52
      34
      40
      51
      38
      37
      45
      37
      43
      47
      47
      54
      37
      34
      38
      46
      61
      44
      43
      29
      44
      36
      40
      39
      40
      55
      54
      39
      38
      39
      42
      36
      58
      40
      54
      43
      43
      50
      53
      40
      53
      38
      42
      41
      47
      50
      48
      43
      40
      42
      44
      40
      41
      33
      47
      40
      34
      56
      43
      44
      44
      44
      46
      36
      41
      44
      43
      43
      38
      40
      43
      44
      44
      42
      39
      56
      39
      47
      59
      37
      37
      58
      42
      50
      54
      49
      43
      42
      41
      50
      48
      52
      32
      38
      48
      51
      34
      50
      52
      43
      50
      52
      38
      54
      38
      52
      52
      42
      37
      42
      57
      43
      43
      33
      48
      48
      49
      61
      39
      53
      44
      49
      54
      54
      55
      46
      46
      53
      45
      46
      37
      41
      46
      47
      56
      41
      47
      49
      53
      45
      41
      45
      52
      43
      42
      52
      52
      50
      40
      35
      48
      42
      42
      55
      41
      50
      41
      38
      45
      51
      51
      43
      40
      54
      56
      48
      55
      47
      54
      50
      49
      46
      50
      52
      55
      39
      59
      51
      39
      55
      37
      38
      44
      47
      45
      41
       4
       0
       0
       0
       0
       0
       0
       0
       0
       0
       0
       0
       0
       0
       0
       0
       0
       0
       0
       0
       0
       0
       0
       0
       0
       0
       0
       0
       0
       0
       0
       0
       0
       0
       0
       0
       0
       0
       0
       0
       0
       0
       0
       0
       0
       0
       0
       0
       0
       0
       0
       0
       0
       0
       0
       0
       0
       0
       0
       0
       0
       0
       0
       0
       0
       0
       0
       0
$ROI:
2
95 97
514 605
$PRESETS:
Real Time
200
0
$ENER_FIT:
-289.438599 1.280702
$MCA_CAL:
3
-2.894386E+002 1.280702E+000 0.000000E+000
$SHAPE_CAL:
3
0.000000E+000 0.000000E+000 0.000000E+000
