$SPEC_ID:
MEASURE 006.
$SPEC_REM:
DET# 1
DETDESC# MCB 25
AP# Maestro Version 6.05
$DATE_MEA:
04/08/2003 19:54:48
$MEAS_TIM:
196 200
$DATA:
0 1023
       0
       0
       0
       0
       0
       0
       0
       0
       0
       0
       0
       0
       0
       0
       0
       0
       0
       0
       0
       0
       0
       0
       0
       0
       0
       0
       0
       0
       0
       0
       0
       0
       0
       0
       0
       0
       0
       0
       0
       0
       0
       0
       0
       0
     143
     283
     271
     257
     313
     270
     251
     262
     280
     256
     268
     293
     283
     302
     269
     265
     247
     289
     274
     287
     301
     309
     322
     313
     286
     306
     318
     322
     338
     344
     304
     333
     307
     333
     364
     361
     332
     350
     369
     334
     379
     380
     360
     373
     387
     422
     401
     440
     404
     439
     416
     437
     450
     472
     436
     462
     476
     454
     482
     534
     445
     521
     481
     497
     547
     515
     508
     493
     525
     521
     536
     556
     520
     498
     491
     550
     561
     580
     557
     540
     551
     572
     570
     559
     583
     563
     582
     619
     570
     562
     595
     665
     575
     636
     590
     600
     607
     620
     628
     654
     620
     622
     627
     672
     607
     637
     576
     640
     617
     638
     607
     660
     561
     623
     616
     641
     617
     616
     615
     638
     616
     630
     675
     658
     578
     628
     612
     617
     607
     608
     577
     662
     618
     628
     597
     614
     639
     619
     598
     672
     609
     656
     646
     607
     602
     648
     621
     641
     647
     679
     677
     667
     674
     681
     670
     670
     694
     696
     707
     737
     734
     714
     695
     727
     693
     738
     751
     750
     740
     677
     738
     701
     674
     707
     712
     668
     684
     673
     712
     680
     709
     648
     595
     623
     648
     691
     663
     614
     667
     624
     614
     617
     640
     601
     587
     575
     609
     598
     556
     570
     585
     543
     604
     530
     588
     575
     522
     594
     552
     557
     583
     573
     525
     558
     494
     478
     491
     493
     548
     522
     523
     510
     495
     516
     509
     536
     478
     494
     488
     476
     479
     492
     501
     484
     457
     460
     511
     468
     494
     463
     433
     446
     430
     471
     427
     468
     470
     426
     456
     436
     423
     406
     406
     413
     416
     434
     435
     422
     444
     385
     455
     392
     445
     387
     391
     419
     413
     374
     421
     372
     407
     396
     406
     339
     375
     399
     375
     419
     373
     362
     399
     431
     357
     379
     399
     398
     393
     384
     361
     375
     357
     344
     361
     392
     342
     398
     357
     357
     363
     395
     341
     350
     348
     388
     345
     326
     338
     356
     343
     355
     331
     334
     352
     323
     343
     326
     329
     317
     311
     328
     307
     284
     277
     330
     294
     283
     303
     269
     284
     313
     290
     284
     266
     276
     271
     274
     252
     242
     266
     239
     229
     231
     225
     234
     245
     217
     242
     204
     190
     214
     199
     220
     223
     208
     212
     186
     213
     191
     186
     190
     192
     209
     190
     175
     203
     170
     184
     199
     149
     176
     154
     179
     178
     168
     155
     165
     172
     165
     148
     162
     145
     150
     140
     147
     146
     161
     158
     174
     160
     141
     138
     141
     139
     142
     130
     153
     165
     137
     147
     131
     128
     128
     141
     141
     121
     139
     141
     109
     126
     124
     114
     122
     135
     149
     125
     130
     118
     131
     116
     109
     121
     132
     125
     119
     102
     129
      92
     136
     131
     135
     109
     101
     101
     116
     119
     137
     113
     120
     108
     130
     111
     137
     103
     123
     121
      93
     114
     144
     113
     140
     130
     110
     131
     114
     116
     131
     121
     126
     111
     118
     124
     150
     129
     120
     121
     112
     127
     144
     137
     147
     175
     150
     163
     178
     157
     166
     159
     176
     174
     207
     194
     220
     235
     232
     243
     260
     257
     261
     271
     309
     347
     341
     355
     373
     411
     440
     429
     495
     487
     559
     537
     571
     656
     636
     669
     690
     739
     815
     811
     835
     909
     971
     959
     943
    1041
    1054
    1083
    1091
    1196
    1141
    1245
    1156
    1244
    1269
    1348
    1298
    1367
    1296
    1381
    1318
    1286
    1341
    1380
    1348
    1343
    1273
    1312
    1315
    1289
    1226
    1213
    1169
    1167
    1136
    1124
    1101
     999
     942
     973
     931
     909
     828
     806
     748
     676
     685
     654
     577
     521
     520
     440
     444
     404
     388
     351
     367
     303
     258
     255
     240
     251
     216
     176
     176
     157
     146
     133
     116
     101
      94
     123
     110
      77
      93
      87
      82
      60
      77
      64
      52
      53
      66
      54
      48
      76
      58
      72
      43
      58
      55
      60
      46
      42
      42
      46
      68
      60
      58
      51
      63
      56
      55
      46
      52
      47
      56
      53
      52
      35
      51
      44
      49
      46
      52
      53
      46
      39
      39
      64
      40
      47
      44
      47
      41
      42
      59
      45
      56
      57
      57
      46
      61
      49
      36
      42
      45
      47
      42
      44
      36
      53
      55
      57
      45
      57
      48
      53
      48
      42
      59
      45
      44
      34
      40
      36
      45
      44
      50
      40
      41
      38
      47
      42
      56
      36
      58
      46
      44
      41
      36
      36
      39
      41
      49
      36
      49
      46
      48
      37
      41
      53
      36
      47
      51
      44
      49
      42
      53
      36
      51
      42
      39
      34
      37
      44
      45
      53
      58
      48
      34
      48
      55
      38
      47
      34
      50
      34
      41
      47
      38
      48
      49
      43
      48
      46
      37
      50
      47
      48
      46
      33
      44
      37
      47
      37
      37
      48
      52
      46
      36
      41
      44
      44
      36
      42
      47
      40
      47
      42
      49
      47
      49
      46
      38
      43
      48
      35
      44
      55
      38
      52
      37
      35
      43
      37
      32
      43
      37
      48
      49
      33
      41
      47
      46
      48
      43
      49
      41
      41
      42
      47
      55
      47
      41
      39
      46
      42
      35
      51
      45
      42
      39
      44
      50
      36
      41
      41
      48
      43
      37
      44
      47
      47
      45
      53
      54
      45
      56
      42
      40
      34
      43
      48
      36
      39
      42
      43
      36
      46
      41
      48
      43
      33
      58
      46
      40
      61
      46
      48
      37
      51
      54
      45
      43
      40
      45
      41
      41
      48
      41
      35
      45
      36
      40
      48
      44
      42
      39
      35
      38
      37
      40
      43
      60
      43
      35
      43
      44
      24
      40
      43
      39
      32
      43
      41
      39
      37
      38
      39
      36
      56
      45
      54
      55
      54
      51
      40
      56
      57
      40
      56
      41
      61
      29
      41
      44
      44
      59
      50
      38
      58
      34
      36
      46
      52
      53
      50
      46
      47
      49
      52
      44
      39
      53
      53
      47
      37
      48
      47
      43
      49
      38
       3
       0
       0
       0
       0
       0
       0
       0
       0
       0
       0
       0
       0
       0
       0
       0
       0
       0
       0
       0
       0
       0
       0
       0
       0
       0
       0
       0
       0
       0
       0
       0
       0
       0
       0
       0
       0
       0
       0
       0
       0
       0
       0
       0
       0
       0
       0
       0
       0
       0
       0
       0
       0
       0
       0
       0
       0
       0
       0
       0
       0
       0
       0
       0
       0
       0
       0
       0
$ROI:
2
95 97
514 605
$PRESETS:
Real Time
200
0
$ENER_FIT:
-289.438599 1.280702
$MCA_CAL:
3
-2.894386E+002 1.280702E+000 0.000000E+000
$SHAPE_CAL:
3
0.000000E+000 0.000000E+000 0.000000E+000
