$SPEC_ID:
MEASURE 948.
$SPEC_REM:
DET# 1
DETDESC# MCB 25
AP# Maestro Version 6.05
$DATE_MEA:
04/08/2003 15:04:48
$MEAS_TIM:
196 200
$DATA:
0 1023
       0
       0
       0
       0
       0
       0
       0
       0
       0
       0
       0
       0
       0
       0
       0
       0
       0
       0
       0
       0
       0
       0
       0
       0
       0
       0
       0
       0
       0
       0
       0
       0
       0
       0
       0
       0
       0
       0
       0
       0
       0
       0
       0
       0
     137
     274
     260
     278
     288
     279
     309
     268
     288
     294
     290
     269
     273
     275
     284
     282
     292
     285
     292
     267
     326
     293
     282
     340
     310
     293
     308
     309
     312
     314
     338
     327
     305
     327
     339
     340
     362
     333
     321
     368
     385
     387
     388
     413
     390
     403
     423
     432
     422
     400
     448
     469
     468
     438
     462
     487
     477
     494
     476
     502
     507
     432
     505
     509
     505
     509
     520
     499
     478
     534
     524
     490
     536
     529
     540
     567
     544
     524
     563
     572
     572
     554
     563
     579
     578
     589
     567
     558
     581
     626
     639
     585
     583
     644
     607
     592
     595
     634
     634
     605
     634
     661
     557
     601
     619
     604
     638
     614
     612
     621
     605
     605
     638
     651
     573
     628
     619
     583
     668
     645
     584
     654
     667
     604
     625
     597
     643
     601
     659
     640
     587
     657
     612
     584
     611
     602
     621
     632
     644
     584
     634
     631
     594
     614
     594
     620
     644
     591
     661
     663
     617
     645
     642
     633
     625
     690
     723
     676
     677
     703
     654
     683
     727
     755
     736
     726
     723
     675
     726
     701
     699
     688
     684
     681
     679
     714
     646
     664
     638
     682
     690
     627
     665
     680
     599
     645
     613
     644
     596
     658
     605
     579
     627
     615
     578
     558
     549
     568
     615
     629
     610
     562
     579
     579
     529
     606
     546
     550
     550
     551
     550
     585
     559
     570
     562
     570
     536
     499
     562
     533
     464
     523
     528
     540
     477
     496
     520
     477
     488
     473
     527
     480
     521
     489
     465
     519
     510
     489
     471
     459
     440
     410
     458
     427
     438
     400
     468
     422
     415
     419
     449
     443
     402
     432
     448
     405
     440
     438
     452
     454
     390
     383
     385
     415
     397
     444
     427
     368
     410
     391
     389
     417
     366
     383
     400
     399
     411
     410
     375
     361
     394
     400
     379
     418
     377
     393
     364
     343
     363
     367
     415
     357
     394
     370
     362
     381
     381
     345
     371
     396
     340
     354
     365
     385
     320
     341
     334
     357
     339
     331
     369
     363
     300
     339
     344
     336
     323
     312
     319
     300
     312
     368
     321
     292
     301
     299
     277
     287
     339
     280
     284
     288
     272
     276
     267
     278
     270
     239
     251
     237
     239
     254
     206
     219
     224
     233
     211
     211
     208
     201
     225
     222
     202
     215
     210
     196
     192
     173
     180
     193
     194
     172
     177
     162
     174
     168
     169
     160
     170
     181
     159
     153
     171
     168
     176
     156
     164
     158
     153
     167
     143
     149
     153
     164
     121
     175
     151
     120
     118
     121
     135
     158
     123
     165
     139
     138
     143
     146
     118
     120
     137
     163
     126
     114
     112
     140
     139
     143
     115
     120
     113
     133
     152
     132
     135
     123
     117
     140
     109
     136
     108
     105
     132
     132
     117
     113
     127
     112
     134
     118
     147
     126
      96
     116
     124
      98
     136
     135
     115
     113
      92
     122
     133
     117
     116
     119
     119
     117
     103
     112
     120
     115
     135
     111
     106
     117
     124
     133
     108
     138
     116
     117
     125
     141
     135
     131
     127
     149
     140
     124
     156
     152
     130
     167
     154
     186
     150
     182
     175
     161
     198
     181
     207
     253
     233
     246
     285
     282
     310
     303
     359
     327
     339
     418
     401
     410
     451
     470
     478
     514
     554
     587
     620
     683
     655
     701
     800
     743
     826
     831
     914
     954
    1036
     961
    1026
    1021
    1054
    1111
    1181
    1159
    1178
    1209
    1284
    1272
    1259
    1264
    1375
    1341
    1325
    1348
    1344
    1302
    1370
    1348
    1367
    1295
    1325
    1308
    1275
    1229
    1229
    1154
    1182
    1168
    1087
    1042
    1015
    1008
     950
     884
     848
     853
     785
     747
     662
     664
     614
     577
     562
     507
     501
     427
     457
     384
     370
     330
     327
     285
     256
     259
     229
     216
     203
     193
     155
     157
     131
     136
     133
     113
      98
      90
      85
      76
      71
      66
      85
      73
      88
      67
      63
      52
      58
      68
      47
      56
      74
      59
      63
      48
      53
      41
      55
      58
      56
      46
      53
      47
      43
      43
      55
      37
      48
      51
      53
      58
      51
      54
      46
      41
      48
      48
      59
      39
      46
      46
      58
      52
      58
      44
      43
      48
      48
      46
      44
      41
      54
      51
      44
      60
      49
      42
      42
      41
      49
      53
      53
      41
      47
      47
      42
      53
      31
      46
      41
      43
      54
      40
      49
      53
      46
      41
      52
      46
      35
      37
      50
      47
      47
      39
      42
      31
      44
      55
      51
      48
      37
      58
      56
      49
      48
      48
      44
      43
      38
      31
      43
      45
      38
      37
      38
      44
      38
      49
      31
      42
      35
      50
      58
      43
      49
      37
      47
      52
      34
      37
      44
      53
      51
      51
      45
      49
      39
      38
      41
      36
      50
      50
      44
      41
      44
      43
      41
      45
      39
      31
      51
      43
      52
      46
      38
      41
      59
      56
      42
      51
      45
      35
      56
      40
      45
      40
      49
      43
      44
      58
      33
      55
      33
      37
      41
      44
      45
      41
      45
      44
      46
      38
      37
      45
      50
      51
      36
      46
      51
      33
      50
      49
      48
      45
      46
      56
      52
      35
      42
      45
      38
      46
      44
      33
      42
      45
      51
      51
      41
      44
      59
      31
      47
      42
      44
      35
      49
      56
      41
      48
      58
      31
      37
      36
      48
      34
      47
      49
      40
      37
      48
      54
      43
      40
      45
      43
      46
      35
      66
      37
      49
      36
      46
      58
      47
      48
      49
      60
      40
      30
      39
      39
      54
      47
      63
      47
      55
      39
      47
      31
      44
      40
      46
      46
      40
      47
      43
      57
      48
      33
      39
      37
      45
      42
      36
      55
      39
      51
      47
      35
      42
      43
      45
      46
      51
      42
      50
      52
      43
      52
      41
      57
      41
      43
      51
      55
      52
      50
      54
      43
      32
      44
      49
      43
      51
      54
      50
      50
      41
      47
      50
      49
      44
      35
      60
      44
      34
      48
      43
      45
      46
      42
      63
      51
      64
      52
      54
      39
      43
      45
      45
      35
      42
      45
      52
      41
       2
       0
       0
       0
       0
       0
       0
       0
       0
       0
       0
       0
       0
       0
       0
       0
       0
       0
       0
       0
       0
       0
       0
       0
       0
       0
       0
       0
       0
       0
       0
       0
       0
       0
       0
       0
       0
       0
       0
       0
       0
       0
       0
       0
       0
       0
       0
       0
       0
       0
       0
       0
       0
       0
       0
       0
       0
       0
       0
       0
       0
       0
       0
       0
       0
       0
       0
       0
$ROI:
2
95 97
514 605
$PRESETS:
Real Time
200
0
$ENER_FIT:
-289.438599 1.280702
$MCA_CAL:
3
-2.894386E+002 1.280702E+000 0.000000E+000
$SHAPE_CAL:
3
0.000000E+000 0.000000E+000 0.000000E+000
