$SPEC_ID:
MEASURE 058.
$SPEC_REM:
DET# 1
DETDESC# MCB 25
AP# Maestro Version 6.05
$DATE_MEA:
04/09/2003 00:14:48
$MEAS_TIM:
196 200
$DATA:
0 1023
       0
       0
       0
       0
       0
       0
       0
       0
       0
       0
       0
       0
       0
       0
       0
       0
       0
       0
       0
       0
       0
       0
       0
       0
       0
       0
       0
       0
       0
       0
       0
       0
       0
       0
       0
       0
       0
       0
       0
       0
       0
       0
       0
       0
     128
     270
     289
     257
     248
     254
     272
     315
     272
     278
     285
     270
     287
     318
     271
     285
     271
     295
     280
     286
     288
     284
     295
     295
     301
     303
     297
     311
     278
     298
     319
     339
     303
     347
     351
     376
     337
     349
     393
     381
     338
     421
     365
     356
     401
     394
     399
     433
     435
     425
     404
     451
     416
     436
     488
     453
     481
     444
     489
     503
     513
     508
     487
     460
     512
     509
     530
     551
     521
     520
     521
     533
     509
     546
     550
     599
     550
     539
     559
     577
     549
     540
     563
     595
     560
     575
     547
     566
     559
     588
     598
     613
     619
     638
     616
     573
     599
     577
     653
     594
     615
     630
     637
     634
     602
     614
     634
     630
     595
     630
     607
     631
     632
     615
     610
     621
     676
     645
     628
     642
     609
     618
     608
     660
     618
     579
     619
     613
     608
     588
     581
     598
     652
     593
     617
     634
     661
     592
     644
     628
     622
     609
     682
     583
     637
     591
     624
     681
     676
     659
     681
     651
     675
     669
     679
     691
     652
     689
     651
     709
     704
     715
     746
     735
     709
     715
     714
     691
     711
     659
     688
     718
     699
     720
     661
     696
     707
     679
     649
     632
     642
     644
     621
     702
     641
     615
     619
     643
     593
     607
     622
     593
     630
     582
     557
     609
     614
     558
     612
     545
     527
     596
     583
     596
     549
     530
     566
     573
     516
     542
     537
     559
     550
     545
     507
     511
     532
     501
     535
     513
     508
     477
     521
     498
     492
     489
     514
     500
     516
     452
     518
     488
     458
     476
     477
     472
     464
     511
     460
     395
     454
     440
     424
     415
     431
     426
     487
     424
     485
     434
     410
     423
     462
     444
     417
     451
     371
     425
     383
     399
     403
     396
     457
     390
     419
     394
     405
     412
     395
     368
     434
     398
     381
     400
     367
     401
     398
     378
     380
     357
     378
     392
     354
     381
     363
     349
     373
     377
     378
     376
     384
     372
     382
     339
     381
     356
     361
     333
     359
     357
     326
     344
     356
     384
     397
     352
     348
     336
     345
     331
     328
     331
     350
     322
     337
     320
     351
     326
     332
     329
     309
     315
     313
     306
     321
     295
     323
     310
     297
     270
     244
     262
     278
     266
     270
     263
     263
     259
     238
     219
     242
     250
     241
     240
     240
     212
     231
     223
     224
     219
     210
     208
     199
     199
     213
     209
     187
     185
     185
     201
     171
     171
     203
     188
     183
     165
     179
     191
     166
     152
     171
     150
     150
     159
     146
     161
     178
     159
     155
     171
     145
     139
     138
     161
     160
     131
     160
     147
     154
     173
     154
     127
     164
     161
     135
     114
     142
     140
     154
     147
     147
     125
     131
     156
     134
     149
     124
     115
     128
     142
     130
     116
     129
     124
     142
     132
     127
     131
     108
     101
     128
     134
     112
     131
      97
      99
     126
     131
     117
     118
     127
     132
     115
     105
     114
     121
     116
     112
     122
     113
     120
     122
     102
     119
      98
     106
     106
     122
     138
     106
     116
     133
     132
     115
     118
     115
     119
     121
     123
     127
     136
     119
     120
     117
     115
     145
     131
     156
     143
     152
     154
     126
     150
     141
     158
     167
     181
     187
     190
     210
     166
     217
     233
     213
     210
     268
     260
     274
     270
     317
     315
     365
     346
     369
     434
     422
     463
     480
     477
     539
     553
     588
     603
     635
     689
     696
     727
     778
     777
     811
     846
     939
     935
     962
    1035
    1011
    1086
    1149
    1144
    1190
    1261
    1268
    1268
    1231
    1274
    1336
    1359
    1358
    1323
    1347
    1379
    1338
    1387
    1349
    1322
    1321
    1314
    1274
    1331
    1210
    1224
    1201
    1069
    1071
    1101
    1061
    1036
    1003
     892
     876
     863
     827
     751
     702
     684
     657
     641
     611
     534
     521
     518
     436
     368
     397
     348
     347
     319
     305
     279
     264
     246
     193
     198
     163
     191
     165
     147
     137
     126
     101
     107
      84
     108
      82
      95
      83
      76
      63
      73
      68
      72
      67
      47
      66
      52
      48
      54
      52
      58
      53
      41
      48
      60
      51
      58
      55
      52
      38
      52
      39
      42
      50
      56
      45
      54
      35
      45
      47
      36
      49
      53
      45
      48
      58
      57
      49
      46
      41
      45
      50
      48
      49
      48
      49
      58
      57
      52
      38
      43
      53
      50
      48
      52
      49
      50
      45
      51
      48
      51
      54
      37
      55
      44
      51
      41
      39
      46
      39
      48
      50
      36
      41
      45
      46
      48
      49
      42
      41
      53
      43
      49
      55
      50
      38
      35
      41
      36
      37
      46
      44
      39
      31
      54
      42
      49
      53
      47
      41
      41
      35
      47
      58
      43
      39
      39
      29
      43
      46
      48
      59
      54
      49
      31
      49
      43
      45
      40
      45
      42
      41
      56
      42
      43
      45
      43
      46
      36
      53
      34
      34
      39
      38
      34
      39
      41
      43
      35
      39
      40
      66
      38
      34
      37
      38
      30
      50
      33
      46
      54
      43
      40
      34
      51
      46
      33
      43
      40
      49
      40
      40
      43
      33
      39
      34
      42
      44
      47
      52
      46
      39
      44
      45
      51
      45
      43
      28
      41
      38
      42
      45
      57
      36
      42
      35
      47
      49
      37
      45
      45
      47
      47
      38
      45
      48
      37
      43
      42
      46
      38
      38
      44
      47
      39
      43
      39
      41
      41
      42
      43
      36
      42
      40
      51
      44
      35
      45
      39
      49
      47
      40
      46
      45
      51
      58
      50
      37
      33
      48
      45
      50
      56
      57
      36
      44
      50
      43
      42
      64
      51
      39
      51
      40
      63
      42
      50
      39
      56
      41
      54
      55
      41
      50
      51
      50
      57
      55
      46
      50
      32
      45
      45
      51
      59
      41
      49
      42
      44
      51
      43
      58
      41
      35
      47
      48
      50
      45
      34
      34
      48
      46
      37
      60
      50
      50
      41
      39
      53
      39
      40
      25
      48
      42
      52
      37
      47
      63
      40
      43
      46
      57
      44
      36
      54
      54
      45
      47
      46
      48
      49
      47
      42
      49
      43
      53
      48
      41
      48
      46
      55
      48
      56
      26
       1
       0
       0
       0
       0
       0
       0
       0
       0
       0
       0
       0
       0
       0
       0
       0
       0
       0
       0
       0
       0
       0
       0
       0
       0
       0
       0
       0
       0
       0
       0
       0
       0
       0
       0
       0
       0
       0
       0
       0
       0
       0
       0
       0
       0
       0
       0
       0
       0
       0
       0
       0
       0
       0
       0
       0
       0
       0
       0
       0
       0
       0
       0
       0
       0
       0
       0
       0
$ROI:
2
95 97
514 605
$PRESETS:
Real Time
200
0
$ENER_FIT:
-289.438599 1.280702
$MCA_CAL:
3
-2.894386E+002 1.280702E+000 0.000000E+000
$SHAPE_CAL:
3
0.000000E+000 0.000000E+000 0.000000E+000
