$SPEC_ID:
MEASURE 158.
$SPEC_REM:
DET# 1
DETDESC# MCB 25
AP# Maestro Version 6.05
$DATE_MEA:
04/09/2003 08:34:48
$MEAS_TIM:
196 200
$DATA:
0 1023
       0
       0
       0
       0
       0
       0
       0
       0
       0
       0
       0
       0
       0
       0
       0
       0
       0
       0
       0
       0
       0
       0
       0
       0
       0
       0
       0
       0
       0
       0
       0
       0
       0
       0
       0
       0
       0
       0
       0
       0
       0
       0
       0
       0
     120
     269
     286
     274
     306
     254
     263
     275
     294
     290
     265
     290
     284
     253
     277
     253
     278
     258
     281
     303
     293
     286
     309
     299
     307
     293
     303
     315
     317
     313
     312
     301
     348
     309
     365
     325
     351
     354
     339
     355
     350
     373
     372
     388
     368
     397
     450
     400
     412
     430
     431
     460
     460
     421
     481
     491
     488
     434
     432
     478
     443
     511
     466
     488
     512
     463
     525
     527
     535
     510
     512
     528
     542
     561
     557
     576
     583
     568
     571
     560
     532
     550
     546
     576
     585
     578
     586
     614
     601
     562
     622
     610
     624
     652
     572
     618
     588
     577
     605
     611
     571
     581
     623
     603
     640
     614
     584
     656
     631
     627
     614
     590
     614
     655
     642
     623
     623
     607
     638
     581
     625
     614
     629
     603
     629
     581
     602
     634
     625
     607
     587
     581
     632
     615
     607
     605
     604
     563
     627
     585
     603
     605
     658
     635
     612
     656
     599
     654
     629
     668
     682
     704
     660
     640
     608
     664
     701
     667
     696
     728
     732
     704
     738
     672
     741
     782
     726
     671
     725
     657
     741
     717
     711
     703
     713
     712
     681
     654
     686
     683
     672
     648
     662
     609
     627
     659
     638
     609
     626
     604
     632
     588
     637
     591
     587
     597
     596
     590
     601
     561
     577
     609
     562
     520
     602
     570
     543
     530
     534
     548
     583
     548
     510
     524
     524
     531
     503
     539
     558
     512
     547
     544
     541
     492
     496
     510
     474
     502
     515
     487
     475
     462
     498
     505
     479
     484
     433
     469
     485
     459
     437
     468
     466
     460
     482
     427
     441
     480
     419
     417
     405
     453
     407
     450
     412
     432
     392
     404
     410
     446
     435
     419
     422
     434
     423
     404
     414
     405
     382
     431
     352
     387
     385
     410
     404
     379
     398
     387
     356
     391
     373
     388
     379
     434
     365
     376
     389
     351
     360
     383
     365
     330
     369
     402
     341
     359
     344
     341
     386
     335
     356
     369
     348
     350
     330
     356
     344
     311
     340
     308
     329
     340
     361
     334
     298
     341
     302
     367
     322
     289
     318
     313
     297
     288
     347
     294
     312
     293
     288
     291
     270
     296
     266
     301
     265
     255
     282
     278
     247
     244
     230
     230
     230
     218
     238
     221
     222
     220
     208
     200
     234
     201
     223
     194
     219
     176
     191
     196
     179
     188
     180
     188
     174
     182
     181
     168
     192
     170
     178
     175
     159
     162
     173
     169
     151
     177
     143
     132
     163
     158
     143
     143
     153
     134
     128
     164
     134
     165
     154
     125
     153
     143
     138
     117
     138
     135
     136
     133
     141
     131
     113
     136
     131
     150
     132
     139
     136
     121
     130
     125
     137
     143
     122
     112
     104
     131
     112
     129
     111
     112
     118
     117
     135
     130
     114
     124
     116
     128
     128
     133
     108
     134
     128
     128
     134
     121
     130
     114
     103
     125
     113
     101
      96
     122
     135
     137
     120
     117
     114
     109
     108
     123
     110
     127
      96
     120
     112
     105
     115
     109
     120
     119
     126
     132
     113
     128
     151
     131
     139
     135
     134
     126
     145
     147
     153
     154
     143
     175
     179
     173
     171
     208
     211
     208
     223
     221
     261
     259
     289
     270
     303
     306
     355
     353
     333
     389
     425
     443
     453
     522
     523
     560
     555
     625
     603
     661
     679
     769
     756
     797
     868
     834
     937
     949
     969
     962
    1053
    1072
    1115
    1107
    1168
    1132
    1220
    1242
    1216
    1311
    1267
    1287
    1325
    1326
    1337
    1323
    1378
    1337
    1391
    1322
    1342
    1266
    1283
    1304
    1230
    1239
    1174
    1129
    1108
    1086
    1099
    1034
    1038
     943
     951
     884
     813
     827
     759
     733
     728
     646
     597
     577
     562
     482
     462
     486
     390
     388
     327
     311
     284
     295
     262
     236
     231
     188
     194
     180
     157
     152
     144
     154
     122
      98
     102
      89
      89
      69
      70
      72
      78
      71
      53
      65
      69
      58
      64
      45
      64
      57
      74
      66
      57
      59
      49
      43
      49
      52
      51
      49
      54
      51
      45
      47
      47
      48
      40
      35
      52
      48
      53
      43
      45
      47
      34
      57
      49
      47
      51
      38
      41
      38
      46
      31
      51
      36
      48
      50
      42
      58
      47
      52
      54
      47
      45
      52
      47
      45
      51
      44
      46
      41
      44
      39
      48
      46
      47
      40
      52
      41
      45
      39
      38
      47
      49
      48
      59
      46
      35
      48
      38
      48
      46
      49
      40
      47
      41
      51
      41
      39
      44
      42
      53
      32
      28
      40
      38
      38
      47
      44
      43
      41
      53
      37
      39
      40
      43
      42
      41
      33
      48
      41
      52
      39
      31
      41
      37
      39
      43
      51
      48
      51
      32
      40
      48
      48
      44
      50
      38
      42
      42
      44
      37
      43
      43
      38
      59
      44
      48
      49
      32
      32
      39
      52
      41
      33
      47
      39
      39
      39
      38
      45
      36
      41
      31
      41
      43
      40
      38
      55
      43
      46
      41
      46
      50
      26
      47
      37
      43
      26
      47
      43
      38
      52
      37
      50
      32
      33
      38
      46
      45
      43
      44
      56
      33
      53
      43
      40
      54
      42
      37
      40
      52
      37
      45
      36
      43
      48
      39
      44
      43
      37
      49
      41
      48
      41
      45
      47
      44
      34
      54
      41
      47
      51
      43
      41
      40
      53
      45
      43
      39
      41
      47
      51
      37
      51
      48
      40
      50
      42
      47
      55
      44
      53
      46
      42
      37
      54
      51
      42
      49
      37
      42
      44
      51
      52
      53
      46
      46
      45
      57
      41
      47
      30
      40
      45
      56
      53
      52
      55
      42
      49
      42
      50
      36
      33
      56
      48
      49
      51
      49
      49
      45
      45
      47
      57
      43
      63
      52
      51
      57
      43
      46
      45
      53
      32
      45
      44
      51
      47
      45
      45
      44
      41
      49
      51
      61
      42
      48
      47
      44
      53
      41
      48
      56
      51
      44
      53
      45
      52
      45
      45
      41
      43
      56
      51
      53
      41
      35
      53
      43
      48
      46
      39
      14
       0
       0
       0
       0
       0
       0
       0
       0
       0
       0
       0
       0
       0
       0
       0
       0
       0
       0
       0
       0
       0
       0
       0
       0
       0
       0
       0
       0
       0
       0
       0
       0
       0
       0
       0
       0
       0
       0
       0
       0
       0
       0
       0
       0
       0
       0
       0
       0
       0
       0
       0
       0
       0
       0
       0
       0
       0
       0
       0
       0
       0
       0
       0
       0
       0
       0
       0
$ROI:
2
95 97
514 605
$PRESETS:
Real Time
200
0
$ENER_FIT:
-289.438599 1.280702
$MCA_CAL:
3
-2.894386E+002 1.280702E+000 0.000000E+000
$SHAPE_CAL:
3
0.000000E+000 0.000000E+000 0.000000E+000
