$SPEC_ID:
MEASURE 026.
$SPEC_REM:
DET# 1
DETDESC# MCB 25
AP# Maestro Version 6.05
$DATE_MEA:
04/08/2003 21:34:48
$MEAS_TIM:
196 200
$DATA:
0 1023
       0
       0
       0
       0
       0
       0
       0
       0
       0
       0
       0
       0
       0
       0
       0
       0
       0
       0
       0
       0
       0
       0
       0
       0
       0
       0
       0
       0
       0
       0
       0
       0
       0
       0
       0
       0
       0
       0
       0
       0
       0
       0
       0
       0
     131
     246
     291
     290
     252
     262
     267
     279
     282
     294
     276
     279
     275
     272
     276
     280
     299
     278
     291
     300
     296
     282
     306
     258
     279
     294
     320
     283
     322
     303
     327
     332
     347
     317
     366
     321
     348
     338
     371
     346
     361
     415
     410
     402
     413
     426
     403
     420
     404
     417
     437
     428
     411
     458
     470
     459
     463
     482
     463
     525
     491
     455
     468
     496
     517
     466
     550
     513
     522
     508
     568
     489
     550
     554
     482
     557
     536
     554
     558
     562
     564
     536
     582
     602
     601
     553
     620
     565
     577
     561
     590
     588
     631
     551
     633
     594
     610
     603
     593
     621
     626
     610
     609
     619
     589
     619
     638
     652
     630
     651
     610
     606
     616
     637
     652
     659
     654
     637
     577
     611
     627
     640
     630
     614
     692
     621
     619
     666
     624
     635
     651
     613
     601
     600
     570
     623
     664
     603
     631
     646
     596
     592
     627
     634
     626
     627
     633
     654
     674
     636
     649
     712
     669
     639
     684
     719
     700
     695
     738
     713
     738
     748
     724
     784
     696
     701
     666
     703
     713
     714
     746
     660
     712
     700
     613
     687
     700
     662
     656
     681
     631
     699
     629
     604
     649
     614
     612
     641
     633
     626
     605
     576
     647
     610
     632
     631
     562
     620
     551
     581
     616
     560
     595
     541
     547
     536
     543
     554
     512
     569
     546
     522
     565
     522
     520
     540
     531
     509
     546
     520
     514
     520
     540
     495
     516
     508
     523
     480
     495
     497
     462
     509
     481
     429
     492
     476
     450
     473
     474
     448
     475
     457
     475
     462
     409
     436
     437
     470
     434
     447
     428
     472
     454
     472
     460
     437
     404
     392
     409
     408
     433
     404
     429
     392
     445
     404
     391
     418
     386
     381
     408
     384
     397
     413
     401
     399
     373
     376
     393
     329
     379
     395
     392
     380
     367
     375
     358
     363
     365
     370
     357
     348
     366
     377
     394
     362
     382
     358
     362
     344
     354
     381
     321
     342
     322
     339
     340
     335
     336
     352
     336
     345
     337
     304
     357
     316
     335
     315
     332
     328
     333
     292
     288
     302
     319
     280
     296
     308
     269
     303
     275
     310
     282
     315
     258
     279
     252
     237
     242
     247
     249
     228
     238
     241
     223
     237
     235
     216
     238
     193
     213
     233
     220
     201
     207
     195
     188
     162
     184
     191
     157
     161
     186
     183
     160
     185
     157
     192
     161
     168
     168
     166
     189
     156
     171
     138
     155
     160
     180
     152
     142
     167
     152
     123
     146
     163
     149
     163
     135
     123
     151
     158
     172
     140
     143
     121
     152
     155
     140
     149
     135
     104
     133
     135
     146
     125
     124
     133
     133
     119
     132
     137
     140
     111
     129
     111
     145
     108
     138
      91
     120
     126
     127
     111
     142
     133
     133
     108
     104
     111
     110
     106
     124
     108
     111
     122
     105
      97
     118
     125
     123
     122
     116
     114
     121
     141
     110
     117
     132
     135
     114
     111
     107
     102
     132
     118
     121
     113
     117
     117
     132
     109
     106
     121
     139
     119
     123
     145
     130
     138
     130
     135
     155
     150
     152
     184
     183
     183
     188
     157
     213
     184
     259
     234
     238
     234
     287
     310
     272
     309
     310
     341
     358
     400
     361
     429
     429
     513
     456
     501
     578
     599
     656
     644
     723
     774
     752
     785
     791
     850
     931
     923
     919
     930
    1030
    1058
    1104
    1095
    1121
    1163
    1197
    1218
    1241
    1217
    1335
    1323
    1314
    1348
    1385
    1360
    1319
    1415
    1338
    1347
    1288
    1353
    1277
    1338
    1298
    1305
    1316
    1130
    1195
    1136
    1064
    1025
    1034
     946
     951
     913
     841
     789
     760
     739
     634
     661
     598
     626
     550
     502
     466
     438
     443
     376
     367
     326
     322
     285
     252
     225
     225
     222
     172
     158
     175
     157
     157
     112
     130
     103
     107
      71
      94
      84
      69
      80
      76
      78
      58
      69
      72
      53
      81
      58
      59
      51
      57
      53
      60
      50
      41
      60
      54
      66
      51
      51
      55
      48
      45
      43
      47
      44
      52
      45
      47
      50
      47
      51
      39
      50
      31
      52
      46
      51
      51
      45
      46
      37
      43
      51
      50
      36
      52
      49
      42
      43
      45
      53
      53
      43
      52
      40
      53
      48
      48
      35
      51
      58
      49
      38
      46
      50
      38
      48
      58
      48
      60
      45
      46
      40
      51
      49
      61
      49
      50
      36
      43
      44
      41
      42
      49
      35
      43
      38
      55
      49
      44
      36
      45
      48
      48
      46
      42
      25
      41
      37
      48
      50
      52
      38
      48
      42
      50
      50
      30
      49
      40
      43
      46
      51
      48
      47
      37
      54
      46
      47
      45
      45
      51
      32
      38
      60
      50
      47
      44
      40
      38
      46
      41
      31
      49
      39
      33
      48
      40
      43
      45
      40
      48
      46
      41
      49
      43
      30
      56
      44
      44
      42
      51
      36
      36
      53
      44
      40
      36
      35
      49
      42
      42
      41
      45
      27
      36
      46
      55
      51
      47
      33
      39
      38
      47
      56
      40
      46
      49
      47
      27
      42
      44
      32
      35
      34
      40
      47
      41
      39
      42
      38
      40
      34
      45
      31
      38
      47
      52
      34
      37
      44
      36
      48
      43
      52
      43
      46
      48
      41
      41
      42
      52
      60
      51
      47
      40
      47
      46
      54
      43
      53
      39
      58
      35
      46
      42
      54
      45
      44
      44
      48
      42
      48
      30
      52
      42
      46
      43
      51
      48
      43
      48
      46
      41
      48
      46
      39
      52
      55
      42
      61
      48
      33
      48
      50
      53
      49
      47
      37
      64
      39
      38
      51
      35
      46
      58
      41
      46
      47
      38
      48
      44
      59
      49
      32
      46
      53
      47
      47
      50
      41
      30
      45
      51
      46
      47
      49
      49
      39
      40
      40
      38
      53
      45
      42
      50
      46
      55
      58
      47
      48
      40
      35
      51
      52
      47
      64
      45
      48
      47
      36
      48
      48
      42
      43
      44
      59
      41
      57
      36
      41
      37
      39
      41
      29
       0
       0
       0
       0
       0
       0
       0
       0
       0
       0
       0
       0
       0
       0
       0
       0
       0
       0
       0
       0
       0
       0
       0
       0
       0
       0
       0
       0
       0
       0
       0
       0
       0
       0
       0
       0
       0
       0
       0
       0
       0
       0
       0
       0
       0
       0
       0
       0
       0
       0
       0
       0
       0
       0
       0
       0
       0
       0
       0
       0
       0
       0
       0
       0
       0
       0
       0
       0
$ROI:
2
95 97
514 605
$PRESETS:
Real Time
200
0
$ENER_FIT:
-289.438599 1.280702
$MCA_CAL:
3
-2.894386E+002 1.280702E+000 0.000000E+000
$SHAPE_CAL:
3
0.000000E+000 0.000000E+000 0.000000E+000
