$SPEC_ID:
MEASURE 918.
$SPEC_REM:
DET# 1
DETDESC# MCB 25
AP# Maestro Version 6.05
$DATE_MEA:
04/08/2003 12:34:48
$MEAS_TIM:
196 200
$DATA:
0 1023
       0
       0
       0
       0
       0
       0
       0
       0
       0
       0
       0
       0
       0
       0
       0
       0
       0
       0
       0
       0
       0
       0
       0
       0
       0
       0
       0
       0
       0
       0
       0
       0
       0
       0
       0
       0
       0
       0
       0
       0
       0
       0
       0
       0
     142
     244
     257
     284
     281
     277
     277
     261
     270
     273
     284
     283
     281
     276
     297
     261
     287
     290
     246
     294
     305
     304
     285
     289
     278
     293
     301
     326
     299
     315
     342
     314
     325
     323
     343
     329
     342
     399
     345
     371
     400
     389
     367
     396
     433
     438
     427
     420
     393
     425
     447
     449
     461
     452
     458
     447
     499
     501
     480
     460
     491
     542
     498
     523
     479
     512
     520
     524
     509
     506
     550
     530
     541
     530
     549
     533
     569
     521
     549
     545
     569
     557
     574
     590
     549
     581
     565
     604
     604
     590
     556
     605
     604
     583
     604
     584
     617
     622
     631
     643
     636
     626
     636
     596
     579
     606
     648
     671
     633
     590
     657
     641
     628
     632
     626
     662
     580
     580
     645
     638
     578
     628
     655
     621
     589
     600
     614
     691
     563
     646
     633
     591
     626
     589
     643
     611
     601
     582
     575
     575
     621
     651
     579
     628
     644
     642
     624
     659
     630
     660
     651
     686
     644
     628
     691
     723
     728
     692
     683
     737
     679
     740
     693
     663
     705
     688
     673
     702
     687
     687
     687
     686
     738
     724
     664
     642
     697
     672
     725
     636
     618
     634
     670
     646
     631
     608
     590
     603
     600
     596
     595
     632
     645
     591
     620
     608
     613
     590
     589
     555
     537
     550
     562
     533
     542
     614
     559
     540
     571
     590
     533
     546
     538
     552
     521
     525
     537
     539
     544
     530
     528
     502
     536
     537
     536
     515
     460
     538
     473
     497
     518
     472
     467
     495
     460
     461
     496
     488
     457
     478
     455
     427
     460
     429
     432
     456
     438
     447
     420
     460
     415
     431
     481
     402
     395
     407
     413
     415
     439
     422
     429
     469
     402
     412
     388
     414
     396
     387
     438
     388
     384
     407
     391
     395
     374
     378
     408
     359
     396
     366
     370
     384
     326
     362
     387
     373
     389
     398
     349
     400
     379
     369
     382
     365
     392
     349
     374
     325
     351
     368
     343
     362
     333
     359
     331
     314
     347
     359
     333
     331
     355
     305
     354
     323
     316
     332
     319
     342
     353
     342
     309
     291
     300
     301
     292
     304
     267
     305
     311
     294
     257
     271
     258
     284
     269
     258
     291
     264
     268
     242
     253
     225
     267
     238
     227
     236
     226
     196
     209
     220
     240
     232
     200
     214
     190
     190
     183
     182
     176
     183
     205
     170
     158
     171
     170
     177
     160
     162
     177
     163
     184
     192
     188
     157
     168
     186
     169
     156
     148
     144
     153
     144
     153
     150
     171
     155
     122
     124
     157
     130
     157
     132
     135
     139
     171
     150
     160
     129
     131
     113
     122
     125
     131
     123
     110
     132
     129
     132
     151
     140
     143
     132
     109
     138
     136
     133
     140
     118
     114
     134
     120
     111
     107
     123
     124
     118
      96
     135
     140
     121
     128
     121
     117
     107
     122
     115
     124
     126
     110
     110
     117
     103
     107
     121
     114
     111
     117
     123
     109
     121
     118
     137
      79
     144
     116
     109
     121
     125
     128
     128
     128
     114
     129
     123
     136
     124
     125
     145
     160
     136
     142
     146
     145
     157
     159
     166
     164
     190
     168
     182
     189
     209
     237
     225
     246
     261
     248
     299
     305
     338
     338
     359
     370
     371
     453
     466
     451
     458
     483
     513
     570
     581
     590
     649
     685
     708
     713
     764
     813
     818
     903
     850
     932
    1026
    1082
    1050
    1097
    1113
    1145
    1225
    1214
    1211
    1232
    1302
    1301
    1306
    1318
    1357
    1313
    1293
    1375
    1337
    1403
    1401
    1314
    1300
    1261
    1330
    1220
    1199
    1190
    1196
    1183
    1125
    1061
    1067
    1018
     949
     927
     899
     874
     855
     747
     767
     703
     621
     602
     575
     569
     500
     475
     468
     426
     392
     367
     335
     308
     300
     264
     276
     236
     198
     199
     184
     162
     156
     120
     131
     111
     103
      91
     105
      78
      84
      72
      81
      75
      70
      72
      55
      62
      64
      60
      57
      60
      56
      50
      52
      45
      54
      63
      50
      58
      50
      45
      56
      62
      45
      45
      51
      53
      42
      54
      51
      45
      37
      41
      54
      48
      48
      47
      47
      54
      53
      60
      47
      40
      48
      45
      58
      41
      47
      54
      50
      47
      52
      46
      56
      50
      53
      45
      37
      53
      42
      42
      46
      41
      50
      55
      50
      44
      63
      52
      42
      49
      49
      55
      46
      45
      33
      43
      44
      48
      35
      41
      41
      33
      48
      36
      43
      27
      50
      27
      36
      51
      42
      47
      47
      42
      47
      39
      38
      39
      49
      56
      35
      46
      43
      48
      39
      43
      41
      48
      51
      36
      46
      47
      32
      34
      34
      40
      46
      49
      49
      40
      55
      58
      46
      42
      43
      42
      36
      41
      49
      44
      36
      49
      45
      41
      49
      52
      65
      37
      46
      29
      40
      48
      48
      47
      33
      32
      45
      42
      38
      46
      41
      44
      48
      46
      38
      56
      48
      41
      45
      55
      52
      38
      50
      53
      44
      48
      46
      45
      39
      47
      48
      57
      44
      58
      47
      51
      40
      41
      54
      40
      40
      49
      50
      43
      47
      41
      35
      42
      45
      53
      49
      46
      37
      42
      53
      46
      45
      31
      55
      53
      45
      44
      57
      39
      51
      39
      49
      38
      45
      51
      46
      34
      46
      46
      47
      33
      41
      46
      49
      33
      57
      50
      55
      48
      46
      45
      44
      51
      44
      42
      49
      39
      42
      38
      34
      40
      40
      44
      36
      54
      47
      43
      39
      56
      44
      42
      36
      49
      38
      51
      42
      42
      38
      51
      42
      47
      49
      39
      29
      43
      51
      42
      49
      52
      48
      51
      47
      45
      42
      34
      51
      57
      52
      42
      48
      56
      37
      53
      30
      52
      53
      56
      48
      41
      52
      34
      52
      48
      46
      44
      39
      43
      46
      45
      58
      32
      34
      45
      45
      41
      50
      41
      48
      59
      44
      47
      37
      49
      42
      44
      40
      41
      63
      43
      49
      45
      36
      42
      49
      59
      48
      45
      48
      42
      45
      46
      32
       1
       0
       0
       0
       0
       0
       0
       0
       0
       0
       0
       0
       0
       0
       0
       0
       0
       0
       0
       0
       0
       0
       0
       0
       0
       0
       0
       0
       0
       0
       0
       0
       0
       0
       0
       0
       0
       0
       0
       0
       0
       0
       0
       0
       0
       0
       0
       0
       0
       0
       0
       0
       0
       0
       0
       0
       0
       0
       0
       0
       0
       0
       0
       0
       0
       0
       0
       0
$ROI:
2
95 97
514 605
$PRESETS:
Real Time
200
0
$ENER_FIT:
-289.438599 1.280702
$MCA_CAL:
3
-2.894386E+002 1.280702E+000 0.000000E+000
$SHAPE_CAL:
3
0.000000E+000 0.000000E+000 0.000000E+000
