$SPEC_ID:
MEASURE 448.
$SPEC_REM:
DET# 1
DETDESC# MCB 25
AP# Maestro Version 6.05
$DATE_MEA:
04/06/2003 21:24:48
$MEAS_TIM:
196 200
$DATA:
0 1023
       0
       0
       0
       0
       0
       0
       0
       0
       0
       0
       0
       0
       0
       0
       0
       0
       0
       0
       0
       0
       0
       0
       0
       0
       0
       0
       0
       0
       0
       0
       0
       0
       0
       0
       0
       0
       0
       0
       0
       0
       0
       0
       0
       0
     122
     256
     288
     264
     250
     253
     250
     248
     252
     279
     261
     284
     258
     280
     290
     287
     307
     298
     271
     282
     293
     313
     288
     336
     296
     250
     319
     317
     280
     311
     317
     346
     354
     338
     352
     331
     346
     376
     314
     371
     361
     414
     369
     396
     402
     415
     408
     449
     461
     408
     429
     394
     463
     456
     449
     471
     489
     444
     461
     503
     495
     493
     521
     478
     536
     464
     522
     471
     542
     543
     564
     516
     511
     552
     529
     561
     525
     613
     548
     528
     561
     562
     587
     542
     593
     612
     584
     542
     615
     598
     593
     602
     632
     634
     609
     592
     646
     637
     588
     645
     608
     611
     572
     624
     548
     664
     630
     587
     593
     594
     603
     599
     650
     655
     617
     640
     633
     646
     639
     618
     631
     677
     592
     611
     644
     663
     629
     648
     623
     627
     599
     608
     636
     613
     637
     602
     627
     583
     655
     635
     616
     647
     604
     643
     648
     622
     671
     646
     636
     629
     719
     674
     654
     682
     669
     680
     706
     670
     656
     663
     742
     687
     715
     692
     716
     681
     730
     747
     707
     694
     711
     703
     708
     734
     713
     668
     708
     700
     690
     680
     665
     667
     695
     603
     652
     631
     603
     626
     646
     598
     573
     612
     614
     618
     608
     630
     592
     530
     567
     574
     585
     588
     560
     573
     604
     565
     546
     566
     561
     568
     548
     547
     529
     553
     514
     558
     544
     563
     540
     552
     546
     508
     508
     545
     513
     544
     466
     512
     481
     506
     512
     501
     506
     472
     463
     477
     472
     466
     505
     474
     497
     466
     453
     442
     449
     434
     479
     415
     442
     451
     465
     441
     415
     419
     443
     412
     426
     401
     405
     449
     410
     430
     454
     393
     405
     419
     382
     399
     404
     373
     387
     387
     421
     406
     422
     361
     389
     372
     389
     418
     402
     409
     385
     341
     390
     388
     402
     405
     355
     382
     394
     365
     377
     360
     397
     389
     342
     381
     329
     379
     360
     357
     352
     349
     365
     381
     350
     339
     320
     344
     346
     344
     335
     322
     335
     302
     324
     305
     310
     299
     333
     311
     332
     320
     306
     312
     267
     304
     301
     280
     285
     298
     267
     302
     269
     280
     246
     238
     282
     236
     229
     244
     245
     250
     248
     247
     209
     220
     217
     185
     248
     203
     189
     193
     210
     184
     180
     200
     189
     214
     165
     174
     195
     179
     168
     165
     164
     168
     185
     165
     191
     165
     168
     177
     161
     155
     168
     152
     166
     160
     134
     161
     140
     138
     159
     127
     165
     139
     138
     161
     144
     145
     129
     137
     152
     127
     126
     135
     119
     155
     152
     151
     150
     138
     146
     134
     140
     126
     119
     133
     117
     138
     126
     124
     120
     119
     146
     108
     122
     128
     128
     118
     124
     118
     121
     132
     117
     126
     125
     128
     111
     113
     124
     109
     124
     104
     112
     144
     114
     124
     116
     111
     133
     119
     123
     110
     103
     105
     134
     102
     114
     120
     123
     114
     132
     118
     117
     122
     118
     122
     122
     128
     123
     131
     134
     124
     133
     142
     152
     158
     153
     148
     161
     183
     144
     148
     199
     178
     195
     205
     233
     197
     245
     226
     242
     243
     265
     294
     308
     335
     324
     385
     395
     412
     421
     460
     473
     487
     568
     571
     536
     616
     664
     680
     703
     771
     804
     760
     843
     932
     927
     953
    1002
     968
    1083
    1129
    1138
    1187
    1196
    1195
    1233
    1331
    1329
    1307
    1311
    1322
    1327
    1357
    1306
    1381
    1365
    1297
    1324
    1356
    1342
    1294
    1251
    1268
    1210
    1228
    1184
    1160
    1158
    1183
    1051
    1040
     999
     968
     922
     884
     831
     765
     738
     739
     672
     655
     586
     578
     522
     460
     449
     426
     391
     368
     334
     327
     295
     294
     243
     219
     231
     193
     175
     160
     153
     158
     136
     116
     108
      96
      99
      86
      82
      92
      75
      82
      68
      80
      64
      55
      57
      46
      64
      65
      48
      39
      52
      45
      61
      61
      45
      43
      46
      47
      49
      54
      40
      50
      39
      56
      60
      57
      56
      50
      50
      42
      49
      53
      52
      67
      46
      45
      55
      47
      50
      57
      48
      50
      53
      59
      47
      46
      42
      58
      31
      45
      60
      45
      43
      59
      49
      61
      54
      62
      38
      35
      51
      46
      47
      44
      41
      66
      49
      48
      57
      58
      48
      46
      41
      61
      47
      48
      39
      37
      46
      54
      45
      32
      42
      49
      41
      41
      38
      46
      49
      44
      43
      30
      42
      49
      43
      39
      34
      48
      37
      39
      54
      42
      56
      39
      50
      53
      45
      52
      51
      47
      39
      50
      39
      52
      55
      41
      42
      41
      42
      43
      40
      44
      49
      43
      40
      53
      49
      33
      43
      51
      52
      44
      50
      48
      46
      54
      47
      37
      44
      59
      46
      35
      41
      49
      49
      39
      41
      38
      56
      41
      54
      26
      43
      55
      41
      40
      43
      47
      35
      44
      32
      48
      42
      38
      44
      44
      38
      36
      37
      37
      45
      34
      40
      45
      36
      43
      36
      37
      48
      49
      36
      42
      36
      48
      37
      56
      51
      45
      40
      52
      46
      48
      35
      33
      42
      32
      39
      51
      46
      37
      52
      39
      54
      45
      49
      60
      45
      37
      40
      52
      35
      36
      38
      57
      31
      39
      49
      45
      38
      37
      44
      46
      40
      42
      51
      37
      46
      43
      41
      37
      37
      48
      39
      50
      42
      37
      48
      60
      49
      31
      49
      41
      40
      61
      48
      36
      35
      38
      42
      33
      47
      44
      51
      44
      49
      47
      51
      65
      39
      46
      50
      51
      43
      41
      46
      45
      49
      42
      46
      48
      45
      49
      38
      56
      37
      31
      35
      46
      46
      44
      30
      41
      39
      42
      42
      40
      57
      51
      39
      52
      41
      44
      45
      36
      52
      40
      51
      49
      55
      38
      50
      50
      40
      38
      43
      58
      49
      35
      41
      47
      60
      45
      47
      49
      42
      43
      46
      37
      42
      50
      59
      34
      60
      54
      48
      47
       1
       0
       0
       0
       0
       0
       0
       0
       0
       0
       0
       0
       0
       0
       0
       0
       0
       0
       0
       0
       0
       0
       0
       0
       0
       0
       0
       0
       0
       0
       0
       0
       0
       0
       0
       0
       0
       0
       0
       0
       0
       0
       0
       0
       0
       0
       0
       0
       0
       0
       0
       0
       0
       0
       0
       0
       0
       0
       0
       0
       0
       0
       0
       0
       0
       0
       0
       0
$ROI:
2
95 97
514 605
$PRESETS:
Real Time
200
0
$ENER_FIT:
-289.438599 1.280702
$MCA_CAL:
3
-2.894386E+002 1.280702E+000 0.000000E+000
$SHAPE_CAL:
3
0.000000E+000 0.000000E+000 0.000000E+000
