$SPEC_ID:
MEASURE 082.
$SPEC_REM:
DET# 1
DETDESC# MCB 25
AP# Maestro Version 6.05
$DATE_MEA:
04/09/2003 02:14:48
$MEAS_TIM:
196 200
$DATA:
0 1023
       0
       0
       0
       0
       0
       0
       0
       0
       0
       0
       0
       0
       0
       0
       0
       0
       0
       0
       0
       0
       0
       0
       0
       0
       0
       0
       0
       0
       0
       0
       0
       0
       0
       0
       0
       0
       0
       0
       0
       0
       0
       0
       0
       0
     117
     266
     265
     269
     263
     282
     253
     268
     289
     251
     276
     314
     280
     295
     288
     284
     253
     280
     281
     302
     272
     268
     313
     301
     319
     296
     286
     299
     318
     328
     334
     332
     327
     317
     293
     339
     356
     345
     358
     376
     364
     401
     368
     361
     376
     391
     411
     389
     410
     442
     425
     446
     495
     461
     458
     466
     464
     463
     474
     475
     469
     526
     492
     507
     471
     503
     507
     484
     518
     500
     544
     537
     537
     554
     541
     570
     572
     554
     553
     560
     560
     620
     581
     584
     604
     647
     593
     612
     573
     622
     598
     606
     561
     567
     630
     607
     626
     603
     613
     601
     620
     624
     647
     575
     614
     642
     622
     605
     611
     613
     631
     621
     588
     606
     641
     598
     627
     639
     618
     650
     633
     650
     683
     669
     621
     655
     641
     600
     651
     568
     635
     600
     663
     576
     619
     600
     616
     595
     629
     587
     611
     606
     628
     630
     636
     664
     636
     668
     663
     707
     659
     646
     674
     662
     658
     656
     731
     661
     755
     661
     715
     696
     690
     701
     660
     701
     694
     724
     699
     694
     685
     676
     705
     701
     707
     709
     697
     694
     620
     662
     665
     660
     654
     627
     640
     640
     627
     631
     616
     562
     604
     620
     589
     588
     593
     575
     546
     602
     622
     568
     605
     584
     595
     556
     577
     545
     569
     603
     507
     540
     571
     494
     514
     524
     501
     554
     565
     490
     552
     507
     517
     523
     488
     525
     472
     490
     527
     532
     464
     498
     463
     475
     491
     482
     484
     511
     478
     465
     453
     446
     487
     468
     473
     463
     448
     480
     467
     450
     421
     387
     463
     421
     413
     426
     440
     421
     416
     432
     420
     433
     406
     379
     422
     412
     386
     395
     409
     389
     407
     396
     384
     412
     412
     387
     392
     375
     422
     370
     382
     384
     392
     391
     362
     407
     399
     365
     386
     369
     396
     401
     357
     358
     345
     345
     335
     365
     346
     347
     364
     402
     433
     373
     355
     360
     328
     352
     349
     326
     357
     341
     356
     324
     279
     345
     353
     377
     290
     346
     341
     318
     326
     287
     298
     284
     323
     277
     313
     261
     273
     285
     294
     277
     298
     275
     270
     303
     251
     238
     255
     279
     228
     243
     232
     212
     243
     213
     206
     226
     236
     220
     178
     228
     183
     224
     187
     208
     179
     208
     201
     177
     172
     181
     182
     207
     179
     165
     162
     174
     188
     183
     159
     173
     151
     142
     153
     155
     169
     173
     159
     155
     161
     167
     151
     153
     160
     141
     143
     139
     156
     134
     133
     153
     146
     134
     169
     142
     132
     119
     150
     130
     135
     119
     118
     143
     134
     137
     136
     120
     104
     121
     127
     135
     118
     101
     132
     123
     123
     138
     126
     131
     131
     126
     138
     115
     116
     113
     107
     118
     135
     116
     116
     121
     115
     115
     115
     116
     103
     135
     123
     126
     104
     119
     119
     134
     113
     119
     137
     116
     125
     123
     129
     114
     121
     111
     117
     105
     127
     120
     121
     106
     122
     120
     106
     135
     148
     119
     137
     133
     152
     160
     152
     154
     159
     144
     164
     171
     196
     182
     205
     193
     193
     216
     207
     211
     222
     265
     295
     248
     304
     290
     316
     389
     363
     385
     404
     413
     428
     469
     536
     514
     547
     578
     607
     657
     669
     723
     700
     761
     826
     864
     869
     921
     979
    1007
    1005
    1035
    1018
    1125
    1146
    1157
    1201
    1257
    1309
    1256
    1233
    1252
    1330
    1354
    1317
    1277
    1345
    1352
    1369
    1337
    1336
    1355
    1247
    1328
    1274
    1285
    1180
    1135
    1185
    1094
    1081
    1045
    1080
     989
     944
     900
     864
     808
     753
     720
     727
     633
     657
     637
     585
     502
     517
     405
     431
     412
     334
     348
     310
     276
     280
     270
     235
     191
     204
     185
     163
     148
     133
     139
     119
     101
     103
      94
      81
     108
      99
      64
      84
      60
      69
      82
      58
      70
      67
      59
      54
      57
      41
      56
      49
      58
      60
      48
      61
      46
      55
      47
      51
      50
      36
      49
      47
      52
      48
      49
      55
      60
      52
      63
      43
      53
      58
      50
      54
      55
      34
      53
      59
      43
      47
      46
      45
      40
      50
      51
      60
      49
      49
      49
      43
      65
      47
      51
      43
      40
      49
      40
      29
      49
      43
      31
      37
      47
      48
      36
      36
      61
      57
      42
      47
      42
      42
      47
      43
      36
      53
      41
      46
      52
      45
      45
      34
      42
      37
      53
      48
      39
      44
      48
      37
      39
      47
      44
      47
      43
      53
      39
      46
      52
      41
      48
      52
      45
      39
      40
      42
      46
      45
      48
      40
      52
      43
      51
      52
      42
      51
      48
      49
      39
      42
      45
      47
      42
      34
      38
      54
      48
      50
      44
      41
      45
      44
      36
      48
      43
      51
      35
      33
      45
      45
      38
      49
      44
      37
      49
      46
      40
      44
      45
      41
      46
      43
      44
      57
      42
      40
      44
      37
      55
      36
      40
      47
      53
      51
      56
      37
      54
      45
      44
      40
      41
      59
      47
      38
      41
      37
      36
      50
      43
      33
      39
      53
      44
      55
      43
      46
      36
      52
      45
      42
      52
      51
      41
      54
      47
      41
      50
      43
      43
      44
      47
      47
      42
      59
      32
      42
      57
      47
      46
      50
      43
      36
      51
      55
      38
      43
      43
      45
      51
      43
      47
      38
      35
      50
      50
      35
      60
      39
      44
      37
      37
      61
      43
      46
      57
      41
      33
      47
      44
      37
      46
      43
      48
      40
      54
      48
      48
      37
      48
      38
      50
      53
      46
      41
      44
      51
      44
      43
      58
      47
      50
      29
      50
      36
      50
      47
      35
      42
      52
      50
      54
      33
      46
      43
      33
      39
      44
      44
      36
      38
      40
      49
      38
      42
      34
      38
      38
      55
      49
      43
      54
      52
      49
      54
      57
      47
      40
      51
      51
      48
      45
      39
      53
      48
      49
      46
      54
      57
      46
      47
      53
      43
      47
      50
      48
      48
      53
      41
      50
      72
      44
      40
      26
       4
       0
       0
       0
       0
       0
       0
       0
       0
       0
       0
       0
       0
       0
       0
       0
       0
       0
       0
       0
       0
       0
       0
       0
       0
       0
       0
       0
       0
       0
       0
       0
       0
       0
       0
       0
       0
       0
       0
       0
       0
       0
       0
       0
       0
       0
       0
       0
       0
       0
       0
       0
       0
       0
       0
       0
       0
       0
       0
       0
       0
       0
       0
       0
       0
       0
       0
       0
$ROI:
2
95 97
514 605
$PRESETS:
Real Time
200
0
$ENER_FIT:
-289.438599 1.280702
$MCA_CAL:
3
-2.894386E+002 1.280702E+000 0.000000E+000
$SHAPE_CAL:
3
0.000000E+000 0.000000E+000 0.000000E+000
