$SPEC_ID:
MEASURE 163.
$SPEC_REM:
DET# 1
DETDESC# MCB 25
AP# Maestro Version 6.05
$DATE_MEA:
04/09/2003 08:59:48
$MEAS_TIM:
196 200
$DATA:
0 1023
       0
       0
       0
       0
       0
       0
       0
       0
       0
       0
       0
       0
       0
       0
       0
       0
       0
       0
       0
       0
       0
       0
       0
       0
       0
       0
       0
       0
       0
       0
       0
       0
       0
       0
       0
       0
       0
       0
       0
       0
       0
       0
       0
       0
     106
     278
     249
     258
     252
     249
     275
     259
     299
     282
     252
     266
     295
     260
     281
     296
     256
     313
     274
     286
     263
     269
     324
     326
     324
     321
     314
     302
     306
     289
     323
     316
     337
     345
     343
     354
     366
     356
     360
     369
     355
     370
     385
     393
     402
     389
     421
     424
     431
     405
     444
     445
     455
     432
     435
     470
     459
     502
     500
     489
     489
     466
     461
     486
     508
     537
     504
     500
     536
     516
     505
     535
     491
     538
     551
     534
     523
     542
     571
     584
     567
     561
     548
     567
     588
     611
     595
     634
     576
     541
     572
     561
     591
     574
     626
     619
     620
     612
     607
     642
     603
     579
     625
     656
     657
     624
     639
     614
     645
     626
     594
     616
     620
     583
     629
     621
     601
     576
     618
     579
     673
     631
     581
     619
     575
     659
     642
     609
     636
     606
     656
     610
     591
     656
     579
     614
     608
     604
     600
     644
     634
     639
     656
     610
     619
     616
     667
     640
     649
     670
     651
     667
     709
     692
     665
     710
     681
     685
     648
     660
     695
     709
     686
     739
     712
     716
     762
     653
     683
     736
     700
     692
     727
     653
     734
     691
     714
     722
     694
     658
     663
     656
     638
     631
     639
     641
     622
     619
     636
     593
     604
     619
     618
     598
     598
     570
     601
     526
     566
     592
     561
     568
     550
     558
     573
     602
     580
     519
     578
     574
     542
     517
     550
     561
     525
     549
     511
     547
     538
     520
     515
     513
     522
     483
     521
     505
     512
     510
     498
     478
     497
     473
     487
     519
     477
     488
     498
     482
     474
     453
     436
     449
     527
     461
     457
     434
     431
     466
     463
     416
     425
     422
     411
     412
     434
     412
     428
     433
     466
     397
     429
     370
     412
     396
     381
     372
     386
     422
     401
     408
     391
     412
     402
     413
     382
     418
     374
     392
     384
     388
     386
     371
     387
     397
     371
     384
     355
     370
     351
     387
     385
     390
     388
     351
     357
     379
     363
     376
     393
     383
     332
     373
     376
     351
     315
     353
     346
     337
     355
     315
     346
     382
     341
     358
     315
     338
     352
     360
     300
     306
     324
     304
     314
     326
     294
     262
     279
     264
     299
     296
     296
     285
     273
     284
     265
     284
     256
     263
     254
     281
     253
     223
     218
     262
     252
     206
     263
     206
     239
     217
     197
     203
     208
     193
     182
     200
     213
     197
     191
     178
     204
     172
     168
     182
     168
     186
     167
     171
     175
     157
     171
     181
     148
     167
     162
     163
     148
     180
     144
     154
     169
     167
     176
     151
     143
     159
     151
     158
     139
     132
     151
     149
     133
     150
     139
     129
     123
     128
     146
     143
     124
     117
     126
     147
     108
     129
     118
     135
     144
     145
     123
     132
     124
     116
     132
     111
     127
     127
     106
     139
     124
     126
     114
     108
     123
     113
     122
     123
     128
     135
     116
     145
     124
     117
     102
     119
     121
      94
     121
     102
     135
      91
     116
     114
     111
     117
     119
     123
     120
     122
     121
     119
     107
     113
     117
     125
     108
     125
     138
     120
     105
     125
     113
     112
     128
     128
     112
     152
     128
     127
     148
     135
     147
     136
     134
     142
     150
     169
     149
     172
     199
     221
     229
     178
     213
     228
     268
     264
     291
     281
     266
     310
     342
     330
     356
     389
     451
     444
     498
     495
     501
     540
     579
     605
     634
     634
     685
     681
     765
     774
     929
     873
     901
     926
     961
     984
    1051
    1095
    1134
    1075
    1196
    1153
    1188
    1178
    1267
    1247
    1307
    1301
    1301
    1405
    1386
    1400
    1373
    1365
    1367
    1257
    1322
    1352
    1347
    1247
    1252
    1193
    1186
    1177
    1158
    1059
    1092
    1031
     998
    1040
     958
     893
     871
     808
     758
     744
     677
     681
     646
     562
     581
     481
     434
     469
     398
     408
     335
     313
     345
     280
     268
     261
     219
     205
     197
     166
     171
     163
     121
     134
     110
     109
     114
     101
      90
      93
      87
      71
      77
      72
      72
      60
      54
      56
      59
      51
      51
      47
      54
      51
      55
      47
      53
      42
      56
      35
      47
      45
      51
      64
      62
      38
      57
      45
      49
      51
      55
      51
      42
      44
      41
      33
      42
      53
      41
      49
      36
      42
      40
      58
      43
      46
      50
      55
      50
      58
      45
      54
      55
      40
      60
      52
      43
      51
      49
      51
      43
      39
      51
      45
      66
      46
      49
      47
      54
      49
      46
      54
      46
      43
      44
      35
      52
      56
      45
      47
      52
      45
      38
      45
      42
      32
      44
      48
      50
      44
      47
      38
      53
      46
      57
      44
      41
      52
      36
      43
      52
      41
      45
      48
      28
      46
      38
      40
      46
      49
      39
      38
      46
      46
      55
      36
      37
      36
      49
      49
      44
      52
      61
      48
      48
      38
      36
      44
      56
      55
      39
      39
      34
      34
      48
      43
      42
      47
      41
      39
      42
      48
      47
      52
      41
      43
      40
      45
      43
      39
      39
      44
      48
      40
      35
      50
      56
      59
      42
      56
      49
      53
      36
      42
      42
      50
      47
      48
      43
      51
      45
      49
      58
      44
      56
      49
      48
      41
      43
      54
      43
      35
      42
      49
      38
      49
      39
      60
      43
      34
      41
      44
      44
      43
      45
      47
      37
      40
      50
      43
      46
      36
      43
      44
      47
      54
      59
      37
      41
      37
      43
      37
      34
      35
      52
      54
      48
      43
      37
      48
      50
      39
      43
      41
      51
      50
      52
      48
      44
      58
      33
      45
      45
      54
      38
      43
      45
      49
      38
      43
      41
      34
      44
      49
      42
      37
      44
      44
      47
      49
      44
      51
      46
      50
      55
      43
      36
      39
      44
      44
      36
      48
      46
      51
      45
      52
      38
      35
      47
      38
      49
      43
      43
      51
      49
      37
      36
      43
      53
      44
      48
      46
      53
      33
      60
      57
      46
      38
      51
      44
      44
      36
      57
      55
      46
      39
      50
      45
      56
      33
      54
      59
      56
      51
      48
      54
      48
      40
      48
      42
      41
      45
      41
      62
      37
      47
      42
      39
      44
      36
      41
      55
      54
      47
      44
      46
      19
       0
       0
       0
       0
       0
       0
       0
       0
       0
       0
       0
       0
       0
       0
       0
       0
       0
       0
       0
       0
       0
       0
       0
       0
       0
       0
       0
       0
       0
       0
       0
       0
       0
       0
       0
       0
       0
       0
       0
       0
       0
       0
       0
       0
       0
       0
       0
       0
       0
       0
       0
       0
       0
       0
       0
       0
       0
       0
       0
       0
       0
       0
       0
       0
       0
       0
       0
$ROI:
2
95 97
514 605
$PRESETS:
Real Time
200
0
$ENER_FIT:
-289.438599 1.280702
$MCA_CAL:
3
-2.894386E+002 1.280702E+000 0.000000E+000
$SHAPE_CAL:
3
0.000000E+000 0.000000E+000 0.000000E+000
