$SPEC_ID:
MEASURE 336.
$SPEC_REM:
DET# 1
DETDESC# MCB 25
AP# Maestro Version 6.05
$DATE_MEA:
04/09/2003 23:24:48
$MEAS_TIM:
196 200
$DATA:
0 1023
       0
       0
       0
       0
       0
       0
       0
       0
       0
       0
       0
       0
       0
       0
       0
       0
       0
       0
       0
       0
       0
       0
       0
       0
       0
       0
       0
       0
       0
       0
       0
       0
       0
       0
       0
       0
       0
       0
       0
       0
       0
       0
       0
       0
     118
     242
     261
     265
     249
     273
     276
     280
     296
     267
     235
     265
     279
     270
     282
     282
     285
     291
     279
     262
     329
     328
     286
     292
     321
     270
     311
     269
     302
     302
     310
     321
     341
     314
     326
     313
     341
     368
     331
     367
     369
     401
     365
     338
     407
     350
     370
     419
     414
     382
     451
     454
     436
     458
     448
     430
     467
     482
     447
     487
     492
     481
     454
     509
     510
     493
     568
     511
     509
     534
     559
     569
     524
     532
     553
     596
     567
     535
     515
     528
     560
     571
     565
     568
     611
     569
     620
     591
     601
     564
     576
     604
     575
     605
     617
     597
     649
     621
     608
     615
     643
     576
     615
     584
     581
     634
     630
     649
     566
     593
     616
     595
     619
     590
     640
     636
     605
     614
     593
     622
     609
     654
     597
     610
     603
     601
     605
     613
     623
     557
     608
     589
     605
     621
     632
     659
     612
     594
     622
     637
     601
     545
     613
     646
     656
     655
     628
     646
     667
     644
     630
     616
     633
     659
     644
     645
     647
     651
     669
     682
     713
     633
     666
     723
     651
     677
     689
     706
     734
     695
     706
     706
     707
     742
     686
     694
     695
     685
     670
     694
     702
     620
     623
     639
     664
     612
     648
     614
     629
     619
     672
     633
     591
     610
     593
     605
     607
     590
     588
     571
     555
     557
     566
     574
     597
     572
     581
     551
     576
     542
     573
     519
     527
     548
     540
     545
     544
     560
     546
     545
     515
     511
     551
     510
     539
     535
     509
     521
     492
     506
     467
     492
     481
     454
     499
     443
     482
     514
     449
     474
     455
     444
     462
     441
     431
     451
     418
     455
     433
     436
     424
     430
     421
     451
     422
     401
     392
     424
     398
     430
     399
     454
     401
     449
     417
     366
     351
     407
     340
     420
     419
     414
     365
     357
     373
     388
     387
     365
     387
     359
     354
     379
     356
     384
     380
     351
     371
     391
     337
     360
     400
     385
     394
     377
     367
     345
     370
     368
     415
     350
     364
     333
     375
     375
     365
     355
     383
     350
     349
     351
     315
     336
     348
     349
     307
     352
     314
     356
     319
     322
     347
     337
     345
     303
     319
     280
     313
     320
     292
     286
     300
     287
     311
     284
     276
     293
     288
     296
     241
     228
     245
     242
     254
     226
     254
     234
     248
     222
     199
     224
     229
     224
     214
     229
     190
     223
     209
     199
     181
     218
     187
     202
     172
     198
     176
     187
     144
     162
     168
     177
     156
     146
     179
     161
     139
     152
     172
     139
     173
     154
     144
     152
     170
     161
     161
     164
     149
     145
     145
     156
     140
     129
     134
     142
     118
     141
     143
     140
     139
     118
     139
     116
     117
     133
     144
     154
     150
     129
     133
     119
     107
     116
     128
     128
     135
     120
     121
     120
     134
     136
     134
     105
     126
     100
      99
     113
     130
     105
     118
     124
     136
     143
     116
     116
     117
     117
     137
     115
     113
     105
     122
     120
     115
     126
     101
     106
     113
     130
     119
     129
     112
     129
     127
     112
     104
     114
     125
     135
     133
     113
     118
     131
     122
     127
     128
     129
     120
     132
     121
     120
     137
     134
     123
     130
     139
     127
     136
     148
     148
     161
     154
     200
     186
     170
     202
     217
     198
     211
     246
     227
     237
     283
     300
     288
     326
     351
     383
     347
     359
     356
     381
     464
     512
     510
     504
     566
     591
     617
     677
     608
     722
     778
     790
     817
     829
     873
     929
     956
    1030
    1004
    1032
    1075
    1079
    1184
    1126
    1110
    1240
    1209
    1211
    1280
    1223
    1318
    1337
    1319
    1339
    1338
    1313
    1280
    1283
    1351
    1265
    1270
    1245
    1209
    1194
    1273
    1172
    1173
    1202
    1085
     999
    1036
     997
     983
     886
     853
     837
     805
     769
     682
     661
     672
     588
     607
     575
     508
     449
     467
     404
     409
     362
     322
     315
     284
     281
     232
     215
     230
     185
     165
     175
     160
     140
     109
     113
     110
     101
     108
      89
      84
      67
      58
      69
      78
      54
      55
      64
      73
      57
      72
      61
      57
      58
      55
      44
      47
      52
      51
      44
      45
      47
      47
      47
      40
      49
      54
      56
      42
      55
      52
      48
      52
      57
      51
      69
      41
      49
      50
      42
      55
      52
      45
      42
      44
      48
      52
      51
      39
      32
      47
      45
      44
      50
      51
      44
      55
      52
      49
      48
      51
      49
      40
      52
      47
      50
      42
      52
      49
      44
      51
      47
      40
      50
      40
      42
      51
      42
      27
      48
      55
      44
      44
      40
      43
      49
      40
      41
      56
      46
      45
      36
      40
      34
      45
      47
      39
      49
      43
      51
      41
      39
      43
      41
      49
      38
      35
      33
      47
      45
      36
      36
      35
      47
      52
      39
      35
      47
      41
      36
      35
      37
      45
      46
      42
      45
      45
      57
      58
      52
      45
      33
      45
      37
      33
      39
      41
      52
      56
      36
      46
      46
      50
      42
      41
      36
      45
      37
      37
      46
      44
      61
      42
      53
      40
      42
      55
      25
      56
      51
      48
      33
      38
      34
      47
      51
      39
      36
      51
      39
      38
      42
      45
      37
      36
      34
      51
      41
      44
      41
      51
      53
      41
      43
      54
      42
      48
      39
      53
      38
      42
      47
      30
      44
      48
      53
      44
      43
      52
      36
      46
      58
      49
      42
      47
      40
      42
      45
      54
      50
      44
      44
      51
      44
      47
      42
      53
      41
      57
      44
      34
      45
      53
      51
      44
      39
      39
      41
      46
      39
      54
      55
      42
      50
      38
      42
      35
      44
      31
      45
      36
      56
      42
      43
      56
      46
      51
      51
      45
      50
      38
      49
      48
      41
      36
      40
      46
      42
      57
      42
      47
      53
      39
      36
      47
      42
      42
      44
      49
      56
      40
      41
      50
      50
      57
      39
      36
      37
      52
      31
      48
      38
      37
      58
      47
      55
      43
      46
      45
      49
      48
      43
      49
      44
      38
      48
      50
      57
      40
      37
      50
      45
      45
      43
      42
      53
      33
      39
      50
      43
      54
      42
      49
      41
      67
      51
      49
      46
      50
      64
      48
      50
      51
      16
       0
       0
       0
       0
       0
       0
       0
       0
       0
       0
       0
       0
       0
       0
       0
       0
       0
       0
       0
       0
       0
       0
       0
       0
       0
       0
       0
       0
       0
       0
       0
       0
       0
       0
       0
       0
       0
       0
       0
       0
       0
       0
       0
       0
       0
       0
       0
       0
       0
       0
       0
       0
       0
       0
       0
       0
       0
       0
       0
       0
       0
       0
       0
       0
       0
       0
       0
$ROI:
2
95 97
514 605
$PRESETS:
Real Time
200
0
$ENER_FIT:
-289.438599 1.280702
$MCA_CAL:
3
-2.894386E+002 1.280702E+000 0.000000E+000
$SHAPE_CAL:
3
0.000000E+000 0.000000E+000 0.000000E+000
