$SPEC_ID:
MEASURE 794.
$SPEC_REM:
DET# 1
DETDESC# MCB 25
AP# Maestro Version 6.05
$DATE_MEA:
04/08/2003 02:14:48
$MEAS_TIM:
196 200
$DATA:
0 1023
       0
       0
       0
       0
       0
       0
       0
       0
       0
       0
       0
       0
       0
       0
       0
       0
       0
       0
       0
       0
       0
       0
       0
       0
       0
       0
       0
       0
       0
       0
       0
       0
       0
       0
       0
       0
       0
       0
       0
       0
       0
       0
       0
       0
     114
     250
     269
     264
     248
     248
     262
     273
     271
     252
     298
     270
     287
     293
     306
     285
     283
     309
     279
     269
     300
     298
     291
     315
     309
     282
     294
     334
     299
     310
     312
     303
     336
     363
     334
     309
     351
     382
     353
     357
     388
     356
     396
     429
     409
     418
     405
     406
     434
     429
     465
     447
     462
     447
     430
     460
     451
     458
     486
     493
     498
     462
     490
     505
     496
     431
     485
     506
     521
     547
     537
     550
     502
     537
     509
     520
     550
     575
     592
     564
     553
     588
     578
     556
     559
     587
     578
     609
     636
     617
     601
     588
     586
     627
     616
     594
     617
     615
     598
     633
     578
     633
     601
     628
     631
     676
     661
     681
     615
     640
     658
     593
     634
     588
     589
     672
     639
     606
     651
     651
     607
     665
     650
     598
     603
     601
     623
     624
     619
     593
     598
     678
     610
     615
     630
     624
     653
     612
     631
     618
     622
     656
     605
     669
     679
     611
     650
     644
     651
     670
     661
     668
     683
     630
     665
     699
     664
     705
     661
     685
     692
     686
     721
     748
     731
     679
     727
     729
     713
     680
     709
     676
     652
     740
     689
     652
     687
     723
     648
     682
     628
     672
     618
     655
     643
     657
     688
     590
     596
     616
     601
     596
     604
     621
     612
     598
     588
     590
     553
     614
     533
     556
     535
     582
     546
     528
     581
     576
     531
     557
     538
     541
     528
     458
     560
     514
     515
     556
     530
     491
     478
     506
     529
     545
     533
     520
     499
     505
     487
     501
     485
     477
     487
     504
     451
     483
     507
     512
     460
     466
     488
     437
     449
     447
     473
     482
     491
     418
     439
     395
     454
     411
     421
     373
     451
     457
     451
     428
     455
     425
     455
     423
     439
     420
     428
     379
     417
     376
     440
     393
     357
     372
     380
     370
     413
     389
     383
     372
     396
     377
     387
     366
     387
     379
     375
     380
     377
     378
     388
     346
     371
     358
     394
     389
     362
     363
     369
     340
     389
     374
     370
     359
     308
     332
     332
     352
     359
     311
     329
     326
     353
     317
     348
     323
     323
     332
     327
     300
     334
     323
     305
     332
     323
     292
     320
     302
     280
     280
     306
     288
     279
     297
     259
     288
     260
     267
     252
     296
     254
     256
     261
     252
     225
     236
     208
     218
     203
     189
     240
     233
     206
     229
     218
     208
     195
     193
     199
     219
     193
     205
     155
     181
     196
     168
     155
     180
     166
     177
     156
     159
     173
     167
     154
     181
     181
     145
     166
     125
     156
     156
     156
     143
     169
     149
     146
     135
     152
     163
     157
     143
     170
     147
     127
     150
     145
     148
     137
     134
     156
     147
     122
     161
     152
     144
     147
     126
     130
     130
     108
     140
     128
     132
     114
     116
     125
     127
     120
     126
     114
     115
     118
     106
     140
     122
     107
     104
     134
     137
     111
     107
     125
     127
     115
     117
     123
     112
     118
      95
     130
     127
     111
     138
     130
     109
     106
     136
     100
     128
     129
     124
     125
     108
     109
     118
     119
     106
     122
     146
     113
     111
     136
     115
     130
     134
     133
     133
     136
     127
     118
     125
     141
     153
     137
     150
     163
     175
     175
     167
     197
     198
     226
     220
     223
     235
     264
     256
     256
     277
     294
     307
     344
     339
     373
     418
     416
     422
     481
     439
     477
     546
     573
     600
     662
     703
     728
     732
     752
     767
     893
     850
     899
     968
     955
    1016
    1021
    1109
    1142
    1164
    1151
    1195
    1235
    1239
    1240
    1340
    1281
    1296
    1359
    1338
    1378
    1363
    1394
    1384
    1445
    1341
    1307
    1275
    1302
    1297
    1278
    1177
    1219
    1189
    1121
    1087
    1029
    1031
    1046
    1009
     884
     904
     812
     787
     819
     715
     709
     660
     599
     575
     571
     496
     451
     437
     427
     403
     366
     313
     312
     273
     274
     248
     216
     205
     209
     154
     162
     155
     153
     134
     124
     112
     106
      96
      73
      86
      81
      84
      74
      72
      66
      60
      55
      63
      50
      57
      49
      48
      65
      47
      48
      43
      55
      52
      43
      52
      49
      56
      60
      45
      32
      47
      48
      35
      46
      55
      59
      52
      43
      48
      40
      66
      41
      62
      41
      42
      53
      44
      52
      54
      49
      53
      60
      53
      43
      42
      41
      53
      58
      42
      43
      36
      55
      49
      46
      43
      54
      52
      44
      44
      42
      38
      38
      44
      34
      48
      47
      33
      48
      39
      40
      37
      38
      56
      56
      43
      52
      44
      50
      44
      43
      45
      42
      38
      41
      41
      41
      44
      36
      43
      44
      45
      39
      37
      41
      42
      50
      51
      49
      46
      44
      54
      46
      39
      53
      34
      42
      44
      38
      33
      29
      48
      39
      51
      58
      35
      46
      45
      47
      43
      46
      49
      48
      43
      46
      55
      47
      52
      46
      55
      37
      34
      33
      52
      53
      42
      43
      39
      32
      38
      38
      38
      43
      49
      43
      39
      29
      42
      32
      36
      43
      45
      45
      53
      55
      43
      44
      39
      40
      44
      42
      40
      57
      43
      53
      51
      54
      41
      42
      44
      39
      37
      46
      39
      37
      33
      52
      43
      42
      31
      49
      45
      43
      54
      41
      51
      32
      39
      39
      57
      49
      36
      46
      38
      37
      35
      45
      51
      46
      47
      50
      46
      47
      47
      42
      42
      41
      42
      35
      36
      42
      44
      48
      46
      43
      44
      43
      50
      41
      49
      47
      58
      50
      52
      56
      42
      53
      43
      48
      45
      54
      52
      48
      47
      53
      40
      35
      41
      39
      56
      45
      45
      42
      42
      52
      44
      47
      48
      43
      52
      47
      43
      43
      41
      44
      40
      48
      46
      39
      60
      44
      44
      33
      55
      51
      35
      48
      48
      60
      27
      47
      46
      46
      43
      34
      55
      60
      57
      49
      63
      61
      47
      48
      46
      44
      39
      50
      61
      48
      50
      49
      37
      50
      45
      48
      43
      49
      49
      49
      45
      39
      51
      53
      53
      29
      43
      46
      51
      38
      44
      52
      54
      46
      44
      48
      49
      62
      54
      43
      54
      40
      48
      40
      57
       6
       0
       0
       0
       0
       0
       0
       0
       0
       0
       0
       0
       0
       0
       0
       0
       0
       0
       0
       0
       0
       0
       0
       0
       0
       0
       0
       0
       0
       0
       0
       0
       0
       0
       0
       0
       0
       0
       0
       0
       0
       0
       0
       0
       0
       0
       0
       0
       0
       0
       0
       0
       0
       0
       0
       0
       0
       0
       0
       0
       0
       0
       0
       0
       0
       0
       0
       0
$ROI:
2
95 97
514 605
$PRESETS:
Real Time
200
0
$ENER_FIT:
-289.438599 1.280702
$MCA_CAL:
3
-2.894386E+002 1.280702E+000 0.000000E+000
$SHAPE_CAL:
3
0.000000E+000 0.000000E+000 0.000000E+000
