$SPEC_ID:
MEASURE 725.
$SPEC_REM:
DET# 1
DETDESC# MCB 25
AP# Maestro Version 6.05
$DATE_MEA:
04/07/2003 20:29:48
$MEAS_TIM:
196 200
$DATA:
0 1023
       0
       0
       0
       0
       0
       0
       0
       0
       0
       0
       0
       0
       0
       0
       0
       0
       0
       0
       0
       0
       0
       0
       0
       0
       0
       0
       0
       0
       0
       0
       0
       0
       0
       0
       0
       0
       0
       0
       0
       0
       0
       0
       0
       0
     123
     265
     283
     252
     278
     286
     288
     275
     285
     281
     267
     280
     298
     286
     298
     302
     271
     295
     269
     320
     279
     284
     304
     320
     304
     315
     291
     306
     305
     321
     312
     312
     322
     336
     357
     328
     370
     341
     350
     376
     347
     393
     386
     396
     384
     399
     419
     410
     400
     405
     456
     437
     478
     455
     446
     468
     484
     493
     483
     524
     506
     515
     514
     519
     498
     531
     499
     520
     484
     520
     542
     537
     555
     549
     546
     578
     535
     542
     587
     622
     557
     582
     601
     590
     586
     571
     579
     627
     573
     613
     589
     612
     619
     558
     637
     694
     630
     562
     585
     608
     638
     628
     668
     605
     629
     582
     661
     590
     603
     637
     671
     626
     675
     602
     678
     656
     638
     638
     574
     569
     611
     581
     635
     642
     614
     606
     694
     592
     652
     651
     638
     601
     603
     638
     610
     603
     596
     638
     674
     610
     643
     600
     628
     627
     618
     682
     658
     647
     679
     613
     678
     687
     622
     681
     720
     633
     677
     702
     635
     692
     688
     711
     702
     714
     669
     733
     724
     675
     731
     738
     642
     697
     689
     728
     690
     660
     706
     660
     653
     663
     674
     623
     608
     642
     626
     581
     632
     629
     622
     635
     600
     619
     574
     598
     632
     615
     604
     551
     554
     587
     573
     564
     561
     554
     521
     502
     564
     557
     556
     548
     535
     569
     562
     508
     544
     543
     510
     554
     512
     543
     551
     502
     528
     496
     501
     517
     516
     499
     492
     529
     457
     467
     527
     445
     485
     509
     487
     528
     456
     438
     432
     438
     502
     444
     451
     442
     456
     469
     451
     438
     401
     403
     444
     418
     427
     415
     434
     418
     387
     392
     440
     415
     368
     409
     406
     406
     384
     381
     394
     393
     362
     406
     390
     385
     417
     392
     378
     366
     374
     350
     336
     387
     379
     367
     394
     386
     362
     382
     381
     357
     372
     395
     414
     385
     331
     341
     354
     363
     357
     387
     355
     371
     355
     355
     341
     363
     327
     367
     355
     335
     354
     325
     320
     346
     337
     308
     351
     317
     310
     334
     306
     334
     317
     303
     310
     294
     303
     298
     273
     276
     317
     304
     268
     259
     238
     269
     278
     247
     269
     251
     231
     262
     238
     236
     236
     225
     220
     215
     219
     211
     199
     224
     222
     199
     195
     200
     204
     219
     220
     216
     178
     179
     194
     208
     209
     153
     169
     147
     169
     156
     173
     164
     156
     158
     156
     154
     158
     149
     147
     166
     150
     148
     150
     158
     147
     146
     156
     150
     139
     141
     145
     137
     155
     133
     126
     135
     126
     133
     131
     119
     112
     125
     141
     127
     116
     131
     113
     111
     120
     136
     123
     136
     139
     126
     127
     136
     134
     133
     128
     127
     148
     106
     130
     111
     121
     120
     115
     122
     141
     125
     123
     123
     128
     118
     119
     104
     116
     128
     125
     108
     108
     112
     130
     117
     118
     115
     124
     109
     111
     121
     125
     129
     131
     126
     117
     137
     133
     124
     112
     108
     121
     135
     132
     134
     152
     125
     148
     146
     159
     144
     166
     168
     164
     158
     161
     164
     173
     175
     198
     197
     207
     219
     245
     210
     258
     269
     277
     294
     352
     336
     342
     371
     357
     383
     414
     462
     501
     530
     519
     549
     567
     639
     672
     688
     704
     786
     790
     825
     834
     892
     886
    1004
     943
    1011
    1097
    1069
    1053
    1148
    1170
    1238
    1194
    1286
    1296
    1218
    1313
    1365
    1359
    1323
    1347
    1342
    1340
    1266
    1314
    1351
    1406
    1373
    1294
    1270
    1272
    1179
    1188
    1196
    1061
    1192
    1021
    1021
     963
     930
     855
     799
     810
     792
     758
     701
     671
     651
     578
     563
     563
     526
     459
     416
     381
     373
     346
     330
     272
     270
     250
     202
     222
     222
     158
     172
     168
     131
     134
     107
     110
     108
     103
      83
      70
      75
      81
      80
      56
      71
      67
      79
      57
      57
      51
      55
      54
      53
      62
      57
      41
      59
      53
      56
      47
      54
      43
      47
      40
      42
      67
      56
      44
      51
      36
      51
      42
      50
      37
      42
      47
      49
      47
      63
      52
      34
      52
      30
      40
      43
      54
      51
      51
      49
      42
      42
      38
      38
      39
      38
      48
      54
      45
      44
      43
      64
      53
      42
      48
      40
      50
      45
      30
      31
      59
      45
      43
      49
      42
      50
      54
      31
      47
      35
      45
      48
      45
      49
      35
      40
      40
      38
      46
      51
      51
      46
      45
      48
      63
      42
      48
      50
      45
      47
      39
      42
      43
      37
      42
      51
      42
      45
      39
      36
      45
      34
      44
      46
      30
      34
      43
      28
      46
      41
      38
      36
      50
      50
      44
      43
      41
      52
      43
      49
      39
      48
      41
      51
      34
      33
      46
      41
      41
      41
      46
      39
      49
      53
      38
      45
      49
      45
      36
      41
      42
      51
      37
      42
      45
      42
      39
      40
      52
      43
      39
      49
      31
      42
      34
      30
      43
      48
      45
      38
      48
      42
      58
      41
      51
      44
      53
      51
      34
      43
      60
      45
      33
      38
      49
      58
      48
      50
      42
      48
      41
      49
      39
      32
      37
      35
      42
      37
      34
      51
      45
      52
      46
      40
      49
      45
      40
      53
      40
      35
      53
      45
      49
      56
      41
      47
      43
      49
      51
      41
      44
      47
      46
      47
      49
      40
      50
      45
      45
      47
      60
      44
      55
      42
      54
      49
      49
      36
      32
      41
      47
      51
      45
      43
      32
      40
      49
      55
      46
      37
      42
      51
      48
      50
      38
      42
      38
      34
      46
      26
      46
      52
      50
      49
      47
      36
      40
      52
      43
      53
      50
      48
      40
      48
      36
      50
      54
      46
      49
      42
      43
      46
      44
      50
      40
      50
      41
      40
      41
      59
      54
      41
      63
      37
      34
      56
      42
      40
      50
      52
      58
      47
      40
      40
      36
      52
      52
      49
      42
      44
      55
      35
      41
      40
      54
      50
      47
      42
      49
      43
      54
      49
      50
      44
      40
      45
      50
      48
      38
      40
       6
       0
       0
       0
       0
       0
       0
       0
       0
       0
       0
       0
       0
       0
       0
       0
       0
       0
       0
       0
       0
       0
       0
       0
       0
       0
       0
       0
       0
       0
       0
       0
       0
       0
       0
       0
       0
       0
       0
       0
       0
       0
       0
       0
       0
       0
       0
       0
       0
       0
       0
       0
       0
       0
       0
       0
       0
       0
       0
       0
       0
       0
       0
       0
       0
       0
       0
       0
$ROI:
2
95 97
514 605
$PRESETS:
Real Time
200
0
$ENER_FIT:
-289.438599 1.280702
$MCA_CAL:
3
-2.894386E+002 1.280702E+000 0.000000E+000
$SHAPE_CAL:
3
0.000000E+000 0.000000E+000 0.000000E+000
