$SPEC_ID:
MEASURE 840.
$SPEC_REM:
DET# 1
DETDESC# MCB 25
AP# Maestro Version 6.05
$DATE_MEA:
04/08/2003 06:04:48
$MEAS_TIM:
196 200
$DATA:
0 1023
       0
       0
       0
       0
       0
       0
       0
       0
       0
       0
       0
       0
       0
       0
       0
       0
       0
       0
       0
       0
       0
       0
       0
       0
       0
       0
       0
       0
       0
       0
       0
       0
       0
       0
       0
       0
       0
       0
       0
       0
       0
       0
       0
       0
     127
     260
     275
     280
     311
     263
     286
     276
     277
     298
     284
     247
     285
     302
     256
     290
     303
     274
     281
     302
     308
     298
     317
     311
     313
     289
     313
     331
     323
     367
     335
     330
     314
     336
     317
     361
     356
     368
     369
     418
     352
     382
     405
     369
     405
     399
     422
     417
     483
     420
     431
     452
     425
     444
     487
     435
     477
     458
     465
     472
     461
     495
     506
     441
     521
     516
     526
     512
     540
     510
     563
     488
     504
     570
     541
     529
     559
     525
     571
     600
     573
     543
     535
     594
     619
     591
     591
     570
     565
     613
     605
     603
     608
     617
     601
     602
     652
     630
     626
     578
     604
     639
     657
     630
     634
     660
     642
     624
     632
     656
     588
     606
     603
     617
     597
     634
     633
     644
     609
     633
     641
     586
     632
     620
     642
     624
     658
     613
     625
     607
     625
     639
     561
     599
     617
     608
     636
     588
     594
     656
     611
     678
     605
     692
     624
     679
     623
     629
     635
     694
     641
     699
     657
     674
     692
     677
     720
     694
     739
     739
     709
     728
     705
     676
     711
     694
     734
     674
     735
     714
     677
     717
     678
     714
     718
     688
     662
     632
     665
     682
     638
     628
     678
     638
     614
     630
     666
     651
     650
     659
     569
     605
     644
     623
     606
     536
     597
     576
     553
     568
     557
     535
     560
     578
     562
     587
     575
     504
     564
     557
     559
     569
     554
     543
     533
     563
     529
     514
     506
     528
     537
     524
     547
     558
     510
     486
     485
     501
     467
     494
     510
     490
     510
     484
     476
     507
     444
     433
     471
     474
     481
     440
     465
     450
     451
     476
     431
     459
     407
     411
     409
     414
     432
     461
     440
     447
     406
     439
     385
     403
     391
     387
     383
     415
     415
     402
     397
     381
     364
     376
     373
     374
     377
     383
     380
     427
     371
     353
     390
     424
     373
     314
     384
     391
     362
     363
     346
     369
     350
     373
     388
     347
     356
     363
     369
     355
     368
     332
     357
     366
     347
     364
     361
     345
     349
     362
     359
     369
     342
     373
     314
     305
     352
     309
     362
     343
     332
     321
     344
     351
     340
     330
     353
     296
     323
     316
     288
     294
     324
     284
     239
     288
     294
     263
     283
     264
     279
     252
     248
     242
     281
     237
     230
     261
     235
     222
     231
     220
     230
     205
     202
     207
     188
     197
     198
     230
     188
     208
     201
     184
     174
     189
     168
     161
     205
     171
     184
     164
     154
     163
     167
     171
     171
     160
     136
     176
     154
     159
     135
     131
     130
     141
     152
     158
     136
     149
     161
     150
     139
     151
     161
     131
     132
     144
     159
     135
     127
     129
     107
     142
     133
     108
     156
     151
     133
     134
     115
     136
     132
     128
     149
     142
     130
     119
     126
     127
     131
     128
     120
     133
     122
     111
     151
     117
     120
     121
     113
     123
     118
     114
     131
     119
     135
     111
     105
     107
     123
     108
     131
     127
     127
     125
     134
     109
     117
     113
     123
     132
      91
     144
     125
     110
     111
     126
     113
     145
     125
     124
     119
     121
     122
     127
     126
     126
     147
     131
     125
     123
     125
     132
     148
     135
     155
     162
     120
     165
     163
     178
     190
     170
     205
     254
     200
     257
     241
     255
     255
     291
     302
     304
     339
     345
     323
     416
     403
     416
     459
     492
     456
     553
     555
     592
     607
     670
     724
     718
     757
     807
     799
     855
     919
     931
     945
     949
    1076
    1095
    1044
    1150
    1137
    1238
    1197
    1204
    1231
    1253
    1364
    1271
    1331
    1290
    1387
    1318
    1336
    1361
    1387
    1345
    1338
    1401
    1267
    1229
    1304
    1261
    1195
    1207
    1168
    1102
    1107
    1033
    1053
    1006
     980
     913
     890
     833
     769
     771
     730
     672
     632
     609
     564
     499
     467
     471
     403
     375
     371
     342
     315
     276
     282
     253
     220
     201
     181
     168
     161
     153
     137
     117
     101
     115
     124
      81
      93
      77
      78
      89
      77
      68
      73
      63
      79
      53
      66
      54
      61
      68
      58
      57
      55
      67
      53
      51
      55
      40
      60
      57
      62
      38
      53
      41
      55
      45
      47
      41
      45
      50
      41
      43
      64
      51
      44
      45
      48
      38
      46
      52
      45
      52
      49
      48
      47
      48
      42
      44
      41
      52
      45
      44
      50
      52
      48
      46
      52
      51
      51
      51
      47
      47
      39
      56
      54
      44
      51
      52
      47
      46
      35
      39
      29
      41
      52
      49
      44
      53
      50
      34
      45
      51
      41
      41
      45
      57
      41
      34
      53
      45
      32
      48
      40
      45
      38
      33
      52
      43
      41
      48
      52
      42
      43
      37
      40
      42
      38
      45
      56
      39
      39
      52
      29
      55
      41
      41
      50
      35
      48
      31
      49
      47
      32
      40
      38
      52
      39
      50
      60
      42
      44
      51
      44
      48
      39
      41
      50
      32
      36
      47
      42
      41
      47
      39
      49
      43
      51
      44
      47
      48
      42
      48
      45
      38
      36
      52
      45
      41
      43
      40
      48
      37
      38
      47
      51
      36
      45
      46
      42
      38
      50
      40
      42
      42
      41
      34
      37
      52
      47
      44
      36
      42
      46
      51
      40
      40
      42
      36
      45
      41
      53
      41
      43
      46
      46
      37
      33
      56
      43
      48
      38
      41
      34
      45
      52
      51
      54
      43
      47
      37
      46
      42
      42
      52
      47
      47
      38
      51
      34
      53
      38
      46
      45
      52
      48
      43
      36
      57
      47
      45
      50
      44
      38
      50
      42
      49
      46
      44
      40
      42
      44
      56
      40
      40
      33
      44
      37
      35
      37
      56
      57
      36
      55
      45
      48
      51
      52
      47
      47
      36
      47
      45
      40
      42
      50
      45
      48
      33
      48
      44
      56
      56
      43
      38
      50
      46
      34
      39
      49
      43
      43
      49
      42
      39
      46
      52
      50
      52
      40
      42
      42
      37
      40
      47
      48
      32
      50
      57
      40
      45
      44
      43
      49
      46
      45
      41
      52
      43
      51
      43
      33
      45
      54
      43
      41
      46
      45
      45
      53
      47
      61
      46
      44
      42
      42
      38
       1
       0
       0
       0
       0
       0
       0
       0
       0
       0
       0
       0
       0
       0
       0
       0
       0
       0
       0
       0
       0
       0
       0
       0
       0
       0
       0
       0
       0
       0
       0
       0
       0
       0
       0
       0
       0
       0
       0
       0
       0
       0
       0
       0
       0
       0
       0
       0
       0
       0
       0
       0
       0
       0
       0
       0
       0
       0
       0
       0
       0
       0
       0
       0
       0
       0
       0
       0
$ROI:
2
95 97
514 605
$PRESETS:
Real Time
200
0
$ENER_FIT:
-289.438599 1.280702
$MCA_CAL:
3
-2.894386E+002 1.280702E+000 0.000000E+000
$SHAPE_CAL:
3
0.000000E+000 0.000000E+000 0.000000E+000
