$SPEC_ID:
MEASURE 098.
$SPEC_REM:
DET# 1
DETDESC# MCB 25
AP# Maestro Version 6.05
$DATE_MEA:
04/09/2003 03:34:48
$MEAS_TIM:
196 200
$DATA:
0 1023
       0
       0
       0
       0
       0
       0
       0
       0
       0
       0
       0
       0
       0
       0
       0
       0
       0
       0
       0
       0
       0
       0
       0
       0
       0
       0
       0
       0
       0
       0
       0
       0
       0
       0
       0
       0
       0
       0
       0
       0
       0
       0
       0
       0
     132
     257
     251
     262
     277
     266
     254
     249
     291
     233
     268
     276
     316
     302
     285
     285
     275
     282
     275
     278
     287
     271
     279
     263
     338
     324
     284
     319
     298
     328
     292
     311
     312
     298
     348
     350
     354
     383
     391
     370
     332
     348
     440
     386
     469
     449
     432
     407
     427
     422
     416
     434
     451
     438
     443
     439
     464
     461
     509
     461
     475
     481
     481
     493
     528
     488
     504
     540
     547
     525
     535
     540
     566
     537
     532
     533
     616
     551
     560
     570
     564
     547
     540
     598
     515
     562
     575
     600
     622
     596
     566
     591
     604
     594
     595
     620
     618
     587
     583
     579
     580
     620
     630
     656
     634
     633
     609
     658
     633
     652
     617
     626
     624
     598
     618
     620
     618
     637
     617
     648
     638
     648
     600
     615
     637
     617
     616
     632
     610
     596
     606
     607
     650
     621
     635
     625
     641
     647
     609
     642
     635
     634
     680
     656
     635
     662
     673
     664
     607
     614
     621
     663
     664
     618
     677
     652
     683
     686
     749
     674
     718
     729
     686
     748
     678
     696
     710
     718
     731
     688
     735
     749
     670
     705
     703
     707
     673
     710
     663
     658
     700
     666
     665
     646
     647
     666
     616
     668
     609
     593
     592
     610
     630
     618
     609
     589
     588
     527
     532
     601
     567
     572
     562
     546
     553
     577
     537
     557
     536
     534
     553
     563
     590
     521
     525
     522
     550
     568
     514
     551
     527
     515
     531
     502
     480
     483
     528
     510
     479
     483
     501
     505
     481
     468
     496
     479
     497
     418
     466
     448
     402
     440
     445
     471
     455
     427
     438
     431
     429
     419
     429
     425
     434
     465
     446
     423
     436
     393
     409
     412
     406
     423
     357
     401
     406
     359
     385
     406
     388
     379
     395
     403
     376
     375
     389
     410
     416
     378
     374
     380
     426
     380
     386
     400
     367
     352
     406
     380
     418
     366
     347
     376
     336
     363
     361
     390
     353
     369
     368
     340
     351
     343
     366
     356
     337
     308
     331
     352
     344
     289
     337
     349
     333
     352
     322
     318
     349
     328
     300
     338
     302
     307
     295
     303
     315
     314
     298
     301
     276
     257
     266
     260
     287
     265
     209
     256
     272
     257
     227
     278
     247
     241
     217
     226
     228
     217
     233
     227
     219
     221
     252
     194
     200
     203
     218
     221
     192
     195
     183
     186
     184
     191
     179
     175
     177
     189
     162
     183
     175
     170
     153
     172
     156
     162
     164
     158
     149
     150
     167
     152
     162
     142
     165
     155
     131
     145
     154
     148
     145
     147
     130
     139
     150
     143
     150
     133
     133
     123
     146
     132
     118
     140
     145
     121
     122
     114
     146
     155
     131
     135
     125
     129
     117
     124
     130
     150
     147
     134
     118
     146
     123
     122
      99
     127
     131
     127
     133
     121
     106
     127
     108
     116
     104
     135
     108
     107
     120
      99
     110
     150
     123
     104
     105
     136
     108
     107
     119
     111
     118
     124
     128
     118
     113
     133
     138
     118
     107
     126
     137
     127
     128
     133
     125
     143
     135
     124
     121
     139
     150
     158
     121
     140
     154
     165
     146
     153
     183
     184
     194
     188
     220
     230
     234
     249
     240
     246
     279
     258
     275
     275
     314
     342
     349
     376
     402
     439
     456
     500
     503
     541
     530
     615
     623
     635
     740
     727
     774
     822
     827
     881
     924
     967
     945
     972
    1050
    1060
    1029
    1108
    1166
    1168
    1196
    1232
    1258
    1230
    1278
    1309
    1371
    1338
    1368
    1323
    1324
    1342
    1308
    1324
    1342
    1305
    1266
    1284
    1255
    1231
    1209
    1252
    1212
    1091
    1119
    1074
    1010
     978
     924
     902
     833
     844
     775
     766
     689
     680
     624
     587
     515
     550
     466
     433
     402
     381
     372
     359
     309
     309
     276
     229
     251
     219
     198
     169
     159
     159
     149
     138
     116
      98
      99
     103
      91
      93
      94
      81
      59
      76
      59
      56
      51
      60
      55
      38
      50
      60
      52
      56
      41
      57
      47
      39
      54
      68
      42
      39
      41
      43
      49
      47
      54
      54
      52
      48
      46
      47
      58
      44
      55
      41
      53
      45
      61
      55
      50
      45
      56
      45
      35
      60
      63
      41
      44
      48
      39
      44
      58
      37
      42
      44
      44
      61
      44
      52
      43
      39
      52
      32
      54
      37
      42
      46
      47
      43
      50
      41
      41
      39
      44
      54
      40
      52
      59
      43
      45
      43
      44
      43
      42
      47
      45
      39
      55
      57
      49
      49
      53
      38
      39
      48
      61
      46
      55
      53
      48
      43
      49
      46
      52
      43
      47
      41
      42
      42
      46
      53
      51
      47
      37
      40
      52
      36
      48
      42
      52
      47
      54
      37
      52
      52
      41
      36
      48
      55
      46
      45
      50
      46
      40
      42
      49
      40
      48
      39
      49
      32
      52
      49
      51
      47
      32
      51
      31
      51
      48
      38
      50
      39
      43
      56
      48
      48
      45
      33
      42
      38
      52
      36
      44
      33
      39
      49
      44
      38
      45
      49
      57
      48
      43
      53
      41
      39
      46
      44
      42
      39
      28
      39
      46
      36
      44
      34
      38
      46
      45
      44
      52
      49
      40
      34
      35
      42
      42
      34
      55
      43
      46
      34
      44
      49
      38
      38
      54
      40
      39
      48
      42
      44
      55
      39
      47
      55
      38
      42
      37
      56
      55
      52
      49
      54
      49
      47
      47
      43
      36
      34
      47
      47
      59
      47
      47
      55
      54
      33
      43
      56
      41
      53
      46
      46
      53
      29
      42
      57
      44
      43
      44
      43
      47
      43
      43
      38
      51
      52
      53
      55
      41
      41
      53
      42
      35
      46
      40
      49
      40
      39
      51
      60
      45
      57
      46
      39
      53
      44
      53
      36
      44
      48
      39
      52
      41
      44
      50
      43
      42
      39
      51
      40
      47
      51
      50
      56
      46
      49
      36
      35
      50
      42
      46
      38
      39
      40
      48
      49
      41
      48
      50
      40
      32
      48
      43
      36
      44
      39
      63
      53
      61
      49
      44
      46
      48
      26
       4
       0
       0
       0
       0
       0
       0
       0
       0
       0
       0
       0
       0
       0
       0
       0
       0
       0
       0
       0
       0
       0
       0
       0
       0
       0
       0
       0
       0
       0
       0
       0
       0
       0
       0
       0
       0
       0
       0
       0
       0
       0
       0
       0
       0
       0
       0
       0
       0
       0
       0
       0
       0
       0
       0
       0
       0
       0
       0
       0
       0
       0
       0
       0
       0
       0
       0
       0
$ROI:
2
95 97
514 605
$PRESETS:
Real Time
200
0
$ENER_FIT:
-289.438599 1.280702
$MCA_CAL:
3
-2.894386E+002 1.280702E+000 0.000000E+000
$SHAPE_CAL:
3
0.000000E+000 0.000000E+000 0.000000E+000
