$SPEC_ID:
MEASURE 551.
$SPEC_REM:
DET# 1
DETDESC# MCB 25
AP# Maestro Version 6.05
$DATE_MEA:
04/07/2003 05:59:48
$MEAS_TIM:
196 200
$DATA:
0 1023
       0
       0
       0
       0
       0
       0
       0
       0
       0
       0
       0
       0
       0
       0
       0
       0
       0
       0
       0
       0
       0
       0
       0
       0
       0
       0
       0
       0
       0
       0
       0
       0
       0
       0
       0
       0
       0
       0
       0
       0
       0
       0
       0
       0
     113
     268
     249
     249
     268
     265
     262
     245
     262
     282
     225
     270
     259
     300
     269
     291
     301
     312
     284
     306
     264
     253
     301
     276
     304
     296
     314
     304
     324
     303
     305
     326
     330
     295
     346
     338
     411
     330
     331
     376
     340
     362
     392
     376
     386
     379
     436
     432
     404
     416
     460
     416
     483
     467
     482
     465
     521
     482
     449
     471
     501
     476
     522
     481
     551
     538
     502
     523
     513
     521
     559
     508
     518
     576
     526
     574
     586
     559
     539
     556
     614
     511
     563
     609
     577
     611
     551
     598
     591
     573
     613
     631
     640
     598
     595
     657
     628
     622
     593
     633
     599
     599
     638
     594
     656
     604
     590
     643
     611
     643
     638
     705
     671
     629
     618
     638
     603
     614
     630
     598
     659
     615
     640
     635
     674
     607
     619
     605
     620
     614
     609
     602
     609
     599
     598
     598
     594
     623
     591
     600
     661
     613
     618
     644
     623
     657
     649
     651
     648
     686
     700
     680
     639
     642
     688
     705
     738
     675
     689
     742
     735
     653
     697
     704
     687
     721
     713
     710
     705
     686
     756
     728
     699
     717
     680
     690
     642
     653
     663
     616
     626
     658
     609
     622
     646
     621
     603
     620
     621
     623
     639
     635
     619
     596
     578
     608
     620
     580
     564
     548
     595
     583
     614
     588
     571
     551
     591
     576
     544
     553
     537
     546
     486
     561
     559
     545
     548
     481
     518
     501
     527
     518
     550
     504
     499
     520
     514
     487
     488
     482
     496
     444
     484
     510
     480
     459
     455
     480
     454
     414
     480
     449
     456
     469
     470
     440
     430
     438
     452
     408
     405
     430
     398
     416
     414
     429
     401
     377
     419
     376
     405
     403
     357
     359
     410
     396
     418
     384
     384
     389
     395
     397
     418
     397
     355
     372
     395
     375
     381
     396
     386
     364
     362
     348
     401
     376
     359
     373
     364
     409
     357
     375
     353
     339
     358
     373
     414
     348
     340
     365
     324
     358
     338
     378
     363
     347
     350
     367
     357
     385
     329
     346
     302
     334
     357
     325
     326
     295
     311
     302
     310
     319
     313
     341
     325
     308
     303
     274
     275
     328
     319
     242
     258
     267
     263
     260
     275
     243
     271
     273
     248
     265
     225
     218
     224
     211
     219
     193
     214
     208
     207
     199
     212
     193
     210
     195
     177
     186
     171
     193
     190
     185
     180
     189
     196
     182
     170
     163
     160
     150
     153
     159
     153
     179
     167
     148
     163
     147
     149
     161
     144
     158
     152
     166
     148
     157
     143
     150
     151
     151
     149
     149
     138
     158
     133
     122
     136
     120
     130
     125
     133
     134
     126
     130
     137
     138
     130
     142
     116
     112
     143
     129
     134
     127
     124
     127
     140
     119
     113
     132
     122
     126
     124
     122
     111
     113
     128
     132
     119
     136
     139
     127
     109
     113
      98
     112
     118
     133
     112
     129
     107
     105
     109
     142
     106
     136
     117
     100
     113
     107
     108
     102
     129
     128
     110
     124
     119
     132
     131
     112
     133
     125
     117
     135
     144
     129
     138
     154
     146
     152
     158
     170
     186
     167
     150
     180
     181
     175
     188
     200
     209
     245
     229
     232
     242
     266
     267
     258
     321
     333
     314
     376
     374
     379
     434
     472
     498
     526
     504
     569
     546
     648
     632
     697
     710
     774
     825
     868
     844
     879
     932
     953
    1019
    1012
    1086
    1091
    1140
    1191
    1170
    1255
    1325
    1317
    1258
    1233
    1330
    1330
    1264
    1376
    1406
    1419
    1386
    1311
    1406
    1353
    1363
    1310
    1310
    1276
    1239
    1217
    1250
    1150
    1122
    1079
    1116
    1035
    1010
     938
     883
     885
     798
     774
     684
     706
     682
     610
     575
     526
     532
     520
     451
     407
     398
     345
     306
     294
     275
     281
     235
     239
     219
     193
     170
     140
     143
     101
     119
     100
     100
      97
      90
      96
      83
      72
      66
      85
      70
      61
      60
      62
      48
      64
      55
      54
      71
      51
      48
      44
      43
      55
      52
      54
      50
      51
      50
      46
      51
      46
      60
      48
      47
      38
      50
      49
      59
      50
      45
      46
      48
      51
      52
      51
      52
      54
      54
      43
      48
      48
      59
      44
      59
      55
      40
      39
      39
      45
      39
      51
      50
      44
      46
      57
      38
      38
      49
      59
      44
      52
      46
      51
      55
      38
      39
      54
      45
      44
      41
      40
      52
      51
      38
      34
      40
      51
      55
      44
      43
      48
      47
      42
      49
      46
      39
      39
      52
      45
      44
      40
      39
      41
      46
      48
      52
      42
      40
      36
      42
      46
      51
      40
      38
      34
      43
      57
      46
      41
      42
      34
      45
      40
      32
      43
      40
      41
      48
      35
      48
      38
      48
      46
      50
      62
      42
      48
      42
      37
      36
      49
      46
      42
      34
      37
      39
      51
      39
      43
      40
      38
      37
      52
      46
      47
      42
      42
      51
      41
      47
      38
      49
      44
      46
      54
      44
      42
      44
      44
      41
      36
      43
      41
      48
      43
      37
      42
      45
      50
      50
      47
      39
      38
      56
      48
      41
      45
      42
      41
      55
      50
      46
      52
      42
      47
      47
      46
      40
      46
      54
      34
      39
      37
      45
      52
      38
      39
      38
      42
      49
      47
      43
      39
      35
      46
      37
      52
      46
      38
      49
      42
      49
      47
      44
      51
      35
      46
      49
      41
      45
      52
      48
      44
      39
      52
      54
      40
      47
      32
      33
      43
      32
      40
      43
      42
      36
      40
      57
      36
      39
      43
      48
      55
      46
      57
      44
      42
      50
      52
      43
      37
      47
      50
      49
      38
      45
      49
      35
      45
      47
      41
      42
      50
      62
      38
      18
      31
      51
      36
      42
      54
      55
      39
      47
      52
      40
      38
      48
      39
      46
      41
      51
      56
      45
      40
      40
      43
      58
      43
      48
      48
      41
      41
      47
      56
      44
      65
      49
      42
      48
      47
      46
      45
      45
      48
      35
      38
      48
      39
      48
      51
      43
      53
      50
      43
      44
      43
      40
      48
      57
      43
      43
      45
      38
      47
       6
       0
       0
       0
       0
       0
       0
       0
       0
       0
       0
       0
       0
       0
       0
       0
       0
       0
       0
       0
       0
       0
       0
       0
       0
       0
       0
       0
       0
       0
       0
       0
       0
       0
       0
       0
       0
       0
       0
       0
       0
       0
       0
       0
       0
       0
       0
       0
       0
       0
       0
       0
       0
       0
       0
       0
       0
       0
       0
       0
       0
       0
       0
       0
       0
       0
       0
       0
$ROI:
2
95 97
514 605
$PRESETS:
Real Time
200
0
$ENER_FIT:
-289.438599 1.280702
$MCA_CAL:
3
-2.894386E+002 1.280702E+000 0.000000E+000
$SHAPE_CAL:
3
0.000000E+000 0.000000E+000 0.000000E+000
