$SPEC_ID:
MEASURE 935.
$SPEC_REM:
DET# 1
DETDESC# MCB 25
AP# Maestro Version 6.05
$DATE_MEA:
04/08/2003 13:59:48
$MEAS_TIM:
196 200
$DATA:
0 1023
       0
       0
       0
       0
       0
       0
       0
       0
       0
       0
       0
       0
       0
       0
       0
       0
       0
       0
       0
       0
       0
       0
       0
       0
       0
       0
       0
       0
       0
       0
       0
       0
       0
       0
       0
       0
       0
       0
       0
       0
       0
       0
       0
       0
     119
     289
     262
     241
     262
     276
     259
     259
     282
     269
     263
     290
     286
     291
     285
     260
     292
     286
     331
     285
     329
     266
     294
     301
     305
     301
     312
     321
     310
     342
     302
     335
     324
     372
     332
     364
     363
     349
     366
     372
     383
     421
     372
     403
     402
     410
     411
     428
     421
     423
     436
     451
     472
     476
     457
     442
     469
     482
     452
     478
     492
     520
     475
     528
     499
     467
     533
     469
     516
     501
     524
     520
     484
     550
     551
     581
     570
     537
     612
     535
     592
     574
     556
     582
     562
     594
     596
     611
     582
     608
     596
     577
     570
     619
     625
     626
     610
     609
     591
     635
     611
     619
     616
     572
     569
     624
     638
     639
     621
     610
     628
     638
     595
     659
     604
     658
     625
     648
     606
     648
     574
     638
     570
     600
     613
     609
     613
     613
     643
     632
     551
     665
     647
     612
     672
     596
     616
     620
     633
     612
     559
     611
     646
     681
     604
     648
     632
     625
     658
     650
     660
     657
     695
     687
     636
     710
     653
     708
     695
     724
     687
     718
     725
     695
     711
     690
     703
     701
     704
     759
     685
     681
     726
     696
     709
     708
     700
     687
     652
     650
     640
     680
     622
     650
     649
     611
     637
     640
     647
     592
     570
     634
     650
     598
     587
     612
     574
     581
     579
     591
     563
     546
     536
     518
     579
     554
     577
     510
     539
     558
     578
     578
     563
     506
     535
     538
     521
     532
     510
     489
     481
     506
     534
     498
     478
     511
     462
     499
     458
     501
     532
     472
     532
     483
     488
     448
     451
     460
     450
     451
     459
     432
     441
     417
     409
     423
     451
     449
     440
     430
     416
     420
     441
     444
     411
     398
     438
     432
     393
     408
     385
     434
     432
     389
     418
     390
     356
     384
     432
     423
     397
     419
     415
     413
     402
     370
     384
     393
     398
     389
     372
     389
     362
     412
     377
     376
     380
     393
     353
     360
     361
     385
     359
     378
     345
     354
     365
     376
     350
     345
     356
     367
     337
     369
     384
     331
     355
     332
     339
     316
     302
     355
     317
     340
     324
     277
     325
     326
     328
     303
     337
     329
     299
     306
     285
     280
     316
     312
     265
     302
     294
     281
     280
     271
     263
     280
     250
     249
     247
     244
     270
     255
     256
     226
     199
     229
     239
     213
     204
     214
     218
     202
     204
     228
     207
     207
     183
     195
     176
     192
     176
     179
     171
     155
     167
     179
     177
     147
     162
     170
     174
     156
     157
     186
     156
     163
     163
     147
     138
     155
     155
     130
     156
     153
     163
     126
     139
     156
     140
     158
     152
     141
     154
     142
     135
     140
     145
     145
     139
     126
     123
     125
     122
     141
     156
     134
     129
     133
     137
     152
     117
     150
     124
     129
     133
     110
     129
     119
     134
      98
     109
     114
     116
     130
     125
     106
     118
     126
     129
     105
     121
     104
     135
     108
     121
     130
     133
     124
     119
     119
     125
     123
     128
     125
      97
     132
     100
     128
     113
     108
     126
     138
     117
     127
     118
     119
     120
     122
     110
     104
     135
     113
     115
     130
     137
     116
     126
     120
     128
     149
     158
     156
     152
     163
     161
     176
     173
     174
     206
     193
     209
     192
     211
     210
     227
     235
     262
     292
     291
     331
     340
     346
     344
     363
     390
     452
     462
     443
     511
     566
     565
     630
     620
     692
     742
     724
     705
     771
     791
     870
     860
     863
     932
     982
    1050
    1001
    1095
    1114
    1101
    1182
    1257
    1267
    1310
    1345
    1228
    1309
    1369
    1359
    1321
    1338
    1353
    1387
    1370
    1290
    1377
    1287
    1310
    1228
    1268
    1250
    1126
    1205
    1139
    1153
    1150
    1023
    1061
     970
     992
     893
     813
     802
     751
     760
     707
     672
     658
     571
     562
     522
     456
     467
     421
     379
     344
     321
     302
     299
     266
     230
     242
     189
     216
     170
     154
     163
     122
     132
     115
     128
     107
      92
     100
      90
      64
      71
      60
      56
      67
      69
      76
      64
      62
      58
      50
      70
      57
      50
      39
      71
      61
      45
      62
      39
      55
      49
      61
      35
      55
      73
      56
      64
      45
      61
      52
      54
      43
      41
      36
      43
      45
      41
      47
      46
      49
      48
      54
      43
      62
      44
      62
      48
      65
      42
      40
      54
      50
      42
      42
      48
      46
      58
      57
      41
      48
      43
      35
      55
      50
      45
      58
      43
      37
      60
      40
      49
      48
      52
      40
      55
      45
      53
      56
      42
      49
      45
      47
      45
      44
      41
      47
      44
      52
      41
      54
      55
      51
      54
      43
      40
      42
      44
      42
      49
      48
      41
      45
      39
      48
      32
      40
      50
      47
      50
      38
      31
      38
      51
      45
      56
      44
      52
      38
      45
      40
      45
      43
      55
      42
      51
      40
      44
      43
      44
      37
      46
      43
      37
      40
      40
      42
      39
      42
      33
      45
      48
      46
      43
      47
      49
      48
      44
      39
      38
      43
      25
      43
      50
      37
      37
      46
      43
      39
      44
      43
      51
      48
      58
      44
      44
      42
      52
      49
      52
      37
      42
      46
      48
      32
      47
      45
      46
      41
      50
      44
      48
      51
      51
      36
      46
      55
      46
      45
      40
      41
      59
      45
      34
      43
      38
      42
      51
      30
      51
      34
      36
      51
      57
      47
      46
      34
      53
      47
      48
      37
      56
      54
      54
      45
      47
      41
      62
      54
      43
      38
      44
      33
      46
      43
      44
      50
      40
      42
      54
      36
      40
      36
      37
      33
      45
      42
      38
      58
      45
      47
      34
      44
      48
      42
      40
      55
      36
      39
      39
      41
      45
      51
      38
      33
      55
      45
      64
      29
      36
      39
      42
      40
      44
      52
      46
      38
      45
      39
      53
      54
      54
      38
      40
      49
      45
      47
      31
      55
      56
      66
      53
      42
      39
      54
      46
      58
      61
      40
      51
      46
      43
      30
      53
      47
      43
      40
      39
      41
      45
      49
      52
      61
      49
      47
      44
      46
      43
      46
      56
      63
      39
      50
      47
      57
      45
      39
      45
      48
      46
      61
      62
      47
      49
      52
      45
      39
      50
       5
       0
       0
       0
       0
       0
       0
       0
       0
       0
       0
       0
       0
       0
       0
       0
       0
       0
       0
       0
       0
       0
       0
       0
       0
       0
       0
       0
       0
       0
       0
       0
       0
       0
       0
       0
       0
       0
       0
       0
       0
       0
       0
       0
       0
       0
       0
       0
       0
       0
       0
       0
       0
       0
       0
       0
       0
       0
       0
       0
       0
       0
       0
       0
       0
       0
       0
       0
$ROI:
2
95 97
514 605
$PRESETS:
Real Time
200
0
$ENER_FIT:
-289.438599 1.280702
$MCA_CAL:
3
-2.894386E+002 1.280702E+000 0.000000E+000
$SHAPE_CAL:
3
0.000000E+000 0.000000E+000 0.000000E+000
