$SPEC_ID:
MEASURE 532.
$SPEC_REM:
DET# 1
DETDESC# MCB 25
AP# Maestro Version 6.05
$DATE_MEA:
04/07/2003 04:24:48
$MEAS_TIM:
196 200
$DATA:
0 1023
       0
       0
       0
       0
       0
       0
       0
       0
       0
       0
       0
       0
       0
       0
       0
       0
       0
       0
       0
       0
       0
       0
       0
       0
       0
       0
       0
       0
       0
       0
       0
       0
       0
       0
       0
       0
       0
       0
       0
       0
       0
       0
       0
       0
     109
     281
     246
     256
     249
     255
     276
     238
     316
     257
     273
     273
     266
     277
     296
     305
     304
     253
     262
     303
     276
     302
     302
     284
     299
     321
     306
     315
     293
     351
     354
     324
     336
     322
     358
     353
     351
     345
     375
     378
     381
     368
     374
     403
     439
     414
     407
     389
     444
     430
     414
     436
     476
     452
     457
     449
     480
     483
     479
     494
     485
     515
     470
     542
     548
     533
     519
     557
     522
     529
     503
     565
     537
     551
     521
     510
     536
     535
     603
     605
     557
     537
     591
     605
     589
     580
     579
     613
     616
     601
     605
     537
     617
     635
     629
     594
     612
     652
     628
     622
     574
     573
     591
     591
     612
     638
     623
     571
     650
     644
     628
     681
     607
     658
     611
     632
     642
     603
     611
     664
     643
     606
     609
     666
     663
     623
     622
     603
     629
     607
     679
     629
     648
     662
     586
     629
     623
     637
     643
     620
     602
     607
     612
     666
     629
     595
     689
     675
     655
     620
     682
     664
     667
     710
     691
     680
     737
     682
     676
     689
     701
     709
     749
     720
     724
     696
     729
     686
     728
     702
     721
     698
     699
     709
     687
     644
     694
     676
     721
     666
     722
     671
     647
     675
     670
     630
     637
     611
     619
     652
     540
     570
     644
     638
     587
     595
     582
     569
     594
     534
     555
     555
     529
     515
     562
     559
     532
     544
     541
     573
     529
     534
     530
     548
     532
     527
     506
     500
     554
     560
     514
     518
     516
     524
     504
     492
     545
     508
     485
     500
     493
     491
     467
     508
     455
     463
     461
     437
     473
     447
     459
     477
     444
     443
     387
     437
     433
     418
     458
     430
     430
     465
     425
     469
     408
     437
     413
     413
     395
     408
     439
     447
     425
     400
     449
     394
     414
     452
     402
     383
     415
     392
     384
     364
     415
     416
     387
     399
     389
     383
     373
     375
     363
     375
     363
     362
     371
     364
     359
     337
     366
     381
     401
     362
     354
     346
     413
     380
     360
     374
     312
     363
     359
     321
     326
     316
     353
     357
     340
     327
     371
     335
     339
     382
     345
     347
     340
     333
     362
     321
     320
     314
     314
     315
     279
     314
     283
     308
     290
     285
     277
     259
     278
     274
     276
     279
     266
     230
     259
     225
     234
     258
     205
     215
     213
     237
     219
     217
     221
     211
     224
     190
     189
     221
     194
     198
     204
     185
     185
     179
     179
     179
     170
     190
     161
     177
     187
     180
     172
     157
     168
     154
     172
     173
     164
     175
     168
     162
     145
     172
     152
     138
     167
     158
     145
     134
     153
     147
     148
     162
     137
     124
     142
     179
     131
     121
     137
     150
     142
     149
     150
     147
     156
     136
     138
     128
     143
     124
     120
     105
     117
     123
     126
     123
     126
     111
     121
     123
     125
     133
     121
     117
     124
     101
     131
     105
     115
     116
     144
     125
     107
     121
     136
      97
     118
     123
     119
     119
     125
     112
     138
     105
     136
     114
     109
     114
     113
     118
     112
     134
     127
     124
     106
     125
     140
     129
     117
     143
     125
     111
     128
     124
     137
     143
     129
     130
     131
     142
     161
     155
     152
     155
     155
     138
     155
     169
     178
     193
     188
     179
     206
     221
     247
     241
     258
     262
     274
     302
     305
     343
     371
     371
     384
     430
     417
     504
     480
     515
     535
     587
     644
     616
     618
     692
     686
     783
     762
     876
     851
     880
     943
     933
     966
    1068
    1082
    1101
    1107
    1151
    1181
    1144
    1244
    1242
    1249
    1364
    1293
    1330
    1290
    1348
    1345
    1360
    1312
    1378
    1351
    1394
    1355
    1328
    1220
    1298
    1262
    1217
    1199
    1144
    1170
    1093
    1081
    1021
    1014
     978
     875
     870
     867
     765
     730
     704
     681
     647
     581
     537
     548
     489
     445
     416
     389
     391
     351
     323
     275
     245
     224
     226
     214
     186
     158
     158
     150
     137
     112
     117
     127
     106
      95
     103
      88
      79
      72
      67
      68
      59
      56
      72
      63
      59
      51
      55
      48
      48
      55
      65
      57
      52
      61
      41
      50
      48
      50
      50
      48
      47
      61
      38
      46
      48
      48
      49
      33
      53
      54
      39
      47
      46
      60
      53
      45
      62
      52
      47
      56
      59
      59
      47
      38
      51
      38
      58
      46
      45
      36
      40
      60
      48
      42
      46
      34
      51
      62
      51
      51
      60
      40
      41
      34
      42
      39
      40
      45
      44
      42
      49
      50
      42
      55
      45
      47
      37
      42
      61
      44
      52
      42
      44
      50
      35
      47
      30
      44
      42
      45
      45
      46
      58
      44
      42
      53
      50
      42
      43
      46
      43
      52
      42
      55
      40
      49
      37
      39
      51
      54
      48
      45
      53
      40
      34
      49
      47
      47
      44
      46
      47
      45
      37
      33
      48
      42
      49
      42
      47
      30
      45
      50
      38
      45
      40
      51
      46
      56
      45
      27
      48
      47
      49
      47
      43
      43
      49
      54
      44
      38
      43
      49
      45
      40
      44
      49
      39
      42
      31
      53
      37
      41
      37
      53
      49
      48
      39
      43
      36
      45
      33
      40
      41
      41
      49
      40
      38
      62
      48
      42
      51
      36
      34
      51
      44
      47
      55
      51
      44
      29
      47
      39
      45
      46
      44
      47
      47
      46
      47
      46
      50
      33
      44
      37
      47
      52
      50
      52
      26
      48
      39
      41
      50
      38
      42
      44
      29
      38
      51
      46
      41
      49
      51
      53
      60
      38
      55
      38
      41
      44
      41
      40
      41
      48
      52
      44
      41
      44
      51
      41
      47
      49
      40
      51
      50
      39
      39
      50
      55
      51
      49
      52
      44
      60
      37
      39
      41
      57
      51
      43
      39
      38
      41
      46
      47
      46
      41
      47
      47
      40
      31
      45
      35
      47
      51
      49
      43
      47
      45
      41
      34
      52
      59
      45
      51
      43
      53
      43
      49
      61
      36
      40
      51
      52
      47
      57
      46
      40
      52
      46
      27
      58
      59
      49
      39
      37
      40
      39
      47
      34
      27
      51
      51
      40
      56
      42
      38
      49
      50
      41
      51
      47
      44
      51
      43
       0
       0
       0
       0
       0
       0
       0
       0
       0
       0
       0
       0
       0
       0
       0
       0
       0
       0
       0
       0
       0
       0
       0
       0
       0
       0
       0
       0
       0
       0
       0
       0
       0
       0
       0
       0
       0
       0
       0
       0
       0
       0
       0
       0
       0
       0
       0
       0
       0
       0
       0
       0
       0
       0
       0
       0
       0
       0
       0
       0
       0
       0
       0
       0
       0
       0
       0
       0
$ROI:
2
95 97
514 605
$PRESETS:
Real Time
200
0
$ENER_FIT:
-289.438599 1.280702
$MCA_CAL:
3
-2.894386E+002 1.280702E+000 0.000000E+000
$SHAPE_CAL:
3
0.000000E+000 0.000000E+000 0.000000E+000
