$SPEC_ID:
MEASURE 244.
$SPEC_REM:
DET# 1
DETDESC# MCB 25
AP# Maestro Version 6.05
$DATE_MEA:
04/09/2003 15:44:48
$MEAS_TIM:
196 200
$DATA:
0 1023
       0
       0
       0
       0
       0
       0
       0
       0
       0
       0
       0
       0
       0
       0
       0
       0
       0
       0
       0
       0
       0
       0
       0
       0
       0
       0
       0
       0
       0
       0
       0
       0
       0
       0
       0
       0
       0
       0
       0
       0
       0
       0
       0
       0
      94
     250
     249
     252
     285
     247
     273
     260
     280
     276
     280
     283
     292
     306
     276
     275
     289
     285
     305
     262
     291
     284
     263
     314
     299
     273
     298
     321
     277
     333
     325
     334
     339
     301
     321
     319
     338
     357
     337
     370
     334
     419
     411
     375
     394
     413
     413
     398
     425
     432
     428
     404
     428
     445
     418
     400
     449
     434
     478
     484
     467
     461
     471
     496
     462
     490
     514
     547
     507
     500
     516
     557
     518
     524
     519
     521
     539
     526
     571
     602
     541
     591
     583
     555
     591
     570
     575
     584
     612
     607
     590
     579
     615
     641
     627
     581
     592
     577
     504
     627
     645
     650
     635
     605
     661
     636
     633
     622
     558
     628
     655
     598
     645
     616
     606
     634
     589
     646
     564
     611
     593
     596
     582
     670
     629
     644
     634
     615
     633
     600
     580
     602
     633
     633
     637
     652
     617
     571
     602
     624
     576
     633
     639
     655
     681
     623
     580
     606
     623
     638
     663
     662
     657
     647
     663
     661
     703
     695
     668
     666
     660
     697
     704
     733
     711
     689
     705
     730
     694
     721
     674
     692
     726
     760
     700
     691
     673
     703
     690
     672
     641
     694
     675
     610
     626
     678
     674
     625
     620
     649
     622
     569
     616
     572
     599
     589
     604
     616
     543
     559
     549
     557
     556
     544
     588
     568
     593
     555
     583
     565
     525
     534
     539
     573
     549
     542
     525
     524
     531
     491
     513
     553
     537
     476
     490
     495
     478
     481
     491
     511
     513
     471
     507
     492
     520
     469
     459
     472
     461
     468
     425
     476
     458
     453
     466
     458
     444
     460
     405
     436
     447
     430
     430
     392
     437
     392
     438
     413
     431
     390
     411
     405
     390
     420
     423
     387
     394
     403
     380
     425
     402
     373
     365
     424
     397
     370
     394
     394
     396
     396
     384
     377
     378
     376
     383
     368
     336
     353
     357
     397
     366
     344
     353
     378
     356
     384
     340
     358
     385
     366
     364
     354
     354
     354
     365
     361
     384
     360
     346
     327
     351
     331
     348
     327
     338
     354
     351
     279
     330
     340
     312
     317
     287
     303
     334
     313
     272
     310
     302
     288
     294
     267
     298
     299
     271
     269
     256
     266
     251
     278
     245
     252
     244
     262
     210
     242
     201
     228
     226
     226
     222
     233
     204
     205
     223
     209
     198
     176
     181
     197
     181
     204
     182
     190
     211
     178
     199
     192
     154
     152
     181
     172
     167
     156
     164
     177
     162
     157
     162
     156
     175
     175
     168
     188
     158
     154
     147
     145
     145
     136
     135
     128
     140
     139
     149
     129
     133
     141
     146
     140
     120
     148
     130
     136
     141
     142
     123
     122
     112
     140
     126
     138
     115
     104
     154
     153
     149
     141
     123
     125
     131
     111
     153
     116
     107
     124
     130
     118
     125
     121
     132
     123
     121
     138
     116
     129
     128
     133
     115
     118
     140
     132
     120
     122
     116
     124
     132
     129
     113
     137
     108
      98
     116
     125
     107
     116
     109
     107
     122
     116
     124
     124
     137
     118
     112
     123
     129
     108
     120
     121
     124
     141
     118
     139
     153
     158
     135
     162
     164
     175
     171
     162
     178
     191
     198
     190
     211
     240
     218
     237
     269
     304
     303
     319
     321
     344
     368
     394
     370
     447
     423
     442
     483
     529
     541
     593
     606
     609
     693
     708
     743
     820
     836
     854
     841
     898
     988
     968
    1040
    1041
     982
    1083
    1169
    1179
    1215
    1236
    1250
    1316
    1250
    1301
    1301
    1314
    1327
    1287
    1364
    1334
    1408
    1395
    1336
    1351
    1315
    1250
    1257
    1258
    1249
    1170
    1202
    1107
    1114
    1055
     966
     993
     891
     906
     862
     842
     730
     752
     760
     709
     639
     598
     547
     506
     501
     434
     455
     364
     389
     365
     310
     267
     267
     272
     240
     213
     202
     187
     147
     161
     153
     128
     116
     107
      91
      96
      81
      91
      86
      81
      71
      73
      83
      72
      68
      54
      50
      58
      45
      62
      52
      38
      44
      60
      61
      53
      45
      36
      54
      42
      64
      56
      53
      51
      46
      43
      47
      52
      49
      40
      46
      37
      46
      39
      47
      51
      51
      51
      27
      51
      41
      58
      46
      45
      42
      56
      46
      44
      58
      50
      52
      41
      40
      45
      49
      49
      51
      40
      37
      48
      60
      58
      57
      42
      51
      45
      44
      41
      52
      40
      43
      38
      34
      43
      43
      40
      49
      44
      42
      52
      39
      41
      37
      46
      47
      50
      57
      44
      41
      58
      43
      46
      34
      42
      35
      52
      40
      60
      36
      50
      42
      44
      46
      43
      48
      59
      37
      37
      42
      41
      36
      48
      30
      48
      40
      36
      57
      40
      39
      44
      43
      36
      30
      46
      45
      53
      40
      44
      35
      51
      50
      49
      38
      37
      39
      50
      48
      36
      41
      42
      45
      38
      36
      42
      56
      39
      61
      46
      55
      40
      38
      42
      46
      44
      42
      40
      35
      43
      48
      47
      46
      38
      36
      37
      41
      51
      46
      37
      33
      32
      44
      40
      51
      38
      34
      35
      53
      58
      48
      44
      42
      40
      38
      48
      45
      40
      53
      42
      53
      40
      45
      53
      46
      45
      44
      31
      47
      61
      52
      47
      48
      42
      42
      49
      47
      32
      61
      48
      48
      40
      45
      51
      42
      56
      48
      57
      39
      41
      44
      38
      43
      50
      49
      54
      51
      54
      31
      43
      58
      43
      51
      40
      46
      49
      51
      35
      46
      37
      44
      55
      60
      46
      46
      60
      50
      41
      47
      55
      43
      46
      45
      44
      32
      38
      45
      41
      56
      41
      34
      45
      44
      45
      45
      51
      46
      57
      52
      58
      40
      40
      53
      40
      45
      45
      48
      59
      45
      50
      40
      40
      44
      57
      42
      57
      42
      44
      45
      33
      46
      57
      57
      34
      43
      43
      55
      49
      57
      43
      50
      56
      42
      51
      53
      36
      49
      30
      33
      45
      48
      48
      37
      61
      56
      37
      52
      56
      37
      47
      42
      41
      58
      39
      45
       2
       0
       0
       0
       0
       0
       0
       0
       0
       0
       0
       0
       0
       0
       0
       0
       0
       0
       0
       0
       0
       0
       0
       0
       0
       0
       0
       0
       0
       0
       0
       0
       0
       0
       0
       0
       0
       0
       0
       0
       0
       0
       0
       0
       0
       0
       0
       0
       0
       0
       0
       0
       0
       0
       0
       0
       0
       0
       0
       0
       0
       0
       0
       0
       0
       0
       0
$ROI:
2
95 97
514 605
$PRESETS:
Real Time
200
0
$ENER_FIT:
-289.438599 1.280702
$MCA_CAL:
3
-2.894386E+002 1.280702E+000 0.000000E+000
$SHAPE_CAL:
3
0.000000E+000 0.000000E+000 0.000000E+000
