$SPEC_ID:
MEASURE 822.
$SPEC_REM:
DET# 1
DETDESC# MCB 25
AP# Maestro Version 6.05
$DATE_MEA:
04/08/2003 04:34:48
$MEAS_TIM:
196 200
$DATA:
0 1023
       0
       0
       0
       0
       0
       0
       0
       0
       0
       0
       0
       0
       0
       0
       0
       0
       0
       0
       0
       0
       0
       0
       0
       0
       0
       0
       0
       0
       0
       0
       0
       0
       0
       0
       0
       0
       0
       0
       0
       0
       0
       0
       0
       0
     120
     265
     244
     285
     292
     282
     278
     289
     283
     256
     276
     272
     282
     248
     270
     280
     255
     299
     277
     278
     279
     334
     300
     323
     299
     303
     316
     301
     303
     317
     326
     338
     329
     330
     383
     315
     364
     412
     361
     350
     379
     377
     404
     367
     393
     406
     360
     428
     411
     428
     412
     454
     419
     443
     480
     480
     481
     434
     448
     481
     488
     498
     502
     517
     502
     497
     510
     524
     501
     487
     508
     561
     547
     549
     563
     504
     548
     530
     531
     567
     561
     544
     616
     599
     571
     571
     531
     578
     601
     616
     539
     640
     603
     619
     636
     607
     646
     662
     621
     592
     617
     594
     601
     589
     558
     612
     598
     592
     617
     612
     658
     658
     644
     641
     621
     625
     643
     649
     662
     612
     611
     664
     576
     615
     652
     608
     595
     644
     636
     617
     648
     637
     620
     645
     645
     630
     601
     603
     569
     627
     609
     661
     645
     619
     609
     642
     592
     649
     639
     623
     661
     617
     692
     644
     689
     675
     704
     706
     690
     739
     734
     695
     751
     712
     671
     683
     712
     740
     716
     756
     710
     675
     746
     709
     676
     704
     672
     653
     653
     674
     639
     693
     644
     635
     641
     629
     621
     634
     630
     616
     592
     608
     583
     582
     579
     652
     579
     584
     566
     579
     547
     551
     561
     561
     588
     595
     592
     573
     583
     540
     480
     511
     514
     540
     528
     541
     519
     574
     539
     513
     569
     511
     474
     517
     492
     493
     501
     516
     504
     517
     487
     477
     469
     473
     479
     475
     466
     476
     466
     455
     479
     461
     429
     447
     499
     430
     451
     444
     471
     476
     429
     442
     411
     460
     415
     453
     424
     439
     429
     385
     436
     424
     383
     400
     393
     407
     417
     399
     388
     408
     410
     381
     399
     386
     399
     372
     385
     387
     367
     394
     390
     405
     415
     379
     400
     370
     394
     392
     418
     390
     373
     379
     352
     361
     374
     380
     379
     360
     358
     346
     371
     347
     369
     369
     371
     340
     347
     339
     348
     386
     363
     360
     318
     360
     354
     327
     344
     367
     324
     347
     289
     338
     292
     329
     322
     305
     283
     288
     292
     308
     300
     285
     284
     267
     281
     247
     236
     247
     250
     270
     242
     243
     223
     242
     228
     234
     235
     221
     202
     227
     213
     225
     227
     203
     198
     197
     190
     186
     172
     199
     171
     177
     196
     176
     172
     185
     163
     184
     183
     183
     179
     170
     156
     147
     178
     198
     160
     164
     159
     141
     158
     172
     151
     158
     156
     160
     187
     150
     137
     140
     150
     144
     147
     149
     153
     152
     143
     149
     127
     135
     136
     120
     138
     128
     134
     123
     123
     141
     135
     135
     137
     124
     113
     110
     128
     127
      99
     133
     127
     131
     144
     134
     122
     136
     138
     129
     110
     103
     123
     124
     109
     147
     123
     115
     119
     113
     124
     121
      89
     109
     123
     108
     127
     113
     154
     127
     117
     119
     125
     121
      99
     112
      95
     137
     107
     141
     136
     133
     125
     117
     126
     117
     128
     142
     115
     130
     151
     134
     104
     156
     135
     161
     133
     159
     161
     161
     163
     170
     174
     183
     214
     218
     235
     237
     224
     246
     296
     266
     286
     311
     334
     349
     364
     380
     390
     394
     473
     493
     505
     535
     567
     609
     641
     611
     721
     754
     681
     805
     893
     849
     867
     897
     939
    1023
    1093
    1042
    1125
    1083
    1191
    1148
    1197
    1187
    1281
    1310
    1248
    1306
    1343
    1367
    1279
    1306
    1335
    1389
    1355
    1358
    1330
    1369
    1268
    1222
    1235
    1202
    1247
    1180
    1168
    1141
    1138
    1061
     988
    1037
     936
     918
     849
     818
     740
     693
     778
     678
     586
     560
     541
     544
     461
     475
     395
     392
     362
     323
     299
     279
     269
     239
     197
     219
     190
     178
     152
     160
     135
     117
     121
     106
     109
     107
      94
      96
      73
      87
      79
      55
      55
      66
      63
      56
      74
      58
      51
      46
      55
      61
      56
      53
      40
      46
      48
      49
      51
      48
      53
      53
      47
      42
      48
      36
      46
      51
      44
      45
      53
      58
      52
      45
      52
      47
      38
      50
      62
      49
      46
      45
      46
      53
      54
      38
      43
      48
      56
      54
      35
      57
      36
      43
      50
      49
      52
      42
      56
      47
      40
      44
      60
      44
      42
      48
      57
      57
      50
      51
      48
      48
      54
      41
      43
      58
      43
      59
      35
      36
      41
      42
      45
      43
      40
      48
      42
      53
      45
      48
      56
      48
      44
      44
      44
      45
      51
      44
      53
      34
      39
      39
      42
      39
      52
      43
      38
      51
      38
      40
      59
      46
      35
      46
      33
      45
      35
      53
      43
      49
      48
      43
      41
      49
      38
      44
      48
      54
      42
      47
      48
      49
      43
      53
      37
      41
      42
      50
      48
      50
      41
      44
      48
      44
      49
      39
      42
      41
      43
      45
      33
      47
      47
      48
      40
      39
      47
      52
      48
      48
      44
      52
      39
      32
      51
      55
      46
      51
      49
      46
      51
      37
      40
      38
      50
      44
      54
      38
      39
      42
      48
      48
      33
      41
      45
      44
      49
      39
      44
      46
      44
      46
      63
      38
      39
      42
      42
      42
      37
      52
      39
      47
      34
      37
      44
      42
      41
      36
      48
      37
      47
      48
      37
      47
      49
      37
      47
      35
      28
      36
      55
      43
      35
      46
      40
      40
      48
      37
      59
      45
      46
      46
      39
      52
      33
      51
      40
      35
      46
      51
      44
      57
      55
      51
      51
      35
      45
      51
      43
      50
      50
      45
      40
      54
      48
      41
      56
      44
      48
      45
      37
      48
      48
      46
      41
      42
      48
      54
      43
      27
      45
      31
      40
      52
      43
      57
      58
      48
      44
      49
      51
      53
      49
      39
      39
      53
      45
      54
      40
      47
      41
      35
      44
      37
      50
      55
      45
      46
      44
      53
      46
      46
      52
      52
      45
      52
      38
      47
      44
      50
      50
      50
      46
      47
      42
      45
      43
      45
      37
      37
      35
      48
      63
      58
      58
      48
       9
       0
       0
       0
       0
       0
       0
       0
       0
       0
       0
       0
       0
       0
       0
       0
       0
       0
       0
       0
       0
       0
       0
       0
       0
       0
       0
       0
       0
       0
       0
       0
       0
       0
       0
       0
       0
       0
       0
       0
       0
       0
       0
       0
       0
       0
       0
       0
       0
       0
       0
       0
       0
       0
       0
       0
       0
       0
       0
       0
       0
       0
       0
       0
       0
       0
       0
       0
$ROI:
2
95 97
514 605
$PRESETS:
Real Time
200
0
$ENER_FIT:
-289.438599 1.280702
$MCA_CAL:
3
-2.894386E+002 1.280702E+000 0.000000E+000
$SHAPE_CAL:
3
0.000000E+000 0.000000E+000 0.000000E+000
