$SPEC_ID:
MEASURE 331.
$SPEC_REM:
DET# 1
DETDESC# MCB 25
AP# Maestro Version 6.05
$DATE_MEA:
04/09/2003 22:59:48
$MEAS_TIM:
196 200
$DATA:
0 1023
       0
       0
       0
       0
       0
       0
       0
       0
       0
       0
       0
       0
       0
       0
       0
       0
       0
       0
       0
       0
       0
       0
       0
       0
       0
       0
       0
       0
       0
       0
       0
       0
       0
       0
       0
       0
       0
       0
       0
       0
       0
       0
       0
       0
     124
     222
     265
     258
     289
     271
     274
     292
     252
     238
     256
     274
     263
     283
     257
     257
     305
     269
     253
     288
     278
     283
     300
     291
     298
     321
     340
     318
     323
     315
     296
     301
     321
     318
     343
     354
     340
     369
     387
     373
     338
     368
     349
     368
     394
     368
     402
     409
     458
     401
     368
     426
     431
     466
     432
     464
     460
     458
     493
     465
     454
     486
     501
     499
     488
     504
     472
     469
     516
     534
     550
     483
     548
     520
     520
     538
     533
     499
     532
     573
     566
     568
     540
     592
     591
     564
     604
     598
     612
     628
     569
     595
     583
     583
     565
     588
     635
     595
     584
     597
     600
     622
     571
     611
     624
     625
     608
     609
     672
     585
     602
     562
     626
     639
     581
     647
     632
     602
     590
     603
     645
     596
     622
     611
     608
     624
     600
     580
     641
     625
     631
     578
     614
     591
     591
     604
     624
     601
     601
     653
     606
     591
     578
     607
     626
     637
     654
     632
     670
     633
     655
     661
     636
     663
     653
     653
     650
     671
     673
     718
     703
     696
     669
     635
     676
     755
     645
     719
     671
     702
     694
     728
     663
     661
     687
     690
     698
     711
     658
     666
     665
     681
     639
     614
     670
     638
     625
     572
     633
     628
     577
     583
     591
     631
     654
     603
     612
     607
     556
     535
     585
     552
     575
     569
     576
     587
     548
     568
     557
     544
     502
     557
     542
     564
     535
     544
     574
     573
     480
     554
     508
     544
     508
     521
     524
     517
     520
     513
     495
     482
     494
     493
     509
     449
     474
     453
     440
     475
     471
     423
     445
     473
     466
     475
     455
     462
     447
     463
     441
     444
     432
     416
     428
     451
     402
     439
     420
     433
     399
     433
     433
     402
     377
     407
     432
     405
     392
     397
     406
     406
     381
     372
     419
     371
     397
     394
     360
     401
     368
     349
     379
     379
     399
     387
     397
     355
     321
     379
     390
     384
     367
     366
     344
     362
     356
     328
     350
     315
     388
     361
     342
     370
     325
     382
     349
     334
     362
     358
     330
     376
     387
     367
     384
     371
     355
     332
     318
     323
     310
     316
     331
     318
     293
     318
     309
     289
     337
     315
     298
     281
     298
     307
     267
     289
     321
     285
     276
     246
     266
     279
     265
     266
     240
     244
     234
     221
     238
     218
     240
     229
     206
     210
     220
     219
     193
     197
     199
     190
     181
     175
     205
     206
     201
     182
     185
     202
     192
     182
     164
     157
     174
     175
     160
     163
     200
     185
     146
     155
     138
     158
     166
     155
     149
     149
     164
     145
     151
     153
     154
     124
     168
     133
     133
     140
     144
     157
     148
     135
     150
     139
     125
     130
     165
     136
     130
     118
     118
     145
     123
     126
     128
     137
     125
     136
     132
     117
     112
     125
     118
     130
     132
     125
     119
     132
     120
     143
     104
     122
     126
     102
      98
     104
     118
     118
     133
     123
     114
     117
     116
     108
     118
     119
     117
     116
     103
     119
     117
     102
     132
     118
      96
     116
     113
     121
     130
     118
     120
     118
     117
     128
     105
     115
     116
     140
     112
     110
     130
     135
     120
     118
     125
     148
     119
     140
     149
     142
     141
     142
     133
     149
     188
     160
     173
     182
     180
     206
     218
     228
     234
     237
     230
     286
     302
     336
     313
     361
     347
     381
     374
     367
     440
     436
     458
     468
     509
     566
     564
     608
     664
     709
     693
     805
     742
     813
     843
     857
     903
     956
     987
    1041
    1046
    1060
    1047
    1128
    1198
    1208
    1210
    1238
    1262
    1217
    1294
    1295
    1302
    1284
    1366
    1345
    1338
    1290
    1305
    1269
    1312
    1276
    1309
    1276
    1217
    1255
    1185
    1150
    1133
    1157
    1110
     970
    1001
     938
     968
     885
     859
     821
     728
     688
     682
     616
     628
     542
     523
     479
     462
     446
     441
     349
     359
     351
     319
     288
     263
     231
     206
     217
     152
     160
     174
     145
     151
     119
      98
     100
      93
      94
     113
      87
      82
      63
      76
      75
      73
      86
      59
      61
      51
      77
      54
      44
      53
      53
      58
      50
      43
      61
      62
      50
      49
      53
      49
      47
      48
      61
      47
      35
      36
      51
      38
      51
      42
      47
      54
      48
      46
      56
      47
      56
      47
      50
      45
      57
      49
      47
      43
      50
      59
      49
      41
      47
      49
      42
      57
      49
      47
      36
      44
      38
      47
      44
      57
      51
      34
      43
      47
      52
      49
      53
      41
      54
      33
      46
      46
      56
      44
      34
      44
      64
      41
      41
      53
      41
      43
      46
      31
      38
      46
      43
      53
      59
      52
      39
      42
      44
      35
      42
      47
      38
      44
      42
      45
      47
      32
      44
      47
      51
      38
      45
      44
      52
      30
      46
      39
      41
      56
      46
      46
      39
      36
      55
      54
      59
      40
      38
      52
      30
      49
      35
      53
      46
      39
      51
      34
      41
      57
      49
      42
      44
      43
      30
      45
      44
      45
      40
      40
      46
      54
      49
      43
      44
      43
      50
      45
      41
      31
      41
      43
      37
      45
      37
      52
      36
      47
      48
      39
      44
      36
      45
      40
      41
      38
      40
      50
      47
      47
      35
      36
      49
      36
      48
      37
      36
      35
      46
      39
      39
      39
      61
      39
      41
      45
      42
      46
      34
      49
      46
      35
      51
      32
      44
      50
      36
      40
      37
      52
      38
      50
      39
      40
      43
      52
      43
      49
      40
      45
      50
      37
      40
      39
      49
      39
      43
      41
      33
      55
      34
      46
      41
      57
      46
      45
      41
      50
      45
      44
      56
      48
      46
      45
      45
      38
      58
      45
      48
      49
      49
      53
      47
      44
      34
      42
      42
      35
      47
      43
      51
      51
      48
      47
      56
      42
      52
      45
      38
      44
      58
      48
      39
      29
      50
      41
      48
      36
      39
      44
      48
      46
      40
      41
      42
      49
      41
      50
      43
      48
      40
      43
      42
      43
      43
      33
      39
      50
      46
      38
      34
      58
      39
      57
      42
      37
      48
      45
      51
      48
      50
      44
      43
      51
      51
      51
      48
      53
      55
      46
      54
      45
      50
      50
      45
      29
       1
       0
       0
       0
       0
       0
       0
       0
       0
       0
       0
       0
       0
       0
       0
       0
       0
       0
       0
       0
       0
       0
       0
       0
       0
       0
       0
       0
       0
       0
       0
       0
       0
       0
       0
       0
       0
       0
       0
       0
       0
       0
       0
       0
       0
       0
       0
       0
       0
       0
       0
       0
       0
       0
       0
       0
       0
       0
       0
       0
       0
       0
       0
       0
       0
       0
       0
$ROI:
2
95 97
514 605
$PRESETS:
Real Time
200
0
$ENER_FIT:
-289.438599 1.280702
$MCA_CAL:
3
-2.894386E+002 1.280702E+000 0.000000E+000
$SHAPE_CAL:
3
0.000000E+000 0.000000E+000 0.000000E+000
