$SPEC_ID:
MEASURE 605.
$SPEC_REM:
DET# 1
DETDESC# MCB 25
AP# Maestro Version 6.05
$DATE_MEA:
04/07/2003 10:29:48
$MEAS_TIM:
196 200
$DATA:
0 1023
       0
       0
       0
       0
       0
       0
       0
       0
       0
       0
       0
       0
       0
       0
       0
       0
       0
       0
       0
       0
       0
       0
       0
       0
       0
       0
       0
       0
       0
       0
       0
       0
       0
       0
       0
       0
       0
       0
       0
       0
       0
       0
       0
       0
     123
     253
     271
     270
     265
     286
     289
     276
     239
     252
     265
     283
     290
     264
     261
     301
     264
     313
     331
     276
     285
     256
     282
     306
     291
     310
     284
     294
     311
     299
     296
     360
     339
     333
     336
     326
     334
     352
     370
     405
     411
     355
     342
     355
     420
     431
     404
     421
     456
     437
     477
     478
     473
     444
     446
     422
     445
     461
     486
     461
     511
     493
     505
     485
     524
     536
     491
     538
     537
     550
     519
     541
     541
     571
     510
     560
     555
     536
     589
     568
     588
     550
     574
     596
     579
     592
     609
     568
     633
     622
     630
     604
     604
     632
     618
     641
     576
     615
     588
     579
     626
     593
     597
     629
     602
     617
     689
     597
     627
     695
     644
     642
     644
     638
     625
     625
     618
     603
     631
     633
     649
     613
     584
     587
     657
     649
     615
     628
     629
     627
     609
     632
     619
     621
     636
     620
     676
     587
     564
     668
     599
     588
     655
     648
     624
     628
     643
     650
     658
     631
     699
     704
     653
     682
     708
     691
     639
     753
     710
     669
     688
     720
     742
     702
     742
     707
     692
     715
     702
     643
     718
     728
     719
     657
     666
     722
     699
     711
     662
     681
     622
     626
     692
     651
     649
     628
     613
     654
     617
     629
     628
     576
     656
     585
     615
     597
     570
     610
     573
     577
     520
     575
     577
     562
     564
     555
     593
     604
     557
     536
     549
     567
     560
     547
     534
     527
     524
     507
     494
     526
     525
     522
     539
     524
     535
     564
     487
     523
     478
     490
     535
     534
     456
     482
     435
     502
     496
     471
     482
     451
     474
     486
     465
     474
     452
     452
     455
     416
     427
     441
     472
     464
     402
     438
     451
     455
     392
     413
     431
     388
     417
     433
     417
     412
     402
     415
     417
     385
     395
     395
     397
     364
     384
     415
     366
     411
     378
     366
     396
     361
     385
     381
     383
     354
     378
     405
     379
     367
     402
     374
     369
     339
     375
     349
     398
     354
     382
     362
     352
     345
     344
     341
     349
     373
     351
     377
     344
     334
     355
     299
     318
     343
     330
     309
     362
     328
     326
     331
     319
     343
     283
     327
     321
     307
     286
     286
     281
     299
     314
     284
     281
     304
     282
     253
     275
     260
     267
     249
     251
     228
     264
     263
     254
     226
     234
     206
     216
     225
     195
     200
     195
     211
     226
     200
     203
     202
     197
     203
     207
     208
     179
     190
     174
     181
     169
     162
     182
     160
     173
     167
     150
     168
     154
     147
     168
     165
     173
     171
     141
     165
     152
     152
     146
     143
     153
     163
     140
     136
     139
     137
     126
     131
     164
     149
     145
     142
     154
     129
     113
     153
     107
     141
     119
     124
     133
     141
     132
     119
     131
     116
     139
     135
     145
     124
     118
     126
     136
     126
     129
     132
     110
     123
     123
     127
     109
     134
     106
     119
     122
     141
     131
     112
     131
     125
     127
     119
     113
     112
     126
     145
     106
     115
     116
     123
     104
     107
     122
     130
      99
      98
     123
     113
     119
     104
     101
     122
     138
     125
     110
     134
     113
     112
     122
     133
     148
     153
     142
     140
     124
     144
     163
     159
     163
     164
     186
     189
     171
     188
     178
     201
     217
     255
     234
     263
     263
     285
     280
     343
     324
     300
     322
     340
     423
     446
     446
     406
     474
     473
     566
     580
     608
     631
     631
     676
     735
     772
     762
     822
     858
     836
     915
     967
    1052
    1033
    1030
    1116
    1160
    1111
    1219
    1264
    1270
    1231
    1244
    1319
    1304
    1370
    1314
    1328
    1417
    1344
    1300
    1357
    1371
    1295
    1356
    1317
    1295
    1239
    1231
    1176
    1200
    1111
    1089
    1085
    1009
    1056
    1016
     957
     916
     895
     837
     790
     759
     691
     685
     621
     633
     540
     507
     477
     455
     424
     419
     385
     357
     307
     285
     238
     230
     234
     199
     212
     183
     165
     151
     137
     145
     136
      98
     118
     103
      88
      89
      59
      77
      73
      59
      63
      43
      87
      44
      65
      74
      55
      53
      49
      46
      52
      50
      57
      55
      37
      56
      46
      68
      57
      47
      45
      32
      41
      49
      52
      45
      56
      58
      47
      36
      56
      47
      44
      58
      41
      53
      49
      48
      49
      43
      50
      49
      46
      45
      40
      45
      50
      46
      36
      44
      28
      45
      51
      34
      40
      37
      47
      55
      51
      50
      50
      39
      50
      44
      37
      44
      48
      50
      43
      45
      63
      41
      41
      36
      39
      40
      41
      32
      50
      47
      40
      56
      45
      38
      37
      49
      47
      43
      44
      45
      48
      35
      39
      49
      46
      57
      40
      33
      34
      44
      53
      58
      43
      33
      54
      44
      39
      37
      51
      40
      36
      43
      36
      40
      33
      40
      51
      51
      42
      48
      34
      37
      58
      39
      41
      44
      47
      44
      52
      38
      44
      46
      40
      51
      47
      41
      39
      33
      40
      38
      41
      47
      41
      38
      44
      55
      41
      43
      35
      42
      46
      47
      36
      47
      51
      54
      38
      42
      41
      43
      40
      44
      36
      34
      52
      50
      39
      40
      44
      44
      46
      52
      46
      45
      38
      52
      30
      42
      41
      42
      49
      38
      44
      32
      51
      56
      44
      46
      44
      38
      42
      44
      40
      33
      42
      50
      40
      51
      44
      52
      50
      54
      60
      46
      48
      54
      45
      35
      42
      43
      44
      48
      48
      37
      51
      45
      43
      37
      37
      49
      49
      49
      54
      49
      61
      36
      52
      47
      42
      32
      32
      44
      45
      47
      39
      54
      38
      46
      38
      55
      48
      42
      48
      42
      48
      35
      52
      44
      44
      43
      44
      50
      37
      50
      42
      34
      45
      44
      43
      45
      49
      41
      41
      50
      49
      46
      38
      39
      44
      40
      46
      43
      46
      45
      39
      49
      48
      38
      42
      42
      48
      54
      51
      33
      49
      46
      40
      29
      42
      36
      44
      42
      54
      31
      52
      60
      45
      37
      54
      60
      48
      51
      44
      49
      45
      51
      49
      43
      46
      47
      53
      49
      45
      43
      41
      47
      46
      57
      45
      47
      35
      45
      39
      47
      47
       8
       0
       0
       0
       0
       0
       0
       0
       0
       0
       0
       0
       0
       0
       0
       0
       0
       0
       0
       0
       0
       0
       0
       0
       0
       0
       0
       0
       0
       0
       0
       0
       0
       0
       0
       0
       0
       0
       0
       0
       0
       0
       0
       0
       0
       0
       0
       0
       0
       0
       0
       0
       0
       0
       0
       0
       0
       0
       0
       0
       0
       0
       0
       0
       0
       0
       0
       0
$ROI:
2
95 97
514 605
$PRESETS:
Real Time
200
0
$ENER_FIT:
-289.438599 1.280702
$MCA_CAL:
3
-2.894386E+002 1.280702E+000 0.000000E+000
$SHAPE_CAL:
3
0.000000E+000 0.000000E+000 0.000000E+000
