$SPEC_ID:
MEASURE 791.
$SPEC_REM:
DET# 1
DETDESC# MCB 25
AP# Maestro Version 6.05
$DATE_MEA:
04/08/2003 01:59:48
$MEAS_TIM:
196 200
$DATA:
0 1023
       0
       0
       0
       0
       0
       0
       0
       0
       0
       0
       0
       0
       0
       0
       0
       0
       0
       0
       0
       0
       0
       0
       0
       0
       0
       0
       0
       0
       0
       0
       0
       0
       0
       0
       0
       0
       0
       0
       0
       0
       0
       0
       0
       0
     106
     267
     258
     257
     266
     296
     261
     278
     270
     269
     285
     268
     294
     291
     264
     288
     277
     264
     275
     300
     288
     298
     313
     307
     300
     306
     309
     320
     314
     319
     289
     337
     351
     324
     340
     324
     349
     331
     321
     363
     360
     387
     373
     381
     345
     404
     386
     429
     400
     407
     454
     468
     452
     456
     464
     479
     423
     511
     553
     445
     485
     514
     496
     481
     535
     505
     522
     509
     520
     535
     517
     522
     550
     547
     543
     525
     551
     544
     564
     573
     538
     550
     525
     563
     550
     602
     609
     593
     589
     577
     594
     599
     605
     620
     617
     624
     646
     594
     591
     672
     600
     647
     643
     621
     639
     623
     639
     593
     626
     649
     674
     685
     632
     640
     624
     591
     625
     641
     611
     592
     620
     610
     587
     601
     635
     629
     628
     596
     617
     641
     608
     593
     636
     648
     584
     615
     643
     616
     615
     623
     621
     640
     558
     582
     628
     591
     646
     625
     634
     683
     676
     709
     688
     714
     655
     698
     640
     690
     703
     672
     686
     715
     709
     709
     726
     714
     717
     787
     708
     766
     737
     686
     723
     732
     688
     652
     674
     672
     642
     664
     648
     671
     704
     632
     646
     636
     647
     639
     605
     597
     576
     617
     588
     606
     582
     589
     591
     556
     559
     573
     562
     560
     564
     562
     559
     574
     580
     555
     543
     549
     519
     539
     560
     553
     575
     541
     549
     523
     529
     484
     544
     543
     566
     508
     511
     505
     512
     482
     528
     495
     437
     476
     547
     456
     460
     500
     470
     490
     482
     466
     440
     443
     467
     454
     457
     424
     426
     464
     444
     432
     440
     429
     462
     425
     413
     463
     444
     435
     413
     438
     418
     425
     415
     430
     395
     393
     377
     388
     382
     369
     412
     399
     399
     413
     410
     398
     400
     400
     385
     394
     404
     375
     377
     389
     380
     361
     362
     367
     393
     377
     363
     396
     362
     380
     394
     377
     340
     360
     365
     352
     366
     351
     353
     357
     363
     370
     340
     336
     339
     361
     342
     330
     313
     339
     339
     370
     329
     341
     334
     320
     295
     288
     302
     330
     315
     312
     279
     275
     288
     281
     266
     247
     301
     291
     263
     262
     294
     268
     251
     251
     280
     270
     249
     218
     219
     223
     211
     234
     194
     207
     216
     191
     216
     169
     183
     177
     202
     201
     205
     202
     194
     166
     177
     173
     188
     144
     172
     183
     179
     149
     166
     191
     164
     152
     159
     160
     154
     157
     182
     146
     126
     131
     144
     147
     153
     139
     144
     163
     139
     137
     142
     149
     136
     144
     148
     132
     136
     134
     133
     125
     141
     127
     119
     145
     133
     126
     112
     132
     137
     110
     115
     116
     133
     134
     137
     140
     124
     124
     109
     112
     136
     110
     116
     124
     108
     102
     120
     127
     114
     116
     112
     116
     118
     126
     129
     113
     102
     129
     119
     108
     123
     104
     128
     120
     103
     119
     120
     137
     132
     122
     118
     122
     118
     134
      97
     127
     111
     115
     132
     133
     133
     110
     130
     144
     125
     141
     132
     128
     114
     150
     151
     161
     164
     172
     183
     177
     145
     185
     174
     188
     210
     221
     220
     228
     248
     244
     251
     306
     318
     308
     353
     339
     391
     454
     420
     393
     483
     471
     560
     559
     566
     581
     664
     722
     690
     715
     751
     811
     863
     907
     895
     933
     946
    1015
    1029
    1069
    1085
    1103
    1162
    1194
    1183
    1183
    1289
    1281
    1320
    1281
    1370
    1331
    1297
    1383
    1338
    1290
    1293
    1362
    1261
    1354
    1329
    1286
    1289
    1224
    1228
    1169
    1119
    1114
    1028
    1012
    1035
     962
     904
     898
     869
     834
     797
     715
     691
     672
     605
     561
     553
     463
     505
     466
     424
     385
     346
     336
     311
     270
     250
     251
     228
     215
     178
     168
     157
     148
     144
     128
     127
     112
      98
      79
      88
      80
      81
      72
      58
      57
      55
      62
      61
      65
      71
      65
      54
      52
      60
      51
      45
      52
      57
      56
      48
      52
      48
      54
      48
      63
      47
      50
      63
      42
      47
      53
      53
      49
      43
      45
      50
      51
      49
      57
      56
      48
      55
      47
      63
      41
      35
      50
      49
      54
      56
      49
      47
      52
      52
      40
      47
      52
      45
      36
      57
      44
      48
      36
      59
      51
      47
      50
      53
      50
      44
      46
      48
      47
      45
      45
      54
      38
      50
      36
      56
      52
      40
      45
      41
      45
      46
      44
      48
      50
      42
      41
      46
      45
      50
      49
      46
      41
      50
      57
      41
      43
      47
      39
      45
      60
      39
      39
      43
      47
      36
      44
      40
      39
      39
      34
      46
      40
      43
      28
      52
      48
      52
      59
      41
      38
      48
      60
      36
      39
      51
      54
      45
      46
      40
      43
      42
      47
      45
      42
      57
      37
      32
      45
      45
      31
      45
      34
      46
      45
      50
      40
      45
      32
      54
      38
      45
      36
      54
      45
      45
      31
      54
      36
      33
      55
      39
      44
      45
      40
      52
      37
      42
      43
      43
      42
      45
      34
      50
      55
      33
      37
      47
      36
      41
      35
      38
      41
      43
      42
      47
      42
      34
      47
      47
      38
      33
      52
      47
      37
      43
      43
      41
      53
      47
      45
      37
      56
      35
      52
      47
      52
      35
      48
      32
      43
      36
      38
      41
      41
      51
      41
      42
      43
      38
      47
      52
      50
      54
      37
      55
      38
      46
      48
      47
      54
      40
      50
      42
      37
      42
      38
      41
      35
      61
      40
      48
      53
      53
      49
      50
      48
      50
      51
      43
      51
      54
      47
      54
      60
      48
      33
      45
      39
      40
      32
      63
      55
      38
      42
      56
      45
      46
      57
      48
      47
      61
      46
      41
      52
      53
      44
      53
      54
      57
      34
      37
      45
      42
      49
      38
      49
      40
      50
      54
      47
      35
      40
      38
      47
      34
      44
      48
      52
      42
      38
      48
      40
      39
      59
      41
      54
      42
      61
      52
      46
      40
      38
      47
      45
      56
      45
      56
      37
      36
      29
      44
      63
      52
      37
       4
       0
       0
       0
       0
       0
       0
       0
       0
       0
       0
       0
       0
       0
       0
       0
       0
       0
       0
       0
       0
       0
       0
       0
       0
       0
       0
       0
       0
       0
       0
       0
       0
       0
       0
       0
       0
       0
       0
       0
       0
       0
       0
       0
       0
       0
       0
       0
       0
       0
       0
       0
       0
       0
       0
       0
       0
       0
       0
       0
       0
       0
       0
       0
       0
       0
       0
       0
$ROI:
2
95 97
514 605
$PRESETS:
Real Time
200
0
$ENER_FIT:
-289.438599 1.280702
$MCA_CAL:
3
-2.894386E+002 1.280702E+000 0.000000E+000
$SHAPE_CAL:
3
0.000000E+000 0.000000E+000 0.000000E+000
