$SPEC_ID:
MEASURE 029.
$SPEC_REM:
DET# 1
DETDESC# MCB 25
AP# Maestro Version 6.05
$DATE_MEA:
04/08/2003 21:49:48
$MEAS_TIM:
196 200
$DATA:
0 1023
       0
       0
       0
       0
       0
       0
       0
       0
       0
       0
       0
       0
       0
       0
       0
       0
       0
       0
       0
       0
       0
       0
       0
       0
       0
       0
       0
       0
       0
       0
       0
       0
       0
       0
       0
       0
       0
       0
       0
       0
       0
       0
       0
       0
     128
     277
     269
     276
     246
     287
     290
     284
     281
     277
     298
     286
     287
     294
     285
     296
     298
     286
     289
     288
     279
     282
     269
     324
     302
     306
     267
     325
     322
     313
     340
     322
     354
     349
     302
     315
     349
     405
     350
     383
     370
     370
     368
     384
     374
     429
     416
     433
     369
     416
     430
     444
     429
     460
     466
     483
     419
     466
     491
     515
     489
     459
     485
     521
     538
     545
     559
     508
     482
     532
     578
     558
     526
     554
     561
     555
     539
     583
     553
     548
     523
     570
     565
     566
     568
     609
     525
     591
     604
     592
     597
     590
     596
     579
     677
     627
     613
     670
     630
     650
     623
     606
     640
     618
     611
     593
     671
     616
     624
     607
     609
     639
     644
     640
     594
     602
     638
     623
     632
     621
     648
     599
     578
     610
     593
     644
     627
     624
     601
     636
     594
     600
     609
     616
     596
     579
     640
     644
     626
     600
     600
     618
     625
     617
     654
     669
     681
     652
     665
     726
     630
     655
     675
     703
     692
     639
     667
     709
     703
     712
     715
     715
     705
     734
     727
     704
     705
     691
     683
     716
     693
     725
     671
     702
     703
     706
     687
     658
     636
     716
     684
     666
     702
     669
     634
     605
     634
     611
     649
     629
     642
     631
     594
     617
     586
     599
     605
     558
     569
     597
     547
     538
     568
     605
     580
     579
     569
     573
     547
     537
     566
     531
     556
     559
     493
     580
     521
     512
     508
     542
     467
     460
     525
     536
     560
     470
     489
     520
     466
     525
     447
     515
     473
     451
     450
     446
     499
     473
     448
     470
     458
     435
     456
     448
     423
     462
     456
     416
     453
     439
     433
     413
     427
     458
     398
     401
     410
     430
     424
     435
     388
     408
     395
     414
     421
     398
     392
     381
     373
     419
     398
     383
     417
     396
     387
     381
     388
     390
     364
     405
     365
     363
     387
     398
     400
     336
     395
     404
     358
     362
     398
     335
     411
     366
     401
     350
     375
     330
     386
     350
     345
     334
     372
     362
     358
     368
     378
     361
     353
     347
     368
     332
     336
     337
     315
     303
     326
     347
     312
     325
     328
     315
     310
     310
     311
     308
     306
     288
     293
     300
     318
     310
     277
     287
     295
     269
     243
     272
     267
     248
     244
     241
     241
     241
     224
     221
     206
     249
     230
     207
     200
     191
     216
     165
     206
     202
     193
     203
     206
     212
     188
     202
     191
     174
     152
     195
     165
     170
     144
     142
     168
     154
     165
     162
     138
     164
     160
     191
     147
     150
     156
     157
     139
     156
     144
     143
     149
     143
     130
     164
     157
     133
     139
     141
     127
     133
     150
     150
     136
     147
     140
     139
     146
     131
     114
     138
     122
     128
     126
     118
     122
     131
     130
     123
     127
     112
     148
     149
     121
     126
     130
     118
     124
     124
     119
     134
     110
     118
     107
     119
     110
     105
     120
     111
     125
     119
     110
      98
     117
     115
     114
     121
     125
     137
     106
     120
     121
     112
     119
     118
     109
     102
     113
      99
     122
     128
     122
     126
     125
     107
     105
     123
     126
     125
     123
     116
     138
     137
     146
     129
     141
     143
     164
     158
     151
     170
     151
     163
     187
     207
     204
     221
     234
     242
     221
     257
     275
     285
     314
     302
     340
     340
     371
     370
     417
     435
     388
     490
     497
     519
     524
     553
     630
     683
     731
     739
     707
     749
     830
     855
     867
     899
     960
     981
    1061
    1088
    1065
    1084
    1109
    1139
    1216
    1171
    1241
    1293
    1232
    1271
    1385
    1320
    1396
    1450
    1388
    1373
    1339
    1403
    1337
    1329
    1311
    1252
    1278
    1230
    1226
    1181
    1120
    1139
    1150
    1028
    1012
     947
     925
     899
     874
     830
     796
     724
     685
     706
     648
     577
     614
     490
     526
     449
     400
     401
     370
     332
     305
     291
     259
     250
     222
     196
     191
     185
     159
     167
     142
     123
     117
     108
     102
      84
      75
      76
      76
      85
      69
      67
      60
      70
      58
      68
      63
      55
      43
      59
      53
      49
      69
      48
      51
      47
      42
      50
      51
      48
      49
      46
      53
      47
      60
      64
      52
      48
      67
      41
      56
      47
      41
      56
      50
      41
      52
      40
      53
      32
      41
      58
      58
      49
      52
      49
      46
      48
      45
      42
      56
      49
      44
      50
      47
      38
      40
      52
      46
      40
      45
      40
      42
      43
      47
      56
      52
      37
      52
      43
      48
      27
      43
      45
      45
      50
      39
      42
      30
      38
      48
      57
      47
      55
      45
      45
      44
      33
      48
      57
      38
      66
      37
      46
      56
      45
      37
      42
      48
      40
      45
      34
      33
      35
      39
      39
      37
      47
      39
      47
      39
      47
      41
      47
      40
      38
      36
      34
      35
      38
      38
      44
      40
      37
      43
      42
      38
      44
      47
      51
      44
      50
      42
      41
      53
      37
      44
      52
      48
      39
      46
      37
      37
      57
      50
      34
      41
      52
      47
      39
      46
      52
      58
      34
      46
      45
      36
      50
      43
      40
      39
      64
      45
      46
      48
      39
      47
      42
      41
      46
      48
      43
      46
      39
      44
      46
      43
      45
      41
      34
      40
      49
      44
      28
      32
      41
      39
      43
      47
      64
      41
      32
      42
      56
      44
      38
      42
      41
      45
      37
      44
      29
      36
      29
      38
      46
      34
      44
      48
      41
      53
      48
      29
      58
      45
      41
      41
      43
      48
      30
      46
      44
      41
      49
      44
      37
      47
      50
      52
      46
      55
      50
      59
      54
      40
      45
      47
      59
      47
      40
      52
      41
      52
      30
      62
      39
      45
      39
      39
      50
      55
      36
      40
      48
      31
      47
      55
      48
      38
      52
      54
      53
      47
      47
      46
      53
      51
      46
      42
      48
      44
      35
      45
      52
      46
      48
      41
      42
      42
      33
      43
      47
      35
      51
      47
      42
      35
      54
      41
      45
      55
      42
      42
      51
      37
      38
      54
      35
      47
      57
      38
      38
      43
      56
      51
      43
      45
      53
      42
      43
      54
      49
      48
      41
      41
      41
      51
      35
      49
      47
      54
      51
      50
      43
      55
      28
       2
       0
       0
       0
       0
       0
       0
       0
       0
       0
       0
       0
       0
       0
       0
       0
       0
       0
       0
       0
       0
       0
       0
       0
       0
       0
       0
       0
       0
       0
       0
       0
       0
       0
       0
       0
       0
       0
       0
       0
       0
       0
       0
       0
       0
       0
       0
       0
       0
       0
       0
       0
       0
       0
       0
       0
       0
       0
       0
       0
       0
       0
       0
       0
       0
       0
       0
       0
$ROI:
2
95 97
514 605
$PRESETS:
Real Time
200
0
$ENER_FIT:
-289.438599 1.280702
$MCA_CAL:
3
-2.894386E+002 1.280702E+000 0.000000E+000
$SHAPE_CAL:
3
0.000000E+000 0.000000E+000 0.000000E+000
