$SPEC_ID:
MEASURE 494.
$SPEC_REM:
DET# 1
DETDESC# MCB 25
AP# Maestro Version 6.05
$DATE_MEA:
04/07/2003 01:14:48
$MEAS_TIM:
196 200
$DATA:
0 1023
       0
       0
       0
       0
       0
       0
       0
       0
       0
       0
       0
       0
       0
       0
       0
       0
       0
       0
       0
       0
       0
       0
       0
       0
       0
       0
       0
       0
       0
       0
       0
       0
       0
       0
       0
       0
       0
       0
       0
       0
       0
       0
       0
       0
     132
     262
     273
     256
     270
     269
     302
     262
     286
     289
     286
     259
     231
     336
     254
     304
     304
     276
     299
     255
     287
     260
     316
     302
     293
     298
     319
     294
     312
     318
     329
     322
     306
     358
     320
     347
     364
     366
     367
     373
     370
     351
     416
     379
     353
     414
     387
     380
     444
     425
     432
     427
     451
     450
     425
     463
     473
     485
     455
     447
     487
     498
     484
     501
     549
     487
     480
     552
     542
     568
     503
     505
     497
     546
     556
     534
     519
     500
     595
     560
     569
     570
     525
     599
     580
     578
     565
     609
     636
     590
     559
     607
     627
     624
     635
     641
     622
     593
     602
     644
     626
     587
     630
     631
     562
     647
     623
     657
     609
     628
     615
     591
     614
     656
     693
     641
     590
     608
     635
     578
     582
     630
     581
     573
     594
     609
     619
     564
     626
     632
     627
     615
     646
     646
     658
     648
     620
     621
     573
     571
     581
     604
     629
     670
     647
     661
     632
     664
     639
     648
     671
     644
     708
     671
     680
     645
     685
     702
     740
     718
     665
     702
     742
     710
     717
     696
     703
     716
     699
     738
     753
     740
     704
     695
     690
     661
     658
     702
     665
     702
     686
     664
     649
     635
     619
     626
     641
     581
     618
     624
     608
     608
     594
     623
     596
     578
     593
     614
     555
     599
     567
     566
     560
     556
     559
     557
     551
     558
     564
     505
     557
     581
     519
     550
     545
     544
     527
     521
     509
     525
     496
     516
     505
     509
     480
     510
     477
     483
     490
     493
     462
     502
     498
     432
     484
     454
     480
     447
     446
     445
     477
     477
     469
     473
     436
     470
     424
     435
     417
     441
     423
     460
     426
     423
     430
     430
     449
     462
     406
     372
     403
     413
     399
     386
     397
     408
     378
     411
     412
     405
     418
     393
     395
     402
     408
     416
     381
     357
     386
     403
     380
     384
     366
     362
     345
     371
     381
     380
     338
     371
     358
     370
     340
     370
     373
     383
     373
     354
     355
     402
     384
     331
     332
     351
     358
     362
     347
     370
     345
     343
     373
     351
     345
     347
     323
     339
     313
     327
     342
     330
     319
     298
     304
     309
     307
     295
     296
     260
     295
     302
     287
     282
     269
     284
     249
     240
     261
     253
     247
     237
     253
     239
     225
     230
     227
     224
     190
     243
     211
     222
     227
     208
     208
     209
     194
     165
     200
     186
     185
     184
     185
     159
     193
     155
     165
     173
     179
     181
     179
     187
     172
     174
     160
     137
     166
     162
     151
     132
     156
     167
     150
     134
     149
     167
     169
     170
     144
     154
     149
     141
     156
     145
     147
     136
     130
     121
     152
     137
     138
     133
     121
     151
     143
     108
     140
     136
     147
     122
     108
     128
     140
     145
     120
     114
     126
     126
     127
     139
     105
     127
     143
     125
     119
     117
     117
     118
     128
     116
     137
     136
     125
     117
     115
     120
     121
     117
     124
     115
     132
     116
     125
     120
     127
     107
      96
     125
     129
     140
     139
     115
     115
     120
     118
     121
     123
     104
     124
     123
     136
     142
     130
     142
     123
     144
     131
     121
     130
     126
     167
     138
     174
     136
     135
     159
     169
     178
     189
     190
     205
     210
     200
     205
     241
     255
     268
     271
     286
     300
     312
     351
     375
     365
     384
     470
     424
     461
     468
     516
     538
     559
     543
     629
     637
     738
     711
     743
     768
     799
     829
     880
     923
     975
     976
     996
    1090
    1055
    1126
    1161
    1174
    1223
    1238
    1288
    1324
    1294
    1286
    1330
    1281
    1342
    1384
    1322
    1333
    1358
    1268
    1283
    1260
    1330
    1378
    1279
    1210
    1251
    1195
    1187
    1141
    1039
    1103
    1005
    1026
     930
     930
     813
     817
     812
     717
     714
     613
     673
     593
     534
     486
     465
     493
     406
     379
     362
     339
     324
     286
     247
     238
     220
     235
     190
     160
     138
     163
     151
     124
     133
     126
     117
      93
      66
      94
      88
      70
      68
      74
      59
      52
      67
      68
      51
      55
      51
      53
      56
      73
      57
      56
      56
      62
      43
      52
      56
      51
      38
      47
      54
      59
      56
      57
      50
      41
      51
      48
      65
      40
      37
      46
      45
      62
      39
      50
      57
      40
      46
      61
      39
      40
      44
      53
      44
      58
      56
      43
      49
      47
      42
      54
      52
      47
      55
      51
      55
      54
      52
      46
      44
      41
      39
      41
      42
      44
      59
      47
      41
      43
      36
      40
      56
      39
      46
      46
      38
      51
      51
      50
      45
      48
      35
      44
      42
      50
      42
      48
      58
      50
      45
      39
      43
      51
      56
      42
      60
      48
      52
      48
      49
      39
      58
      44
      47
      32
      46
      51
      32
      28
      56
      57
      48
      37
      46
      52
      44
      53
      48
      48
      41
      42
      43
      47
      44
      44
      55
      48
      50
      43
      42
      41
      36
      37
      44
      46
      54
      53
      46
      37
      48
      37
      36
      47
      49
      45
      42
      39
      47
      32
      47
      38
      48
      40
      36
      42
      43
      39
      37
      43
      39
      52
      60
      40
      43
      42
      47
      41
      35
      44
      48
      33
      46
      37
      51
      37
      43
      39
      34
      41
      47
      45
      38
      43
      55
      47
      47
      54
      44
      38
      37
      59
      43
      43
      38
      49
      53
      42
      42
      57
      38
      42
      47
      54
      37
      52
      49
      50
      53
      39
      44
      36
      38
      43
      45
      43
      53
      40
      43
      33
      45
      57
      48
      42
      47
      48
      54
      51
      49
      39
      39
      40
      43
      41
      42
      37
      39
      43
      38
      50
      45
      40
      54
      54
      42
      45
      56
      40
      43
      41
      44
      48
      60
      39
      40
      43
      46
      43
      54
      44
      48
      54
      44
      34
      49
      49
      44
      39
      39
      53
      43
      54
      53
      53
      42
      40
      45
      51
      44
      51
      44
      45
      49
      54
      45
      46
      46
      40
      39
      51
      42
      47
      49
      52
      46
      60
      41
      44
      46
      39
      50
      51
      61
      44
      50
      53
      49
      45
      53
      56
      53
      46
      44
      43
      38
      33
      47
      52
      42
      40
      49
      50
      59
      39
      29
       1
       0
       0
       0
       0
       0
       0
       0
       0
       0
       0
       0
       0
       0
       0
       0
       0
       0
       0
       0
       0
       0
       0
       0
       0
       0
       0
       0
       0
       0
       0
       0
       0
       0
       0
       0
       0
       0
       0
       0
       0
       0
       0
       0
       0
       0
       0
       0
       0
       0
       0
       0
       0
       0
       0
       0
       0
       0
       0
       0
       0
       0
       0
       0
       0
       0
       0
       0
$ROI:
2
95 97
514 605
$PRESETS:
Real Time
200
0
$ENER_FIT:
-289.438599 1.280702
$MCA_CAL:
3
-2.894386E+002 1.280702E+000 0.000000E+000
$SHAPE_CAL:
3
0.000000E+000 0.000000E+000 0.000000E+000
