$SPEC_ID:
MEASURE 694.
$SPEC_REM:
DET# 1
DETDESC# MCB 25
AP# Maestro Version 6.05
$DATE_MEA:
04/07/2003 17:54:48
$MEAS_TIM:
196 200
$DATA:
0 1023
       0
       0
       0
       0
       0
       0
       0
       0
       0
       0
       0
       0
       0
       0
       0
       0
       0
       0
       0
       0
       0
       0
       0
       0
       0
       0
       0
       0
       0
       0
       0
       0
       0
       0
       0
       0
       0
       0
       0
       0
       0
       0
       0
       0
     127
     252
     300
     284
     292
     236
     284
     275
     281
     273
     266
     240
     296
     311
     282
     261
     298
     267
     282
     260
     299
     319
     330
     315
     320
     304
     301
     290
     318
     302
     344
     321
     377
     327
     320
     363
     356
     359
     379
     337
     356
     356
     369
     386
     437
     386
     429
     407
     412
     440
     451
     464
     433
     449
     474
     474
     474
     476
     449
     480
     463
     473
     442
     505
     473
     518
     495
     528
     526
     539
     532
     524
     535
     549
     539
     545
     536
     548
     604
     552
     570
     613
     581
     612
     521
     574
     565
     615
     620
     557
     595
     647
     590
     584
     603
     584
     639
     610
     546
     632
     603
     589
     624
     619
     671
     646
     642
     586
     640
     638
     669
     638
     646
     680
     663
     654
     627
     635
     645
     644
     618
     590
     633
     612
     618
     613
     645
     634
     577
     614
     625
     675
     619
     633
     633
     646
     548
     629
     555
     616
     594
     615
     639
     632
     581
     664
     637
     669
     634
     710
     643
     631
     644
     688
     724
     742
     673
     737
     681
     684
     700
     747
     723
     709
     719
     660
     742
     692
     746
     708
     667
     720
     699
     686
     641
     670
     706
     674
     660
     651
     660
     659
     615
     685
     613
     681
     651
     622
     619
     592
     578
     608
     615
     593
     609
     607
     614
     599
     588
     558
     574
     586
     585
     585
     579
     566
     554
     493
     556
     498
     498
     555
     483
     549
     567
     532
     531
     535
     577
     510
     528
     490
     520
     494
     516
     505
     516
     495
     500
     539
     511
     488
     469
     488
     460
     492
     436
     481
     471
     461
     473
     473
     472
     472
     429
     444
     441
     443
     455
     444
     408
     409
     419
     406
     425
     375
     429
     440
     442
     403
     432
     401
     385
     394
     408
     396
     410
     420
     375
     402
     397
     418
     397
     393
     395
     371
     344
     406
     391
     391
     421
     395
     390
     410
     367
     385
     373
     391
     302
     358
     353
     364
     361
     366
     349
     353
     359
     354
     357
     359
     336
     373
     331
     340
     377
     356
     326
     353
     367
     337
     343
     344
     316
     320
     314
     340
     307
     329
     319
     328
     300
     304
     335
     316
     329
     277
     290
     295
     313
     306
     299
     274
     271
     279
     255
     278
     248
     305
     245
     218
     234
     252
     255
     201
     248
     223
     242
     230
     212
     228
     198
     213
     202
     215
     204
     202
     201
     182
     204
     193
     189
     163
     187
     169
     155
     166
     191
     172
     174
     185
     159
     160
     176
     159
     174
     165
     166
     177
     145
     172
     134
     170
     137
     140
     142
     155
     151
     142
     141
     137
     143
     155
     152
     140
     143
     132
     158
     147
     133
     153
     144
     140
     120
     163
     128
     135
     128
     143
     142
     136
     108
     112
     124
     112
     138
     109
     142
     128
     115
     113
     129
     135
     139
     114
     110
     128
     119
     131
     108
     128
     118
     109
     116
     135
     107
      97
     112
     110
     111
     138
     121
     133
     108
     108
     118
     119
     109
     124
     122
     118
     101
     123
      93
     129
     133
      98
     123
     127
     133
     127
     133
     152
     120
     124
     153
     133
     121
     112
     129
     142
     162
     154
     138
     163
     181
     193
     178
     179
     181
     205
     213
     244
     237
     230
     261
     257
     275
     299
     285
     298
     345
     344
     403
     403
     429
     433
     455
     477
     512
     506
     571
     644
     632
     660
     751
     798
     809
     853
     825
     874
     978
     923
    1018
    1040
    1065
    1111
    1162
    1161
    1135
    1203
    1250
    1243
    1263
    1338
    1310
    1337
    1349
    1356
    1292
    1317
    1331
    1383
    1357
    1333
    1326
    1282
    1260
    1269
    1247
    1189
    1189
    1174
    1122
    1140
    1023
    1025
     984
     943
     887
     877
     787
     746
     757
     743
     616
     631
     585
     558
     513
     485
     470
     434
     362
     357
     340
     311
     292
     287
     232
     250
     202
     193
     167
     159
     159
     135
     132
     121
     111
     112
     110
      94
      83
      74
      65
      74
      60
      65
      62
      66
      67
      58
      48
      50
      48
      58
      42
      50
      45
      47
      53
      52
      43
      43
      59
      48
      49
      53
      54
      38
      44
      56
      53
      53
      58
      45
      43
      53
      43
      55
      41
      48
      53
      43
      44
      45
      45
      48
      58
      51
      41
      48
      64
      53
      45
      56
      44
      37
      37
      50
      52
      43
      52
      55
      54
      48
      43
      39
      47
      55
      49
      29
      46
      57
      56
      49
      45
      48
      44
      51
      50
      44
      49
      45
      35
      53
      38
      44
      34
      57
      47
      42
      42
      52
      32
      32
      51
      44
      42
      41
      35
      43
      47
      47
      47
      46
      38
      56
      36
      54
      40
      40
      56
      42
      53
      34
      38
      50
      47
      31
      41
      47
      40
      50
      46
      39
      47
      35
      40
      40
      38
      55
      50
      45
      51
      52
      46
      55
      50
      39
      43
      52
      36
      37
      36
      43
      40
      46
      51
      47
      39
      52
      46
      45
      56
      40
      40
      47
      46
      52
      41
      47
      42
      50
      58
      47
      39
      46
      41
      42
      44
      39
      28
      58
      52
      30
      43
      41
      40
      57
      55
      49
      48
      44
      30
      51
      35
      49
      34
      43
      45
      46
      40
      41
      58
      48
      55
      44
      44
      38
      38
      30
      45
      52
      42
      43
      42
      42
      37
      41
      53
      40
      38
      37
      44
      36
      48
      35
      45
      35
      58
      49
      36
      50
      50
      49
      36
      38
      39
      50
      43
      43
      52
      52
      43
      44
      50
      41
      40
      47
      42
      50
      42
      50
      38
      40
      49
      48
      53
      39
      40
      40
      45
      48
      44
      53
      48
      46
      43
      56
      54
      42
      38
      33
      45
      52
      49
      43
      35
      47
      46
      47
      43
      33
      41
      25
      51
      44
      47
      52
      42
      49
      42
      48
      40
      48
      53
      55
      50
      51
      37
      36
      55
      44
      50
      40
      52
      50
      34
      53
      39
      43
      39
      37
      44
      44
      48
      41
      48
      37
      45
      47
      44
      57
      46
      54
      38
      48
      49
      46
      52
      42
      45
      41
      48
      39
      50
      41
      50
      48
      47
      31
       1
       0
       0
       0
       0
       0
       0
       0
       0
       0
       0
       0
       0
       0
       0
       0
       0
       0
       0
       0
       0
       0
       0
       0
       0
       0
       0
       0
       0
       0
       0
       0
       0
       0
       0
       0
       0
       0
       0
       0
       0
       0
       0
       0
       0
       0
       0
       0
       0
       0
       0
       0
       0
       0
       0
       0
       0
       0
       0
       0
       0
       0
       0
       0
       0
       0
       0
       0
$ROI:
2
95 97
514 605
$PRESETS:
Real Time
200
0
$ENER_FIT:
-289.438599 1.280702
$MCA_CAL:
3
-2.894386E+002 1.280702E+000 0.000000E+000
$SHAPE_CAL:
3
0.000000E+000 0.000000E+000 0.000000E+000
