$SPEC_ID:
MEASURE 187.
$SPEC_REM:
DET# 1
DETDESC# MCB 25
AP# Maestro Version 6.05
$DATE_MEA:
04/09/2003 10:59:48
$MEAS_TIM:
196 200
$DATA:
0 1023
       0
       0
       0
       0
       0
       0
       0
       0
       0
       0
       0
       0
       0
       0
       0
       0
       0
       0
       0
       0
       0
       0
       0
       0
       0
       0
       0
       0
       0
       0
       0
       0
       0
       0
       0
       0
       0
       0
       0
       0
       0
       0
       0
       0
      93
     263
     260
     240
     265
     252
     261
     262
     262
     275
     279
     271
     264
     284
     293
     283
     285
     318
     291
     282
     279
     309
     322
     331
     321
     286
     284
     325
     277
     318
     317
     310
     341
     343
     336
     317
     350
     339
     355
     366
     351
     378
     408
     395
     382
     425
     418
     377
     467
     416
     446
     390
     414
     420
     488
     459
     437
     449
     463
     467
     466
     514
     489
     483
     480
     487
     510
     534
     501
     538
     537
     576
     500
     542
     524
     536
     549
     584
     541
     546
     571
     578
     572
     542
     579
     540
     546
     613
     570
     563
     565
     610
     590
     620
     591
     585
     563
     638
     619
     638
     614
     609
     580
     601
     605
     646
     635
     630
     634
     630
     602
     623
     623
     623
     610
     628
     639
     653
     624
     617
     595
     610
     615
     602
     566
     604
     600
     593
     634
     629
     597
     604
     617
     635
     599
     634
     613
     629
     652
     608
     669
     641
     667
     614
     619
     674
     675
     598
     610
     662
     624
     618
     629
     676
     657
     707
     666
     692
     699
     731
     700
     725
     692
     648
     718
     679
     745
     730
     743
     723
     705
     731
     677
     655
     670
     717
     699
     695
     663
     698
     698
     690
     655
     679
     660
     658
     619
     666
     600
     575
     574
     633
     672
     596
     572
     593
     639
     560
     642
     562
     554
     581
     536
     602
     560
     596
     546
     571
     537
     536
     545
     526
     519
     543
     565
     538
     512
     513
     541
     511
     514
     538
     531
     507
     538
     522
     494
     529
     489
     539
     481
     470
     497
     490
     497
     469
     470
     470
     438
     486
     391
     446
     448
     490
     431
     455
     434
     422
     429
     419
     437
     416
     385
     407
     432
     420
     438
     452
     440
     405
     422
     408
     379
     435
     410
     449
     385
     400
     399
     410
     404
     362
     397
     396
     404
     359
     387
     366
     386
     368
     399
     368
     403
     374
     391
     387
     392
     368
     366
     396
     359
     354
     385
     362
     377
     354
     395
     378
     367
     390
     347
     357
     340
     323
     345
     352
     340
     355
     351
     329
     327
     353
     333
     311
     346
     343
     317
     305
     311
     319
     332
     306
     320
     321
     309
     309
     317
     295
     274
     267
     298
     285
     286
     278
     290
     252
     233
     301
     285
     266
     253
     234
     232
     237
     229
     210
     243
     221
     220
     225
     189
     208
     215
     206
     186
     191
     202
     194
     203
     207
     171
     202
     190
     207
     162
     157
     171
     204
     174
     172
     177
     159
     155
     170
     182
     146
     159
     174
     172
     154
     167
     150
     142
     155
     154
     145
     159
     144
     147
     145
     126
     124
     136
     162
     134
     146
     156
     143
     132
     127
     142
     126
     121
     124
     139
     168
     111
     125
     122
     113
     145
     119
     116
     121
     130
     118
     134
     114
     103
     125
     139
     111
     124
     101
     132
     115
     135
     120
     150
     116
     135
     125
     119
     138
     114
     115
     136
     105
     109
     106
     141
     118
      95
     127
     110
     123
     117
     111
     124
     112
     114
     106
     113
      99
     120
     124
     103
     142
     124
     124
     109
     122
     108
     148
     118
     134
     112
     129
     114
     127
     129
     148
     166
     140
     157
     154
     151
     174
     161
     166
     183
     189
     194
     210
     231
     242
     231
     259
     229
     284
     289
     301
     297
     320
     371
     396
     414
     424
     475
     465
     471
     526
     540
     596
     572
     629
     659
     659
     716
     797
     778
     884
     875
     879
     921
    1024
    1006
    1056
    1081
    1104
    1126
    1163
    1172
    1176
    1232
    1250
    1297
    1248
    1334
    1315
    1316
    1308
    1399
    1365
    1385
    1280
    1362
    1364
    1299
    1245
    1314
    1244
    1198
    1184
    1134
    1089
    1129
    1072
    1057
     945
     948
     962
     865
     846
     810
     710
     702
     728
     686
     608
     583
     547
     522
     470
     401
     421
     394
     378
     342
     301
     274
     276
     234
     227
     204
     181
     174
     155
     157
     134
     128
     116
     118
      98
     105
     107
      75
      85
      61
      72
      69
      56
      59
      71
      67
      69
      45
      53
      56
      64
      42
      50
      57
      52
      57
      60
      41
      53
      49
      54
      53
      61
      48
      55
      51
      44
      41
      63
      47
      40
      42
      49
      60
      55
      58
      45
      48
      50
      53
      63
      48
      36
      46
      36
      51
      48
      59
      49
      47
      41
      69
      48
      41
      45
      55
      61
      46
      46
      37
      52
      49
      40
      59
      41
      45
      48
      49
      46
      62
      45
      44
      46
      55
      39
      41
      47
      54
      46
      49
      42
      33
      44
      50
      33
      42
      59
      44
      47
      38
      47
      42
      42
      47
      36
      45
      56
      50
      55
      54
      47
      46
      51
      55
      47
      50
      50
      41
      32
      39
      34
      44
      32
      41
      32
      43
      43
      46
      42
      41
      49
      36
      44
      40
      38
      38
      31
      39
      54
      40
      43
      49
      42
      52
      39
      43
      44
      46
      33
      43
      46
      42
      46
      43
      45
      45
      43
      30
      38
      43
      43
      45
      47
      44
      48
      45
      37
      35
      49
      43
      52
      43
      44
      54
      49
      44
      49
      41
      45
      33
      46
      47
      47
      45
      45
      49
      52
      62
      41
      34
      36
      41
      34
      50
      40
      35
      44
      47
      37
      35
      37
      45
      48
      53
      48
      46
      48
      48
      35
      37
      47
      49
      39
      51
      45
      49
      42
      47
      37
      38
      52
      45
      43
      45
      44
      46
      40
      43
      40
      36
      48
      42
      41
      41
      40
      43
      45
      39
      54
      45
      40
      43
      39
      40
      37
      50
      42
      46
      49
      47
      41
      61
      52
      42
      48
      46
      59
      40
      36
      44
      47
      52
      43
      39
      36
      44
      42
      43
      38
      48
      47
      48
      44
      31
      39
      57
      51
      42
      43
      51
      52
      49
      46
      54
      49
      53
      47
      36
      51
      51
      42
      28
      46
      44
      44
      45
      50
      43
      29
      45
      44
      40
      45
      48
      40
      42
      45
      47
      34
      43
      24
      44
      49
      43
      47
      44
      38
      43
      48
      46
      59
      52
      45
      39
      54
      39
      42
      41
      50
      46
      47
      52
      45
      28
       1
       0
       0
       0
       0
       0
       0
       0
       0
       0
       0
       0
       0
       0
       0
       0
       0
       0
       0
       0
       0
       0
       0
       0
       0
       0
       0
       0
       0
       0
       0
       0
       0
       0
       0
       0
       0
       0
       0
       0
       0
       0
       0
       0
       0
       0
       0
       0
       0
       0
       0
       0
       0
       0
       0
       0
       0
       0
       0
       0
       0
       0
       0
       0
       0
       0
       0
$ROI:
2
95 97
514 605
$PRESETS:
Real Time
200
0
$ENER_FIT:
-289.438599 1.280702
$MCA_CAL:
3
-2.894386E+002 1.280702E+000 0.000000E+000
$SHAPE_CAL:
3
0.000000E+000 0.000000E+000 0.000000E+000
