$SPEC_ID:
MEASURE 669.
$SPEC_REM:
DET# 1
DETDESC# MCB 25
AP# Maestro Version 6.05
$DATE_MEA:
04/07/2003 15:49:48
$MEAS_TIM:
196 200
$DATA:
0 1023
       0
       0
       0
       0
       0
       0
       0
       0
       0
       0
       0
       0
       0
       0
       0
       0
       0
       0
       0
       0
       0
       0
       0
       0
       0
       0
       0
       0
       0
       0
       0
       0
       0
       0
       0
       0
       0
       0
       0
       0
       0
       0
       0
       0
     124
     277
     284
     288
     235
     293
     267
     260
     253
     261
     295
     285
     272
     277
     275
     279
     275
     299
     285
     275
     275
     314
     284
     289
     321
     328
     314
     311
     333
     314
     290
     317
     305
     364
     374
     342
     376
     348
     338
     380
     355
     368
     366
     383
     399
     373
     411
     399
     443
     429
     467
     471
     424
     484
     437
     473
     459
     509
     499
     509
     531
     455
     495
     461
     499
     503
     510
     527
     534
     491
     565
     536
     531
     546
     533
     564
     540
     586
     568
     551
     558
     575
     590
     577
     601
     590
     598
     626
     581
     585
     535
     575
     583
     625
     623
     586
     611
     651
     626
     609
     613
     658
     619
     618
     644
     592
     613
     645
     609
     589
     626
     589
     634
     670
     620
     583
     647
     586
     637
     599
     635
     609
     628
     591
     586
     636
     664
     603
     651
     617
     553
     624
     630
     630
     634
     609
     633
     675
     637
     605
     659
     600
     645
     635
     627
     633
     639
     635
     695
     647
     682
     635
     618
     667
     684
     701
     710
     735
     657
     721
     718
     708
     688
     714
     735
     710
     685
     702
     652
     703
     645
     708
     688
     645
     656
     709
     683
     679
     694
     676
     690
     673
     618
     659
     640
     612
     674
     610
     597
     641
     594
     647
     608
     613
     629
     585
     599
     579
     549
     575
     583
     595
     580
     587
     538
     577
     515
     541
     539
     572
     536
     498
     601
     522
     538
     536
     560
     555
     542
     509
     524
     492
     563
     510
     532
     480
     497
     467
     478
     463
     466
     456
     487
     473
     488
     481
     470
     435
     471
     486
     472
     468
     437
     458
     443
     452
     470
     440
     437
     424
     420
     414
     430
     454
     434
     437
     432
     420
     381
     433
     398
     409
     399
     389
     401
     406
     399
     407
     423
     381
     380
     380
     387
     364
     386
     359
     390
     388
     361
     373
     412
     379
     390
     376
     389
     357
     374
     406
     376
     362
     359
     356
     347
     349
     384
     356
     369
     346
     357
     343
     331
     391
     364
     358
     402
     339
     358
     322
     356
     320
     331
     325
     317
     358
     313
     355
     325
     306
     315
     325
     349
     316
     279
     318
     319
     298
     316
     314
     319
     253
     258
     291
     294
     300
     268
     264
     278
     289
     241
     247
     262
     262
     225
     223
     238
     240
     205
     202
     216
     218
     195
     202
     206
     192
     211
     195
     210
     205
     189
     208
     202
     193
     161
     183
     188
     182
     173
     167
     150
     163
     166
     151
     166
     174
     141
     163
     158
     158
     157
     197
     176
     136
     159
     151
     144
     158
     133
     136
     135
     131
     146
     147
     123
     130
     148
     166
     133
     136
     132
     147
     128
     126
     135
     122
     113
     125
     131
     145
     146
     130
     142
     128
     120
     132
     130
     142
     118
     147
     127
     100
     121
     130
     129
     120
     126
     128
     127
     119
     114
     110
     113
     109
     112
     105
     125
     132
     118
     111
     105
     113
     120
      99
     110
     128
     121
     114
     119
     107
     119
     128
     111
     123
     109
     119
     126
     101
     115
     116
     126
     116
     126
     146
     141
     115
     121
     130
     133
     158
     155
     136
     144
     163
     161
     167
     166
     139
     171
     218
     166
     183
     223
     225
     215
     234
     286
     250
     271
     286
     347
     325
     383
     389
     381
     403
     440
     462
     517
     509
     503
     576
     567
     631
     643
     683
     717
     700
     787
     834
     834
     876
     926
     958
     961
     989
    1104
    1144
    1105
    1151
    1211
    1235
    1260
    1246
    1344
    1226
    1333
    1341
    1345
    1369
    1332
    1341
    1394
    1298
    1407
    1377
    1403
    1258
    1259
    1266
    1251
    1206
    1249
    1234
    1120
    1141
    1083
    1086
     969
     890
     896
     886
     843
     776
     764
     696
     638
     630
     593
     517
     484
     460
     464
     412
     375
     345
     316
     311
     308
     242
     224
     253
     210
     225
     181
     161
     142
     132
     117
     104
     134
     105
      84
      86
      96
      82
      81
      76
      63
      64
      56
      50
      66
      54
      45
      65
      57
      56
      50
      49
      53
      37
      60
      39
      52
      40
      51
      60
      43
      52
      54
      62
      51
      54
      51
      44
      47
      47
      48
      55
      40
      56
      42
      39
      52
      44
      57
      38
      47
      51
      52
      47
      51
      51
      51
      53
      37
      50
      57
      51
      46
      44
      44
      44
      49
      37
      41
      66
      51
      53
      53
      53
      48
      33
      55
      48
      60
      42
      55
      50
      40
      44
      52
      48
      47
      46
      35
      44
      55
      49
      43
      46
      40
      45
      49
      41
      45
      46
      45
      46
      44
      51
      51
      43
      39
      36
      57
      54
      53
      49
      42
      34
      37
      57
      48
      42
      41
      33
      54
      41
      33
      49
      48
      37
      39
      36
      48
      31
      43
      49
      50
      42
      37
      38
      35
      36
      49
      31
      32
      43
      37
      51
      49
      53
      36
      47
      37
      49
      40
      39
      37
      50
      45
      42
      37
      38
      37
      47
      52
      25
      50
      47
      34
      36
      32
      47
      43
      37
      48
      40
      28
      43
      45
      42
      47
      45
      46
      47
      43
      43
      47
      35
      53
      52
      45
      41
      41
      50
      37
      39
      55
      48
      48
      33
      39
      52
      29
      52
      52
      38
      39
      43
      49
      49
      42
      42
      40
      46
      44
      40
      41
      46
      52
      32
      45
      41
      50
      39
      53
      39
      34
      39
      44
      52
      29
      43
      43
      51
      37
      53
      39
      59
      44
      39
      48
      37
      46
      43
      50
      42
      50
      38
      43
      38
      45
      48
      40
      43
      44
      47
      38
      37
      38
      39
      46
      44
      49
      46
      50
      42
      56
      47
      53
      49
      45
      50
      50
      43
      47
      54
      44
      38
      53
      43
      41
      49
      53
      45
      47
      48
      52
      45
      43
      52
      53
      49
      47
      46
      52
      43
      38
      47
      48
      61
      60
      45
      47
      33
      59
      49
      45
      55
      42
      56
      46
      46
      46
      51
      51
      45
      50
      52
      49
      52
      52
      46
      41
      37
      45
      40
      50
      45
      55
      38
      49
      43
      47
      58
      43
      49
      45
      47
      51
      35
       3
       0
       0
       0
       0
       0
       0
       0
       0
       0
       0
       0
       0
       0
       0
       0
       0
       0
       0
       0
       0
       0
       0
       0
       0
       0
       0
       0
       0
       0
       0
       0
       0
       0
       0
       0
       0
       0
       0
       0
       0
       0
       0
       0
       0
       0
       0
       0
       0
       0
       0
       0
       0
       0
       0
       0
       0
       0
       0
       0
       0
       0
       0
       0
       0
       0
       0
       0
$ROI:
2
95 97
514 605
$PRESETS:
Real Time
200
0
$ENER_FIT:
-289.438599 1.280702
$MCA_CAL:
3
-2.894386E+002 1.280702E+000 0.000000E+000
$SHAPE_CAL:
3
0.000000E+000 0.000000E+000 0.000000E+000
