$SPEC_ID:
No sample description was entered.
$SPEC_REM:
DET# 1
DETDESC# MCB 25
AP# Maestro Version 6.05
$DATE_MEA:
03/08/2003 03:34:18
$MEAS_TIM:
200 284
$DATA:
0 1023
       0
       0
       0
       0
       0
       0
       0
       0
       0
       0
       0
       0
       0
       0
       0
       0
       0
       2
     400
     509
     525
     488
     504
     507
     520
     519
     493
     504
     518
     527
     528
     508
     538
     543
     509
     533
     580
     540
     535
     541
     527
     572
     519
     542
     539
     516
     546
     553
     557
     555
     556
     548
     522
     580
     539
     528
     536
     548
     588
     556
     551
     573
     553
     601
     605
     534
     624
     618
     647
     599
     618
     620
     672
     592
     668
     635
     633
     672
     651
     657
     686
     706
     693
     751
     680
     746
     724
     708
     752
     770
     727
     779
     815
     801
     762
     832
     889
     818
     872
     808
     841
     861
     855
     888
     843
     880
     849
     949
     875
     944
     908
     972
     882
     985
     951
    1020
     972
     947
     968
     970
     959
     969
     991
     985
    1031
    1058
    1033
    1046
     991
     975
    1039
    1008
    1029
    1090
    1046
    1085
    1043
    1057
    1080
    1031
    1147
    1036
    1145
    1088
    1063
    1132
    1076
    1061
    1064
    1135
    1074
    1049
    1090
    1101
    1112
    1102
    1081
    1148
    1127
    1093
    1105
    1105
    1113
    1119
    1096
    1102
    1019
    1065
    1166
    1093
    1122
    1038
    1068
    1147
    1107
    1124
    1078
    1092
    1139
    1156
    1133
    1129
    1161
    1183
    1155
    1216
    1269
    1181
    1286
    1238
    1307
    1283
    1314
    1341
    1362
    1269
    1411
    1373
    1377
    1368
    1324
    1391
    1387
    1345
    1306
    1439
    1344
    1335
    1339
    1340
    1303
    1339
    1329
    1218
    1292
    1301
    1248
    1240
    1196
    1185
    1194
    1264
    1185
    1161
    1207
    1119
    1139
    1130
    1059
    1118
    1102
    1123
    1066
    1077
    1126
    1135
    1118
    1066
    1054
    1047
    1098
    1066
    1041
    1059
    1060
    1023
    1034
    1028
    1021
    1030
     995
     996
     957
    1047
    1033
     993
     982
     977
     976
     974
     915
     965
     952
     986
     955
     918
     961
    1007
     901
     929
     968
     956
     964
     951
     871
     884
     931
     910
     912
     907
     863
     878
     917
     851
     868
     825
     875
     888
     927
     824
     861
     843
     846
     851
     822
     832
     841
     856
     831
     793
     818
     798
     777
     843
     793
     820
     811
     839
     828
     748
     761
     815
     793
     724
     785
     783
     785
     767
     798
     772
     753
     741
     740
     778
     730
     739
     752
     720
     736
     744
     773
     799
     725
     728
     737
     754
     767
     744
     746
     753
     726
     660
     744
     714
     736
     728
     707
     673
     741
     736
     721
     661
     682
     721
     709
     635
     620
     631
     658
     605
     634
     610
     600
     601
     604
     605
     593
     588
     561
     548
     550
     493
     519
     542
     513
     499
     516
     483
     458
     505
     481
     480
     438
     484
     458
     435
     472
     401
     430
     413
     458
     384
     413
     419
     409
     402
     409
     429
     405
     386
     360
     407
     361
     366
     358
     358
     400
     374
     352
     347
     339
     326
     335
     358
     354
     321
     343
     356
     349
     318
     342
     356
     334
     334
     321
     342
     343
     307
     296
     344
     325
     343
     291
     312
     280
     318
     305
     337
     317
     307
     304
     290
     298
     311
     315
     284
     285
     289
     319
     315
     285
     292
     300
     276
     242
     264
     296
     306
     282
     296
     262
     298
     296
     276
     298
     295
     286
     281
     271
     294
     313
     275
     264
     310
     311
     278
     284
     298
     304
     285
     274
     275
     282
     281
     289
     311
     309
     275
     306
     309
     299
     315
     287
     322
     315
     309
     319
     306
     335
     326
     309
     355
     348
     343
     371
     375
     404
     436
     399
     443
     467
     447
     477
     501
     549
     543
     590
     630
     680
     697
     662
     811
     837
     919
    1003
     932
     997
    1085
    1143
    1179
    1261
    1360
    1427
    1462
    1534
    1589
    1773
    1842
    1932
    1907
    2018
    2134
    2244
    2265
    2308
    2445
    2508
    2579
    2697
    2635
    2809
    2736
    2842
    2935
    3006
    3046
    3001
    3004
    3054
    3067
    2970
    2989
    2973
    3086
    3007
    2987
    2823
    2870
    2770
    2761
    2691
    2563
    2551
    2537
    2489
    2274
    2229
    2101
    1962
    1931
    1787
    1761
    1584
    1551
    1411
    1436
    1248
    1320
    1058
    1071
     984
     916
     807
     764
     703
     640
     601
     565
     497
     488
     439
     413
     313
     377
     312
     323
     283
     272
     236
     239
     238
     228
     189
     178
     203
     175
     173
     168
     159
     150
     152
     156
     143
     135
     142
     122
     135
     140
     144
     131
     141
     110
     116
     147
     128
     145
     140
     135
     144
     136
     130
     133
     144
     137
     151
     125
     132
     136
     141
     121
     151
     141
     138
     128
     150
     145
     118
     133
     120
     138
     110
     136
     134
     123
     113
     135
     124
     116
     124
     159
     116
     127
     119
     130
     137
     122
     146
     120
     143
     126
     101
     129
     113
     115
     102
     123
     121
     122
     108
     136
     128
     128
     130
     102
     129
     115
     116
     133
     115
     117
     112
     127
     101
     107
     128
     121
     113
     131
     127
     131
     118
     133
     115
     136
     113
     111
     126
     124
     114
     113
     109
     130
     124
     139
     107
     104
     129
     120
     142
     127
     134
     142
     126
     105
     113
     124
     114
     123
     134
     123
     123
     121
     136
     122
     123
     140
     104
     139
     110
     108
     136
     104
     123
     112
     116
     121
     105
     122
     135
     111
     140
     112
     101
     113
     106
     146
     102
     119
     108
      91
     111
     117
     128
     124
     110
     105
     112
     120
     110
     108
     110
     107
     119
     134
     108
      96
     110
     111
     125
     115
      99
     116
     113
     121
     102
     107
     126
     100
     114
     128
     104
      96
     129
     122
     107
     115
     111
     121
     128
     114
     118
     126
     114
     114
     135
     127
     107
     120
      95
     103
     110
     108
     111
     117
     119
      96
     114
     121
     124
      98
     106
     109
     127
     106
     109
     135
     120
     122
     110
     101
     105
     127
     117
     133
     119
     125
     103
     102
     109
     113
     127
     121
     117
     105
     114
     123
     128
     117
     109
     103
     118
     111
     103
     136
     113
     107
     107
     113
     116
     120
     109
     113
      94
     115
     118
     124
     104
      98
     117
     115
     104
     109
     108
      99
     105
      96
     114
     142
     118
     116
     103
     114
     101
     116
     133
     101
     121
     106
      96
     105
     104
     118
     115
     120
     132
     110
     119
     132
     108
     135
     122
     109
     125
     107
     109
     116
     107
     126
     119
     108
     116
     117
     119
     119
     129
     106
      99
     105
     104
     106
     119
     110
     108
     121
     109
      88
     114
     120
     119
     106
     111
     135
     111
     120
     105
     117
     120
     138
     130
     136
      26
       3
       0
       0
       0
       0
       0
       0
       0
       0
       0
       0
       0
       0
       0
       0
       0
       0
       0
       0
       0
       0
       0
       0
       0
       0
       0
       0
       0
       0
       0
       0
       0
       0
       0
       0
       0
       0
       0
       0
       0
       0
       0
       0
       0
       0
       0
       0
       0
       0
       0
       0
       0
       0
       0
       0
       0
       0
       0
       0
       0
       0
       0
       0
       0
       0
       0
       0
       0
       0
       0
       0
       0
       0
$ROI:
0
$PRESETS:
Live Time
200
0
$ENER_FIT:
-289.438599 1.280702
$MCA_CAL:
3
-2.894386E+002 1.280702E+000 0.000000E+000
$SHAPE_CAL:
3
0.000000E+000 0.000000E+000 0.000000E+000
