$SPEC_ID:
MEASURE 327.
$SPEC_REM:
DET# 1
DETDESC# MCB 25
AP# Maestro Version 6.05
$DATE_MEA:
04/30/2003 22:35:53
$MEAS_TIM:
200 202
$DATA:
0 1023
       0
       0
       0
       0
       0
       0
       0
       0
       0
       0
       0
       0
       0
       0
       0
       0
       0
       0
       0
       0
       0
       0
       0
       0
       0
       0
       0
       0
       0
       0
       0
       0
       0
       0
       0
       0
       0
       0
       0
       0
       0
       0
       0
       0
       0
       0
       0
       0
       0
       0
       0
       0
       0
       0
       0
       0
       0
       0
       0
       0
       0
       0
       0
       0
       0
       0
       0
       0
       0
       0
       1
       0
       1
       2
       0
       1
       3
       0
       1
       1
       2
     361
     502
     480
     537
     559
     524
     550
     508
     517
     576
     614
     575
     569
     589
     593
     569
     601
     602
     634
     579
     596
     622
     587
     660
     637
     647
     642
     662
     653
     658
     681
     651
     662
     737
     650
     722
     728
     696
     715
     724
     689
     686
     738
     727
     673
     720
     693
     756
     636
     671
     756
     696
     737
     688
     680
     738
     721
     663
     679
     686
     710
     677
     714
     720
     768
     679
     699
     732
     694
     650
     737
     665
     720
     697
     668
     680
     724
     737
     698
     740
     734
     773
     698
     761
     760
     800
     784
     792
     754
     783
     767
     786
     796
     800
     782
     809
     837
     785
     802
     808
     773
     784
     801
     773
     769
     768
     774
     766
     781
     764
     745
     745
     728
     728
     721
     678
     749
     683
     678
     660
     681
     627
     665
     654
     651
     638
     616
     619
     612
     673
     644
     626
     643
     610
     667
     613
     599
     587
     575
     634
     605
     576
     609
     604
     566
     575
     550
     574
     594
     562
     550
     561
     529
     532
     504
     540
     486
     514
     487
     511
     536
     505
     477
     493
     475
     454
     482
     462
     550
     469
     483
     457
     474
     460
     458
     478
     467
     470
     487
     452
     450
     478
     460
     440
     450
     406
     440
     440
     443
     420
     389
     427
     442
     409
     397
     441
     394
     448
     429
     390
     409
     403
     430
     454
     385
     424
     421
     399
     432
     388
     396
     371
     392
     378
     379
     451
     380
     363
     371
     369
     408
     351
     362
     363
     354
     332
     379
     356
     351
     379
     343
     307
     327
     321
     310
     342
     305
     290
     287
     284
     309
     309
     285
     299
     268
     275
     279
     290
     259
     252
     227
     256
     218
     232
     229
     259
     232
     225
     235
     201
     211
     240
     218
     218
     216
     193
     193
     189
     199
     172
     184
     176
     170
     174
     177
     196
     161
     170
     184
     170
     189
     168
     188
     166
     154
     162
     159
     140
     161
     148
     150
     157
     165
     142
     157
     146
     151
     156
     161
     160
     135
     126
     136
     136
     141
     130
     159
     161
     137
     130
     157
     142
     130
     159
     133
     139
     143
     130
     113
     139
     153
     133
     135
     128
     143
     127
     139
     136
     112
     135
     124
     137
     134
     155
     118
     104
     118
     148
     120
     139
     137
     141
     137
     136
     136
     134
     152
     148
     122
     144
     156
     153
     164
     156
     155
     169
     188
     166
     178
     180
     221
     214
     228
     211
     240
     220
     264
     280
     307
     298
     375
     327
     369
     400
     447
     448
     489
     490
     543
     548
     606
     668
     676
     727
     804
     828
     890
     889
     982
    1124
    1038
    1122
    1096
    1195
    1232
    1256
    1336
    1319
    1310
    1409
    1411
    1427
    1474
    1476
    1460
    1479
    1456
    1510
    1466
    1455
    1372
    1385
    1343
    1336
    1309
    1303
    1209
    1183
    1187
    1032
     994
     993
     952
     887
     860
     773
     763
     658
     648
     596
     547
     535
     433
     383
     396
     386
     345
     310
     261
     268
     215
     203
     148
     168
     160
     119
     127
     128
     103
      90
      88
      81
      86
      62
      92
      65
      52
      65
      73
      62
      73
      71
      69
      61
      68
      52
      55
      52
      63
      64
      44
      68
      55
      59
      55
      56
      51
      48
      51
      59
      49
      53
      56
      55
      56
      54
      45
      49
      63
      62
      63
      52
      69
      41
      51
      54
      48
      52
      49
      53
      58
      45
      57
      51
      48
      47
      51
      55
      48
      49
      39
      57
      49
      40
      61
      57
      50
      45
      46
      59
      37
      55
      50
      54
      63
      45
      55
      39
      51
      39
      47
      52
      45
      37
      46
      43
      49
      54
      37
      53
      40
      44
      55
      45
      59
      46
      48
      55
      50
      49
      51
      51
      45
      53
      68
      49
      59
      51
      50
      48
      42
      51
      47
      36
      50
      50
      59
      53
      42
      37
      45
      43
      48
      39
      54
      62
      47
      40
      55
      42
      57
      42
      40
      47
      35
      46
      54
      49
      39
      46
      39
      49
      45
      54
      40
      46
      43
      58
      40
      53
      48
      47
      45
      47
      49
      54
      43
      50
      46
      40
      49
      41
      49
      51
      54
      57
      53
      54
      51
      50
      36
      53
      45
      50
      51
      45
      42
      47
      63
      53
      49
      44
      44
      41
      53
      45
      59
      55
      56
      50
      58
      47
      42
      64
      42
      48
      53
      42
      39
      43
      58
      37
      66
      59
      53
      49
      42
      32
      53
      61
      60
      60
      47
      51
      56
      47
      58
      53
      47
      52
      52
      40
      50
      43
      51
      45
      49
      53
      47
      68
      56
      50
      39
      50
      45
      53
      42
      49
      54
      52
      46
      46
      46
      57
      56
      57
      58
      49
      44
      59
      57
      57
      48
      53
      48
      62
      55
      60
      50
      36
      55
      47
      67
      38
      55
      47
      58
      55
      48
      41
      48
      59
      61
      39
      55
      57
      47
      49
      53
      47
      42
      58
      72
      49
      58
      59
      69
      45
      51
      43
      47
      64
      45
      60
      64
      41
      48
      54
      47
      54
      48
      55
      55
      50
      50
      43
      48
      57
      59
      55
      59
      54
      56
      55
      50
      58
      57
      57
      53
      57
      70
      55
      78
      52
      41
      53
      37
      57
      58
      64
      59
      64
      56
      51
      61
      52
      60
      63
      58
      64
      53
      70
      60
      76
      54
      52
      49
      76
      49
      74
      63
      57
      56
      70
      67
      67
      68
      60
      50
      59
      66
      60
      53
      49
      53
      69
      71
      48
      68
      65
      60
      56
      57
      61
      73
      69
      52
      60
      54
      78
      61
      51
      61
      45
      58
      58
      54
      70
      60
      64
      60
      61
      57
      73
      73
      59
      72
      59
      76
      76
      52
      73
      55
      75
      62
      76
      69
      66
      76
      54
      69
      59
      75
      48
      64
      61
      73
      71
      63
      61
      67
      72
      59
      60
      70
      72
      60
      52
      58
      50
      53
      44
      10
       0
       1
       0
       0
       0
       0
       0
       0
       0
       0
       0
       0
       0
       0
       0
       0
       0
       0
       0
       0
       0
       0
       0
       0
       0
       0
       0
       0
       0
       1
       0
       0
       0
       0
       0
       0
       0
       0
       0
       0
       0
       0
       0
       0
       0
       0
       0
       0
       0
       1
       0
       0
       0
       0
       0
       0
       0
       0
       0
       0
$ROI:
2
382 602
1023 1023
$PRESETS:
Live Time
200
0
$ENER_FIT:
-289.438599 1.280702
$MCA_CAL:
3
-2.894386E+002 1.280702E+000 0.000000E+000
$SHAPE_CAL:
3
0.000000E+000 0.000000E+000 0.000000E+000
