$SPEC_ID:
MEASURE 327.
$SPEC_REM:
DET# 1
DETDESC# MCB 25
AP# Maestro Version 6.05
$DATE_MEA:
04/30/2003 22:10:48
$MEAS_TIM:
200 202
$DATA:
0 1023
       0
       0
       0
       0
       0
       0
       0
       0
       0
       0
       0
       0
       0
       0
       0
       0
       0
       0
       0
       0
       0
       0
       0
       0
       0
       0
       0
       0
       0
       0
       0
       0
       0
       0
       0
       0
       0
       0
       0
       0
       0
       0
       0
       0
       0
       0
       0
       0
       0
       0
       0
       0
       0
       0
       0
       0
       0
       0
       0
       0
       0
       0
       0
       0
       0
       0
       0
       0
       0
       0
       4
       1
       1
       1
       0
       2
       1
       0
       1
       1
       2
     465
     539
     582
     552
     602
     586
     595
     588
     658
     617
     631
     642
     604
     621
     575
     692
     682
     665
     671
     628
     681
     721
     698
     695
     705
     771
     698
     732
     708
     719
     702
     757
     771
     718
     730
     743
     756
     772
     783
     745
     716
     737
     745
     736
     775
     751
     766
     732
     770
     753
     751
     787
     731
     753
     714
     713
     737
     694
     691
     721
     760
     734
     744
     709
     733
     713
     687
     706
     790
     727
     754
     824
     791
     770
     739
     772
     799
     788
     802
     796
     791
     833
     817
     821
     828
     885
     753
     917
     818
     878
     791
     824
     906
     828
     801
     856
     845
     815
     800
     781
     805
     791
     743
     755
     675
     714
     766
     699
     706
     724
     686
     774
     657
     703
     656
     648
     674
     642
     678
     617
     690
     657
     652
     610
     625
     690
     663
     609
     634
     614
     591
     583
     592
     627
     582
     594
     617
     593
     598
     576
     566
     547
     578
     521
     510
     508
     545
     563
     527
     549
     568
     549
     538
     541
     516
     500
     519
     482
     487
     551
     453
     499
     482
     421
     472
     440
     444
     466
     445
     441
     461
     475
     444
     451
     459
     408
     439
     450
     477
     399
     400
     425
     457
     455
     395
     391
     406
     420
     385
     385
     417
     424
     417
     449
     409
     436
     388
     415
     439
     425
     388
     406
     397
     407
     402
     373
     374
     389
     374
     382
     367
     369
     378
     391
     345
     295
     386
     317
     380
     322
     312
     327
     313
     307
     335
     274
     326
     306
     313
     281
     288
     281
     278
     266
     295
     297
     261
     238
     257
     221
     220
     233
     249
     240
     238
     237
     191
     206
     226
     206
     212
     212
     191
     201
     192
     207
     200
     170
     183
     190
     197
     166
     187
     204
     208
     150
     170
     187
     148
     165
     181
     151
     184
     179
     174
     172
     181
     156
     154
     178
     143
     166
     161
     150
     161
     166
     156
     168
     153
     170
     163
     182
     165
     148
     148
     157
     154
     126
     123
     151
     157
     117
     149
     165
     136
     136
     129
     155
     129
     134
     162
     129
     131
     126
     133
     164
     143
     127
     136
     155
     140
     130
     129
     156
     148
     155
     141
     148
     141
     137
     151
     162
     170
     145
     184
     163
     152
     170
     194
     190
     195
     217
     222
     254
     232
     291
     298
     311
     302
     313
     372
     398
     422
     449
     431
     515
     535
     577
     636
     638
     676
     760
     773
     878
     895
     958
     962
    1094
    1128
    1153
    1178
    1231
    1233
    1261
    1416
    1408
    1464
    1467
    1424
    1505
    1570
    1493
    1558
    1578
    1663
    1528
    1479
    1446
    1487
    1465
    1446
    1369
    1352
    1283
    1310
    1211
    1187
    1076
    1056
    1002
     899
     884
     783
     717
     680
     641
     596
     523
     478
     437
     412
     357
     373
     320
     279
     295
     237
     203
     192
     186
     161
     128
     114
     122
     110
     101
      83
      95
      93
      68
      79
      83
      78
      64
      61
      68
      64
      68
      57
      54
      58
      69
      74
      70
      45
      70
      60
      61
      57
      51
      61
      51
      52
      55
      48
      57
      55
      71
      60
      58
      67
      72
      56
      54
      56
      63
      65
      56
      71
      54
      58
      52
      58
      55
      55
      51
      49
      61
      60
      42
      56
      62
      59
      57
      62
      63
      51
      51
      58
      48
      50
      55
      54
      46
      51
      47
      40
      44
      59
      54
      49
      66
      43
      56
      59
      46
      45
      47
      46
      44
      61
      50
      53
      57
      54
      53
      55
      41
      69
      54
      44
      51
      47
      59
      55
      65
      64
      49
      54
      37
      46
      52
      44
      52
      55
      57
      47
      66
      53
      36
      45
      52
      53
      64
      50
      51
      51
      55
      41
      51
      51
      54
      55
      53
      44
      54
      58
      67
      41
      61
      52
      45
      49
      53
      46
      56
      53
      56
      73
      46
      44
      45
      47
      45
      68
      55
      58
      60
      61
      52
      66
      47
      50
      45
      56
      45
      50
      55
      44
      50
      40
      40
      44
      53
      45
      62
      41
      49
      46
      34
      50
      38
      62
      56
      55
      36
      58
      46
      51
      52
      43
      54
      48
      39
      47
      65
      55
      43
      66
      46
      43
      41
      65
      55
      60
      58
      49
      57
      60
      61
      58
      51
      44
      60
      51
      49
      50
      43
      40
      62
      54
      59
      45
      56
      59
      45
      49
      50
      48
      67
      50
      50
      50
      74
      53
      46
      62
      56
      52
      59
      49
      51
      39
      68
      51
      57
      52
      60
      50
      41
      50
      53
      54
      58
      49
      65
      59
      58
      48
      60
      52
      40
      56
      60
      56
      44
      42
      59
      55
      49
      53
      49
      59
      67
      59
      51
      54
      60
      66
      43
      44
      46
      54
      51
      48
      55
      53
      58
      56
      51
      64
      51
      69
      51
      59
      61
      55
      63
      52
      68
      50
      44
      63
      63
      59
      64
      71
      82
      67
      51
      49
      76
      63
      67
      50
      63
      58
      60
      56
      44
      60
      60
      56
      50
      73
      54
      44
      49
      51
      61
      52
      65
      68
      53
      62
      60
      70
      65
      56
      63
      44
      54
      65
      61
      71
      69
      63
      71
      63
      51
      55
      79
      57
      59
      71
      64
      62
      67
      52
      78
      58
      66
      65
      66
      73
      64
      56
      67
      51
      60
      73
      61
      57
      47
      65
      55
      59
      64
      63
      56
      68
      55
      57
      59
      61
      44
      64
      54
      52
      53
      51
      51
      54
      52
      57
      47
      52
      53
      71
      39
      43
      51
      54
      46
      59
      61
      45
      50
      44
      51
      47
      48
      41
      34
      52
      50
      39
      43
      43
      40
      38
      41
      38
      37
      43
      34
      51
      38
      46
      45
      35
      28
      41
      41
      45
      43
      36
      24
      45
      33
      32
      46
      36
      29
      37
      33
      34
      31
      37
      45
      37
      35
      24
      26
      33
      24
      22
      33
      32
      31
      25
      17
      10
       1
       0
       0
       0
       0
       0
       0
       0
       0
       0
       0
       0
       0
       0
       0
       0
       0
       0
       0
       0
       0
       0
       0
       0
       0
       0
       0
       0
       0
       0
       0
       0
       0
       0
       0
       0
       0
       0
       0
       0
       0
       0
       0
       0
       0
       0
       0
       0
       0
       0
       0
       0
       0
       0
       0
       0
       0
       0
       0
       0
$ROI:
2
382 602
1023 1023
$PRESETS:
Live Time
200
0
$ENER_FIT:
-289.438599 1.280702
$MCA_CAL:
3
-2.894386E+002 1.280702E+000 0.000000E+000
$SHAPE_CAL:
3
0.000000E+000 0.000000E+000 0.000000E+000
