$SPEC_ID:
MEASURE 069.
$SPEC_REM:
DET# 1
DETDESC# MCB 25
AP# Maestro Version 6.05
$DATE_MEA:
05/10/2003 14:29:15
$MEAS_TIM:
173 200
$DATA:
0 1023
       0
       0
       0
       0
       0
       0
       0
       0
       0
       0
       0
       0
       0
       0
       0
       0
       0
       0
       0
       0
       0
       0
       0
       0
       0
       0
       0
       0
       0
       0
       0
       0
       0
       0
       0
       0
       0
       0
       0
       0
       0
       0
       0
       0
       0
       0
       0
       0
       0
       0
       0
       0
       0
       0
       0
       0
       0
       0
       0
       0
       0
       0
       0
       0
       0
       0
       0
       0
       0
       0
       0
       0
       0
       0
       0
       0
       0
       0
       0
       0
       0
       0
       0
       0
       0
       0
       0
       0
       0
       7
      26
      17
      21
      20
      22
      26
      10
      27
      22
      25
      14
      21
      21
      17
      18
      30
      16
      26
      24
      21
      25
      26
      18
      20
      17
      23
      18
      14
      24
      19
      19
      18
      19
      17
      21
      27
      26
      19
      30
      24
      25
      20
      20
      21
      21
      24
      16
      19
      22
      33
      18
      22
      27
      18
      17
      25
      23
      22
      23
      25
      13
      24
      29
      22
      26
      14
      17
      22
      29
      26
      18
      28
      22
      16
      27
      27
      19
      16
      25
      25
      25
      16
      20
      20
      22
      23
      25
      23
      23
      21
      21
      23
      20
      18
      19
      27
      24
      25
      21
      29
      19
      28
      32
      24
      21
      29
      14
      27
      29
      25
      22
      19
      26
      24
      29
      19
      23
      24
      20
      19
      13
      33
      24
      15
      25
      26
      24
      16
      29
      15
      19
      27
      25
      31
      22
      28
      22
      23
      17
      29
      17
      26
      23
      19
      20
      21
      18
      18
      24
      18
      19
      18
      19
      28
      17
      23
      25
      16
      28
      20
      20
      16
      27
      24
      22
      15
      22
      21
      19
      22
      17
      20
      14
      24
      18
      21
      24
      22
      20
      15
      21
      17
      20
      20
      16
      15
      15
      19
      20
      15
      20
      17
      25
      22
      25
      17
      24
      21
      29
      22
      20
      20
      20
      21
      23
      25
      24
      35
      17
      27
      26
      12
      30
      23
      19
      28
      25
      22
      16
      24
      31
      21
      29
      22
      19
      17
      25
      25
      25
      25
      20
      16
      21
      21
      19
      25
      28
      23
      15
      27
      24
      16
      21
      20
      19
      18
      23
      26
      24
      25
      17
      30
      33
      13
      18
      13
      29
      24
      24
      29
      14
      15
      18
      14
      17
      12
      12
      19
      13
      17
      14
      24
       8
      17
      10
       7
      10
      10
      10
       5
      11
       8
       6
       6
       5
       9
       7
       6
      10
      12
       5
       5
       1
       4
       7
       7
       6
       4
       5
       4
       5
       5
       2
       6
       3
       3
       5
       2
       2
       6
       2
       3
       1
       4
       1
       8
       5
       3
       1
       1
       0
       1
       6
       0
       2
       1
       2
       6
       2
       3
       4
       1
       0
       2
       3
       1
       1
       1
       2
       3
       2
       2
       1
       2
       0
       1
       2
       1
       2
       2
       4
       0
       1
       1
       0
       1
       2
       0
       0
       2
       2
       0
       1
       1
       1
       2
       2
       3
       2
       4
       1
       0
       1
       2
       1
       2
       2
       1
       3
       1
       1
       2
       2
       2
       2
       0
       3
       1
       2
       1
       1
       1
       2
       0
       4
       0
       2
       2
       4
       3
       4
       2
       3
       4
       3
       8
       9
       4
       6
       5
      12
      16
      20
      14
      26
      19
      24
      37
      35
      26
      34
      48
      44
      51
      50
      68
      79
      77
      97
      78
      96
     120
      94
     126
     133
     140
     150
     179
     215
     191
     185
     186
     209
     236
     241
     258
     235
     249
     271
     281
     271
     322
     290
     283
     294
     280
     288
     311
     318
     314
     274
     261
     268
     295
     266
     249
     253
     260
     217
     224
     222
     211
     214
     179
     181
     149
     173
     145
     147
     118
     127
     119
      88
     100
      91
      65
      73
      66
      63
      55
      55
      49
      31
      27
      27
      38
      19
      28
      23
      12
      12
      14
      16
      15
       9
       5
      12
       7
       5
       4
       4
       5
       4
       1
       2
       2
       3
       1
       3
       0
       0
       0
       0
       1
       2
       1
       0
       1
       0
       0
       0
       1
       0
       0
       0
       0
       2
       0
       0
       0
       1
       0
       1
       1
       0
       0
       0
       1
       0
       1
       1
       0
       0
       0
       2
       1
       0
       1
       0
       1
       0
       2
       1
       0
       2
       0
       0
       0
       1
       0
       0
       0
       1
       1
       0
       0
       0
       1
       1
       0
       0
       0
       0
       1
       0
       1
       0
       0
       1
       0
       0
       1
       0
       1
       0
       1
       0
       1
       1
       0
       0
       0
       0
       0
       0
       1
       0
       0
       0
       0
       0
       0
       0
       1
       0
       0
       0
       0
       1
       0
       1
       0
       0
       0
       1
       0
       1
       0
       0
       1
       1
       0
       0
       0
       1
       0
       0
       0
       1
       0
       1
       0
       0
       1
       0
       0
       0
       1
       0
       0
       1
       0
       0
       1
       0
       0
       0
       0
       0
       0
       0
       0
       0
       0
       0
       0
       1
       0
       0
       1
       0
       0
       0
       0
       0
       1
       0
       0
       0
       0
       0
       0
       1
       0
       0
       0
       0
       0
       0
       0
       1
       0
       0
       0
       0
       0
       1
       0
       0
       0
       0
       0
       0
       0
       1
       0
       0
       0
       0
       2
       0
       0
       0
       0
       0
       1
       0
       0
       0
       0
       1
       0
       0
       0
       0
       0
       0
       1
       0
       1
       2
       0
       1
       0
       0
       0
       0
       0
       0
       0
       0
       1
       0
       0
       0
       0
       0
       0
       0
       1
       0
       0
       0
       1
       0
       0
       0
       0
       0
       1
       0
       0
       1
       0
       1
       0
       0
       0
       0
       0
       0
       0
       0
       0
       0
       0
       0
       0
       0
       0
       0
       0
       1
       1
       0
       0
       0
       1
       1
       0
       0
       0
       0
       0
       0
       0
       0
       0
       0
       0
       0
       1
       0
       0
       0
       0
       0
       0
       0
       0
       0
       0
       1
       0
       0
       0
       0
       0
       0
       0
       0
       0
       0
       0
       0
       0
       0
       0
       0
       0
       0
       0
       1
       0
       0
       0
       1
       0
       0
       0
       0
       0
       0
       0
       0
       0
       0
       0
       0
       0
       0
       0
       0
       0
       0
       0
       0
       0
       0
       0
       0
       0
       0
       0
       0
       0
       0
       0
       0
       0
       0
       0
       0
       0
       0
       0
       0
       0
       0
       0
       0
       0
       0
       0
       0
       0
       0
       0
       0
       0
       0
       0
       0
       0
       0
       0
       0
       0
       0
       0
       0
       0
       0
       0
       0
       0
       0
       0
       0
       0
       0
       0
       0
       0
       0
       0
       0
       0
       0
       0
       0
       0
       0
       0
       0
       0
       0
       0
       0
       0
       0
       0
       0
       0
$ROI:
3
327 335
448 614
1023 1023
$PRESETS:
Real Time
200
0
$ENER_FIT:
-289.438599 1.280702
$MCA_CAL:
3
-2.894386E+002 1.280702E+000 0.000000E+000
$SHAPE_CAL:
3
0.000000E+000 0.000000E+000 0.000000E+000
