$SPEC_ID:
MEASURE 072.
$SPEC_REM:
DET# 1
DETDESC# MCB 25
AP# Maestro Version 6.05
$DATE_MEA:
05/10/2003 14:50:21
$MEAS_TIM:
174 200
$DATA:
0 1023
       0
       0
       0
       0
       0
       0
       0
       0
       0
       0
       0
       0
       0
       0
       0
       0
       0
       0
       0
       0
       0
       0
       0
       0
       0
       0
       0
       0
       0
       0
       0
       0
       0
       0
       0
       0
       0
       0
       0
       0
       0
       0
       0
       0
       0
       0
       0
       0
       0
       0
       0
       0
       0
       0
       0
       0
       0
       0
       0
       0
       0
       0
       0
       0
       0
       0
       0
       0
       0
       0
       0
       0
       0
       0
       0
       0
       0
       0
       0
       0
       0
       0
       0
       0
       0
       0
       0
       0
       0
       7
      13
      23
      20
      28
      23
      18
      25
       9
      21
      24
      25
      16
      26
      27
      25
      12
      19
      21
      21
      11
      18
      28
      22
      15
      23
      26
      14
      24
      15
      23
      27
      17
      26
      20
      24
      22
      19
      17
      20
      21
      30
      22
      22
      20
      27
      21
      18
      26
      29
      25
      17
      16
      21
      16
      25
      26
      24
      23
      23
      18
      17
      31
      24
      29
      19
      23
      20
      25
      18
      19
      13
      16
      29
      23
      29
      20
      16
      25
      27
      23
      24
      20
      24
      13
      15
      23
      17
      22
      20
      25
      21
      12
      18
      38
      18
      30
      16
      14
      25
      32
      26
      31
      25
      31
      25
      28
      22
      22
      21
      22
      22
      20
      25
      28
      19
      32
      16
      25
      24
      27
      21
      17
      21
      19
      25
      22
      18
      22
      26
      17
      19
      25
      18
      30
      23
      18
      18
      20
      17
      28
      24
      27
      16
      20
      30
      20
      15
      23
      14
      20
      22
      23
      28
      27
      19
      23
      18
      23
      21
      19
      21
      21
      26
      19
      24
      19
      23
      22
      22
      21
      25
      16
      21
      22
      22
      15
      21
      20
      18
      17
      31
      35
      14
      19
      18
      23
      18
      24
      19
      23
      18
      13
      25
      20
      34
      29
      18
      21
      18
      19
      19
      21
      18
      17
      14
      21
      17
      25
      25
      30
      14
      19
      21
      16
      24
      25
      20
      26
      26
      25
      20
      17
      31
      27
      27
      17
      24
      33
      20
      27
      27
      27
      23
      21
      22
      20
      10
      15
      16
      26
      23
      28
      18
      24
      10
      25
      22
      22
      24
      18
      23
      25
      18
      26
      22
      19
      16
       9
      18
      15
      30
      12
      17
      21
      12
      19
      12
      13
      13
      14
      20
      13
      14
      10
       8
       9
      16
      15
      16
       6
       8
       0
       8
       9
       5
      12
       5
       6
       5
       1
       4
       3
      10
       4
       4
       4
       3
       6
       4
       2
       3
       4
       4
       5
       3
       2
       4
       2
       7
       6
       4
       4
       1
       2
       1
       4
       4
       4
       2
       2
       3
       6
       2
       2
       5
       2
       3
       2
       0
       4
       3
       2
       1
       3
       4
       0
       4
       5
       2
       2
       2
       5
       1
       1
       2
       1
       0
       1
       2
       1
       1
       4
       2
       3
       2
       1
       0
       1
       4
       1
       2
       2
       0
       1
       1
       0
       1
       1
       0
       1
       2
       3
       3
       2
       2
       1
       0
       4
       4
       2
       1
       1
       3
       4
       2
       2
       3
       2
       3
       3
       4
       2
       4
       3
       2
       5
       5
       7
       6
       6
      12
      10
       8
       6
      15
      15
      16
       8
      18
      18
      21
      19
      28
      26
      31
      37
      37
      46
      39
      43
      51
      61
      62
      76
      68
      69
      75
      81
      84
     110
     119
     135
     136
     133
     115
     131
     170
     137
     184
     149
     182
     180
     174
     179
     197
     207
     194
     209
     214
     221
     229
     202
     232
     222
     199
     217
     217
     187
     240
     215
     206
     215
     200
     208
     191
     164
     174
     174
     171
     144
     144
     119
     138
     118
     141
     105
     109
     100
      91
      74
      72
      89
      64
      47
      43
      52
      38
      35
      38
      26
      20
      23
      23
      16
      21
      23
       9
      14
      10
      11
       7
       8
       7
       6
       3
      10
       3
       3
       2
       2
       2
       0
       1
       2
       2
       1
       0
       0
       1
       1
       1
       0
       1
       0
       1
       0
       0
       0
       0
       0
       2
       0
       0
       2
       2
       2
       0
       1
       0
       0
       0
       0
       0
       0
       0
       1
       2
       1
       0
       0
       0
       1
       0
       0
       1
       0
       0
       1
       1
       0
       0
       1
       0
       0
       0
       1
       0
       0
       0
       0
       1
       1
       0
       1
       0
       1
       0
       2
       1
       0
       0
       0
       0
       0
       0
       0
       2
       0
       1
       0
       0
       2
       0
       0
       0
       0
       0
       0
       0
       1
       1
       0
       0
       0
       0
       0
       0
       1
       1
       0
       2
       0
       0
       0
       0
       0
       0
       0
       0
       0
       0
       0
       0
       2
       0
       0
       0
       0
       0
       0
       0
       0
       0
       0
       0
       0
       0
       1
       1
       0
       0
       0
       0
       0
       1
       0
       0
       0
       0
       0
       0
       0
       0
       0
       0
       1
       0
       0
       0
       0
       0
       0
       0
       0
       0
       1
       1
       1
       0
       0
       0
       0
       1
       0
       1
       0
       1
       0
       1
       0
       0
       1
       0
       1
       0
       0
       1
       0
       0
       0
       0
       0
       0
       0
       0
       0
       0
       1
       1
       0
       1
       1
       1
       0
       0
       0
       0
       1
       0
       0
       0
       0
       0
       0
       1
       0
       0
       0
       0
       0
       0
       0
       0
       0
       0
       0
       0
       0
       0
       0
       0
       0
       0
       0
       0
       0
       1
       1
       0
       0
       0
       0
       0
       0
       0
       1
       0
       0
       0
       0
       0
       0
       0
       0
       0
       0
       1
       0
       0
       0
       0
       0
       3
       0
       1
       0
       0
       0
       0
       0
       0
       0
       0
       1
       0
       0
       0
       0
       1
       0
       0
       0
       0
       0
       1
       0
       0
       0
       1
       0
       1
       0
       0
       0
       0
       1
       0
       0
       1
       1
       0
       0
       0
       0
       0
       0
       0
       0
       0
       0
       0
       0
       0
       0
       1
       0
       0
       0
       0
       0
       0
       2
       0
       0
       0
       0
       0
       0
       0
       0
       0
       0
       1
       0
       0
       0
       0
       0
       0
       0
       0
       0
       2
       0
       0
       0
       0
       0
       0
       0
       0
       0
       0
       0
       0
       0
       0
       0
       0
       0
       0
       0
       0
       0
       0
       0
       0
       0
       0
       0
       0
       0
       0
       0
       0
       0
       0
       0
       0
       0
       0
       0
       0
       0
       0
       0
       0
       0
       0
       0
       0
       0
       0
       0
       0
       0
       0
       0
       0
       0
       0
       0
       0
       0
       0
       0
       0
       0
       0
       0
       0
       0
       0
       0
       0
       0
       0
       0
       0
       0
       0
       0
       0
       0
       0
       0
       0
       0
       0
       0
       0
       0
       0
       0
$ROI:
3
327 335
448 614
1023 1023
$PRESETS:
Real Time
200
0
$ENER_FIT:
-289.438599 1.280702
$MCA_CAL:
3
-2.894386E+002 1.280702E+000 0.000000E+000
$SHAPE_CAL:
3
0.000000E+000 0.000000E+000 0.000000E+000
