$SPEC_ID:
MEASURE 142.
$SPEC_REM:
DET# 1
DETDESC# MCB 25
AP# Maestro Version 6.05
$DATE_MEA:
05/10/2003 23:02:41
$MEAS_TIM:
185 200
$DATA:
0 1023
       0
       0
       0
       0
       0
       0
       0
       0
       0
       0
       0
       0
       0
       0
       0
       0
       0
       0
       0
       0
       0
       0
       0
       0
       0
       0
       0
       0
       0
       0
       0
       0
       0
       0
       0
       0
       0
       0
       0
       0
       0
       0
       0
       0
       0
       0
       0
       0
       0
       0
       0
       0
       0
       0
       0
       0
       0
       0
       0
       0
       0
       0
       0
       0
       0
       0
       0
       0
       0
       0
       0
       0
       0
       0
       0
       0
       0
       0
       0
       0
       0
       0
       0
       0
       0
       0
       0
       0
       0
       1
       9
       4
       5
       2
       2
       4
       1
       4
       2
       5
       0
       1
       7
       5
       2
       2
       4
       4
       7
       5
       1
       1
       2
       0
       2
       6
       3
       4
       5
       7
       5
       2
       3
       4
       3
       5
       3
       5
       8
       6
       4
       2
       2
       3
       3
       2
       4
       3
       4
       3
       3
       4
       2
       0
       3
       5
       3
       5
       3
       7
       3
       6
       4
       2
       6
       4
       2
       1
       3
       4
       5
       4
       6
       1
       5
       3
       3
       3
       8
       0
       6
       3
       5
       5
       5
       8
       3
       3
       6
       6
       7
       2
       6
       4
       3
       7
       6
       5
       9
       7
       5
       9
       3
       8
       6
      10
       5
      10
       7
       4
       6
       5
       6
       7
       7
       4
       5
       0
       6
       3
       4
       7
       9
       4
       8
       7
       2
       7
       4
       4
       8
       6
       5
       6
       2
       3
       4
       3
       7
       4
       3
       4
       5
       4
       5
       1
       1
       5
       3
       5
       3
       6
       3
       3
       3
       3
       7
       6
       4
       3
      10
       3
       0
       3
       7
       5
       3
       4
       1
       2
       6
       2
       2
       4
       1
       6
       2
       8
       4
      10
       2
       2
       8
       2
       0
       5
       9
       4
       3
       4
       4
       3
       2
       6
       6
       3
       3
       3
       2
       3
       2
       4
       5
       5
       5
       6
      10
       6
       6
       4
       5
       4
       6
       5
       4
       6
       2
       0
       6
       2
       4
       2
       2
       5
       5
       2
       6
       2
       4
       4
       6
       2
       4
       8
       3
       6
       6
       2
       1
       4
       6
       2
       3
       4
       4
       3
       5
       2
       6
       2
       5
       2
       4
       1
       4
       7
       7
       1
       4
       1
       2
       3
       1
       0
       2
       1
       1
       2
       1
       3
       1
       0
       0
       1
       1
       0
       4
       2
       1
       1
       0
       0
       1
       1
       1
       0
       0
       0
       0
       0
       0
       1
       1
       0
       1
       1
       0
       2
       1
       1
       1
       0
       0
       2
       2
       1
       1
       0
       2
       1
       1
       1
       0
       1
       1
       1
       1
       1
       1
       0
       0
       0
       0
       1
       0
       1
       2
       1
       0
       2
       0
       0
       1
       0
       0
       0
       0
       0
       0
       0
       1
       0
       2
       0
       0
       1
       0
       0
       0
       0
       0
       3
       0
       0
       0
       1
       0
       2
       0
       0
       2
       0
       1
       1
       0
       0
       0
       0
       1
       0
       0
       0
       1
       1
       0
       1
       3
       0
       2
       2
       1
       0
       1
       1
       1
       1
       1
       1
       1
       2
       2
       1
       0
       3
       4
       1
       4
       3
       2
       5
       2
       4
       2
       1
       1
       2
       4
       3
       5
      10
       5
       7
       2
       6
       9
       6
       6
       6
      12
      11
       9
      10
      11
      13
      15
       9
      15
       9
      15
      10
      14
      10
      12
      14
      16
      21
      23
      13
      15
      13
      24
      20
      23
      18
      25
      24
      20
      21
      15
      25
      31
      32
      19
      42
      26
      18
      19
      20
      24
      30
      29
      20
      20
      21
      16
      18
       7
      22
      17
      17
       7
       7
      10
      10
      15
      16
       8
       4
       6
      10
       9
       7
       4
       2
       1
       3
       1
       3
       0
       4
       2
       0
       4
       0
       1
       1
       0
       1
       1
       1
       0
       0
       0
       0
       1
       1
       0
       0
       0
       0
       0
       0
       0
       0
       0
       0
       0
       0
       1
       0
       0
       0
       0
       0
       0
       0
       0
       0
       0
       0
       0
       0
       0
       0
       0
       0
       0
       0
       0
       0
       1
       0
       0
       0
       0
       0
       0
       0
       0
       0
       0
       0
       0
       0
       0
       0
       0
       0
       0
       0
       1
       0
       0
       0
       0
       1
       0
       0
       2
       0
       0
       0
       0
       0
       0
       0
       0
       0
       0
       0
       0
       0
       0
       0
       0
       0
       0
       0
       0
       0
       0
       0
       0
       0
       0
       0
       0
       1
       0
       0
       0
       0
       0
       0
       0
       0
       0
       0
       0
       0
       0
       0
       0
       0
       0
       0
       0
       0
       0
       1
       0
       0
       0
       0
       0
       0
       0
       0
       0
       0
       0
       0
       1
       0
       0
       0
       0
       0
       1
       0
       0
       0
       1
       0
       0
       0
       0
       0
       0
       0
       0
       0
       0
       0
       0
       0
       0
       0
       0
       0
       0
       0
       0
       0
       0
       0
       0
       0
       0
       0
       0
       0
       0
       0
       0
       0
       0
       1
       0
       0
       0
       1
       0
       0
       0
       0
       0
       0
       0
       0
       0
       0
       0
       0
       0
       0
       0
       0
       0
       0
       1
       0
       0
       0
       1
       0
       0
       0
       0
       0
       0
       0
       0
       0
       0
       0
       0
       0
       0
       0
       0
       0
       0
       1
       0
       0
       0
       1
       0
       0
       0
       0
       0
       0
       0
       0
       0
       0
       0
       0
       0
       0
       0
       0
       0
       0
       0
       0
       0
       0
       0
       0
       0
       0
       0
       0
       0
       0
       0
       0
       0
       0
       0
       0
       0
       0
       0
       0
       0
       0
       0
       0
       0
       0
       0
       0
       0
       0
       1
       0
       0
       0
       0
       0
       0
       1
       0
       1
       0
       0
       0
       0
       0
       0
       1
       0
       0
       0
       0
       0
       0
       0
       0
       0
       0
       0
       0
       0
       0
       0
       0
       0
       0
       0
       0
       0
       0
       0
       0
       0
       0
       0
       1
       0
       0
       0
       0
       0
       0
       0
       0
       0
       0
       1
       0
       0
       0
       0
       0
       0
       0
       0
       1
       1
       0
       0
       0
       0
       0
       0
       0
       0
       0
       0
       0
       0
       0
       0
       0
       0
       0
       0
       0
       0
       0
       0
       0
       0
       0
       0
       0
       0
       0
       0
       0
       0
       0
       0
       0
       0
       0
       0
       0
       0
       0
       0
       0
       0
       0
       0
       0
       0
       0
       0
       0
       0
       0
       0
       0
       0
       0
       0
       0
       0
       0
       0
       0
       0
       0
       0
       0
       0
       0
       0
       0
       0
       0
       0
       0
       0
       0
       0
       0
       0
       0
       0
       0
       0
       0
       0
       0
       0
       0
       0
$ROI:
3
327 335
448 614
1023 1023
$PRESETS:
Real Time
200
0
$ENER_FIT:
-289.438599 1.280702
$MCA_CAL:
3
-2.894386E+002 1.280702E+000 0.000000E+000
$SHAPE_CAL:
3
0.000000E+000 0.000000E+000 0.000000E+000
