$SPEC_ID:
MEASURE 144.
$SPEC_REM:
DET# 1
DETDESC# MCB 25
AP# Maestro Version 6.05
$DATE_MEA:
05/10/2003 23:16:45
$MEAS_TIM:
185 200
$DATA:
0 1023
       0
       0
       0
       0
       0
       0
       0
       0
       0
       0
       0
       0
       0
       0
       0
       0
       0
       0
       0
       0
       0
       0
       0
       0
       0
       0
       0
       0
       0
       0
       0
       0
       0
       0
       0
       0
       0
       0
       0
       0
       0
       0
       0
       0
       0
       0
       0
       0
       0
       0
       0
       0
       0
       0
       0
       0
       0
       0
       0
       0
       0
       0
       0
       0
       0
       0
       0
       0
       0
       0
       0
       0
       0
       0
       0
       0
       0
       0
       0
       0
       0
       0
       0
       0
       0
       0
       0
       0
       0
       7
      13
      21
      18
      16
      22
       9
      14
      15
      17
      15
      22
      17
      14
      13
      19
      19
      17
      22
      20
      12
      15
      11
      23
      11
      21
      12
      16
      23
      26
      25
      11
      19
      18
      20
      10
      13
       9
      11
      14
      13
      13
       9
      16
      13
      16
      19
      16
      16
      21
      18
      22
      17
      19
      24
      18
      15
       7
      18
      18
      19
      21
      16
      14
      20
      12
      13
      16
      19
       9
      25
      19
      16
      20
      13
      25
      17
      16
      18
      17
      21
      16
      11
      19
      11
      12
      12
      17
      14
      14
       8
      17
      18
      16
      18
      22
      18
      13
      14
      22
      14
      13
      14
      25
      27
      10
      12
      28
      17
      15
      19
      25
      13
      13
      18
      11
      17
      20
      12
      12
      18
      18
      26
      19
      12
      21
      20
      16
      17
      22
      15
      15
      22
      16
      15
      13
      13
      24
      25
      19
      13
      20
      17
      20
      14
      12
      18
      16
      13
      17
      25
      14
      17
      16
      12
      16
      16
      15
      11
      16
      16
      24
      23
      17
      16
      15
      11
      17
      18
      17
      13
      22
      19
      15
      11
      17
      23
      11
      15
      18
      16
      14
      11
      13
      10
      15
      15
      11
      14
      16
      19
      20
      15
      14
      12
      18
      12
      14
      13
      20
      12
      12
      23
      15
      13
      16
      13
      16
      14
      21
      18
      14
      20
      15
      11
      13
      17
      18
      19
      14
      18
      14
      12
      18
      26
      22
      21
      16
      16
      18
      12
      19
      19
      16
      17
      13
      19
      12
      17
      11
       9
      21
      13
      24
      17
      19
      14
      20
      18
      15
      19
      12
      16
      14
      14
      15
      10
      13
      17
      16
      13
       8
      16
      15
       9
       9
      12
      12
       7
      15
      13
      10
       8
      11
      11
       8
       5
       6
      10
       5
       8
       4
       3
       5
       5
       3
       5
       0
       3
       2
       5
       6
       2
       3
       9
       4
       7
       5
       3
       3
       2
       3
       3
       4
       2
       1
       3
       1
       1
       2
       2
       4
       2
       4
       5
       2
       3
       5
       1
       5
       1
       3
       3
       4
       1
       3
       4
       3
       0
       1
       2
       1
       0
       4
       2
       5
       1
       0
       2
       1
       1
       1
       1
       1
       1
       0
       1
       0
       3
       3
       1
       2
       1
       1
       3
       1
       2
       1
       2
       2
       4
       2
       1
       0
       4
       4
       3
       2
       1
       2
       3
       0
       1
       1
       0
       0
       2
       0
       0
       0
       0
       2
       1
       3
       3
       1
       6
       1
       1
       2
       1
       1
       1
       3
       4
       7
       2
       6
       6
       4
       4
       7
       9
       5
       9
       6
       4
       5
      13
       8
      14
      15
      13
      19
      17
      21
      25
      18
      30
      31
      30
      37
      39
      46
      45
      48
      45
      48
      55
      69
      72
      70
      77
      84
      91
      80
      93
     100
     114
     111
     113
     120
     117
     128
     112
     126
     127
     148
     137
     160
     150
     152
     146
     148
     155
     156
     137
     165
     154
     137
     151
     175
     151
     140
     115
     146
     159
     105
     121
      99
     125
     111
      89
      80
      85
      70
      82
      69
      71
      63
      63
      64
      37
      38
      45
      46
      36
      30
      31
      26
      20
      22
      15
      13
      21
      12
      15
      10
      10
       7
       7
       8
       5
       6
       5
       4
       5
       4
       2
       3
       2
       1
       0
       1
       1
       1
       1
       2
       1
       0
       0
       0
       0
       0
       1
       2
       0
       1
       0
       0
       0
       1
       0
       0
       0
       0
       0
       0
       0
       0
       0
       0
       0
       0
       0
       1
       0
       0
       1
       0
       1
       0
       0
       0
       0
       0
       0
       0
       0
       0
       0
       0
       0
       0
       1
       0
       0
       1
       0
       0
       0
       0
       0
       0
       0
       0
       0
       0
       1
       1
       1
       0
       1
       0
       0
       1
       0
       0
       0
       0
       0
       0
       0
       0
       0
       0
       0
       0
       0
       0
       0
       1
       0
       0
       0
       1
       0
       0
       0
       1
       0
       0
       0
       0
       0
       0
       0
       0
       0
       0
       0
       0
       0
       0
       0
       0
       0
       0
       0
       0
       0
       0
       0
       0
       0
       0
       1
       0
       0
       0
       0
       0
       0
       0
       1
       0
       1
       0
       0
       0
       0
       0
       0
       0
       0
       0
       0
       0
       0
       0
       0
       0
       0
       1
       0
       1
       0
       0
       0
       0
       1
       1
       0
       0
       0
       1
       0
       0
       0
       0
       0
       0
       0
       0
       0
       0
       0
       1
       0
       0
       0
       1
       0
       1
       1
       0
       0
       0
       0
       0
       1
       0
       0
       0
       0
       0
       1
       0
       0
       0
       0
       0
       1
       0
       0
       1
       0
       0
       0
       0
       0
       0
       0
       0
       0
       0
       0
       0
       0
       1
       0
       0
       0
       0
       0
       0
       0
       0
       0
       0
       1
       0
       0
       0
       0
       0
       0
       0
       1
       0
       0
       1
       0
       0
       0
       0
       1
       0
       0
       0
       0
       0
       0
       0
       0
       0
       0
       0
       0
       0
       0
       0
       0
       0
       0
       0
       0
       0
       0
       1
       0
       0
       0
       0
       0
       0
       0
       0
       0
       0
       0
       0
       0
       0
       0
       0
       0
       1
       0
       1
       0
       0
       0
       0
       0
       0
       0
       0
       0
       0
       0
       0
       0
       0
       0
       1
       0
       0
       0
       0
       0
       0
       0
       0
       0
       0
       0
       0
       1
       1
       0
       0
       0
       0
       0
       0
       0
       0
       0
       0
       0
       0
       0
       0
       0
       0
       0
       0
       0
       0
       0
       0
       0
       0
       0
       0
       0
       0
       0
       0
       0
       0
       0
       0
       0
       0
       0
       0
       0
       0
       0
       0
       0
       0
       0
       0
       0
       0
       0
       0
       0
       0
       0
       0
       0
       0
       0
       0
       0
       0
       0
       0
       0
       0
       0
       0
       0
       0
       0
       0
       0
       0
       0
       0
       0
       0
       0
       0
       0
       0
       0
       0
       0
       0
       0
       0
       0
       0
       0
       0
       0
       0
       0
       0
       0
       0
       0
       0
       0
       0
       0
       0
       0
       0
       0
$ROI:
3
327 335
448 614
1023 1023
$PRESETS:
Real Time
200
0
$ENER_FIT:
-289.438599 1.280702
$MCA_CAL:
3
-2.894386E+002 1.280702E+000 0.000000E+000
$SHAPE_CAL:
3
0.000000E+000 0.000000E+000 0.000000E+000
