$SPEC_ID:
MEASURE 070.
$SPEC_REM:
DET# 1
DETDESC# MCB 25
AP# Maestro Version 6.05
$DATE_MEA:
05/10/2003 14:36:17
$MEAS_TIM:
174 200
$DATA:
0 1023
       0
       0
       0
       0
       0
       0
       0
       0
       0
       0
       0
       0
       0
       0
       0
       0
       0
       0
       0
       0
       0
       0
       0
       0
       0
       0
       0
       0
       0
       0
       0
       0
       0
       0
       0
       0
       0
       0
       0
       0
       0
       0
       0
       0
       0
       0
       0
       0
       0
       0
       0
       0
       0
       0
       0
       0
       0
       0
       0
       0
       0
       0
       0
       0
       0
       0
       0
       0
       0
       0
       0
       0
       0
       0
       0
       0
       0
       0
       0
       0
       0
       0
       0
       0
       0
       0
       0
       0
       0
       6
      22
      19
      24
      26
      23
      15
      26
      12
      24
      23
      24
      25
      16
      15
      15
      25
      13
      17
      15
      22
      20
      15
      19
      16
      20
      24
      21
      20
      14
      23
      29
      28
      13
      20
      21
      16
      18
      18
      30
      19
      15
      17
      25
      24
      22
      29
      18
      24
      14
      23
      17
      30
      16
      24
      21
      20
      21
      17
      25
      19
      24
      37
      18
      27
      30
      16
      22
      21
      27
      18
      23
      19
      18
      24
      20
      19
      17
      31
      25
      26
      25
      19
      22
      27
      16
      20
      20
      25
      21
      18
      26
      21
      22
      14
      19
      21
      28
      23
      27
      21
      20
      14
      23
      16
      20
      24
      27
      21
      19
      18
      17
      35
      27
      21
      30
      20
      23
      21
      26
      14
      24
      20
      21
      16
      21
      19
      19
      25
      16
      18
      25
      18
      20
      23
      12
      20
      22
      31
      23
      27
      24
      27
      18
      15
      26
      18
      27
      16
      16
      23
      22
      18
      15
      23
      13
      20
      21
      18
      19
      20
      19
      21
      27
      16
      22
      31
      17
      18
      20
      19
      17
      20
      22
      23
      22
      15
      20
      19
      16
      19
      27
      19
      15
      19
      21
      26
      32
      17
      29
      25
      20
      20
      18
      19
      22
      16
      24
      19
      18
      18
      22
      17
      31
      17
      20
      23
      21
      18
      24
      21
      24
      16
      21
      25
      20
      29
      14
      16
      20
      17
      27
      27
      20
      24
      23
      20
      23
      26
      24
      25
      25
      24
      21
      21
      24
      19
      18
      25
      19
      21
      24
      27
      23
      25
      26
      19
      29
      28
      27
      20
      25
      20
      18
      18
      25
      21
      13
      20
      23
      25
      18
      18
      20
      19
      17
      15
       8
      17
      16
      12
      11
      11
       7
      13
      11
       3
      12
      14
       6
      14
       9
       6
      12
       8
       5
       6
       7
       5
      10
      10
       8
       6
       3
       4
       5
       3
       7
       6
       2
       4
       2
       4
       7
       4
       6
       6
       2
       1
       5
       1
       2
       2
       8
       3
       2
       4
       2
       2
       3
       1
       1
       2
       2
       3
       4
       4
       2
       2
       0
       0
       3
       3
       4
       1
       0
       4
       3
       2
       1
       3
       1
       2
       1
       4
       4
       1
       0
       5
       0
       0
       1
       2
       0
       0
       1
       1
       4
       4
       1
       3
       0
       1
       1
       1
       1
       1
       0
       2
       0
       4
       3
       1
       1
       1
       1
       6
       2
       1
       2
       2
       2
       3
       3
       2
       3
       1
       1
       2
       3
       3
       3
       1
       6
       3
       1
       2
       2
       5
       3
       3
       4
       6
       3
       7
       9
       3
       8
       6
       9
      10
      10
      15
      22
      15
      14
      26
      31
      24
      38
      49
      40
      48
      58
      50
      59
      83
      78
      96
     105
      93
     115
     125
     135
     118
     146
     172
     196
     193
     189
     200
     204
     207
     218
     241
     237
     244
     261
     249
     286
     267
     258
     262
     305
     271
     288
     295
     285
     305
     295
     312
     268
     274
     249
     270
     263
     257
     267
     214
     247
     239
     212
     208
     203
     200
     179
     166
     167
     131
     146
     135
     131
     116
     109
     106
      94
      98
      71
      71
      50
      56
      43
      36
      42
      32
      36
      24
      23
      29
      20
      16
      18
      13
      12
      11
      11
       5
       5
       5
       4
       3
       6
       3
       2
       4
       4
       3
       1
       0
       1
       0
       2
       0
       0
       0
       1
       1
       0
       2
       0
       1
       0
       0
       0
       1
       1
       0
       0
       0
       1
       0
       1
       0
       0
       0
       1
       1
       0
       0
       0
       1
       3
       1
       0
       0
       1
       1
       1
       0
       0
       2
       0
       0
       0
       0
       1
       0
       0
       2
       0
       0
       0
       0
       1
       0
       0
       0
       2
       0
       0
       0
       0
       0
       0
       1
       0
       0
       1
       2
       1
       0
       1
       0
       1
       0
       2
       1
       0
       1
       0
       0
       1
       0
       1
       0
       1
       0
       1
       0
       1
       0
       0
       0
       0
       0
       0
       0
       0
       0
       0
       0
       1
       0
       1
       0
       1
       0
       0
       0
       0
       0
       0
       0
       0
       0
       0
       1
       0
       0
       0
       0
       0
       0
       0
       0
       0
       0
       0
       0
       1
       1
       0
       1
       0
       0
       1
       0
       0
       0
       1
       1
       1
       0
       0
       1
       0
       0
       1
       1
       0
       0
       1
       0
       0
       0
       0
       0
       0
       0
       1
       1
       0
       1
       0
       0
       0
       0
       0
       0
       0
       0
       0
       0
       0
       0
       0
       0
       0
       0
       0
       0
       0
       0
       0
       0
       0
       0
       0
       0
       0
       0
       0
       0
       0
       0
       0
       0
       0
       0
       1
       0
       0
       1
       0
       0
       0
       1
       0
       1
       0
       1
       0
       0
       0
       0
       0
       0
       0
       0
       0
       1
       0
       0
       0
       0
       0
       0
       0
       0
       1
       0
       0
       0
       0
       0
       2
       0
       0
       0
       0
       0
       0
       0
       0
       0
       0
       1
       0
       0
       0
       1
       0
       0
       0
       0
       0
       0
       0
       0
       0
       0
       0
       0
       0
       0
       0
       0
       0
       0
       0
       0
       0
       0
       0
       0
       0
       0
       0
       0
       0
       0
       0
       0
       0
       0
       0
       0
       1
       0
       0
       0
       0
       0
       0
       0
       0
       0
       0
       0
       0
       0
       0
       0
       0
       0
       0
       0
       0
       0
       0
       0
       0
       0
       0
       0
       0
       0
       0
       0
       0
       0
       0
       0
       2
       0
       0
       0
       0
       0
       0
       0
       0
       0
       0
       0
       0
       0
       0
       0
       0
       0
       0
       0
       0
       0
       0
       0
       0
       0
       0
       0
       0
       0
       0
       0
       0
       0
       0
       0
       0
       0
       0
       0
       0
       0
       0
       0
       0
       0
       0
       0
       0
       0
       0
       0
       0
       0
       0
       0
       0
       0
       0
       0
       0
       0
       0
       0
       0
       0
       0
       0
       0
       0
       0
       0
       0
       0
       0
       0
       0
       0
       0
       0
       0
       0
       0
       0
       0
       0
       0
       0
       0
       0
       0
       0
$ROI:
3
327 335
448 614
1023 1023
$PRESETS:
Real Time
200
0
$ENER_FIT:
-289.438599 1.280702
$MCA_CAL:
3
-2.894386E+002 1.280702E+000 0.000000E+000
$SHAPE_CAL:
3
0.000000E+000 0.000000E+000 0.000000E+000
