$SPEC_ID:
MEASURE 194.
$SPEC_REM:
DET# 1
DETDESC# MCB 25
AP# Maestro Version 6.05
$DATE_MEA:
03/15/2003 23:04:31
$MEAS_TIM:
192 200
$DATA:
0 1023
       0
       0
       0
       0
       0
       0
       0
       0
       0
       0
       0
       0
       0
       0
       0
       0
       0
     125
     251
     248
     250
     297
     254
     248
     251
     264
     247
     281
     257
     273
     295
     283
     244
     270
     280
     237
     258
     258
     291
     252
     274
     254
     312
     298
     292
     311
     290
     262
     283
     307
     300
     277
     317
     294
     289
     278
     265
     302
     304
     306
     319
     318
     310
     292
     290
     309
     312
     307
     315
     315
     318
     319
     343
     344
     330
     324
     299
     364
     335
     344
     341
     360
     379
     394
     355
     409
     404
     452
     394
     448
     409
     447
     460
     460
     447
     457
     458
     476
     461
     469
     504
     458
     492
     487
     471
     511
     530
     536
     491
     532
     534
     538
     521
     548
     551
     540
     563
     574
     576
     561
     576
     607
     605
     613
     613
     633
     591
     613
     611
     590
     612
     611
     603
     639
     639
     630
     644
     634
     641
     629
     656
     658
     670
     618
     651
     656
     688
     602
     648
     640
     660
     698
     684
     709
     708
     648
     693
     666
     664
     649
     638
     683
     706
     657
     719
     677
     632
     671
     694
     674
     665
     665
     673
     664
     653
     672
     650
     629
     690
     661
     667
     656
     686
     638
     684
     646
     625
     662
     656
     695
     716
     734
     674
     682
     678
     668
     691
     777
     698
     717
     770
     766
     766
     740
     735
     782
     786
     768
     760
     760
     821
     724
     757
     767
     809
     775
     774
     752
     779
     754
     783
     729
     701
     780
     734
     726
     730
     727
     706
     698
     716
     638
     676
     699
     721
     667
     655
     626
     657
     649
     646
     644
     662
     646
     646
     649
     628
     615
     630
     585
     601
     612
     612
     627
     568
     621
     588
     596
     554
     583
     608
     590
     592
     572
     556
     550
     606
     560
     522
     582
     580
     538
     555
     551
     587
     524
     549
     524
     501
     536
     501
     499
     532
     541
     515
     500
     511
     513
     487
     494
     487
     505
     488
     501
     472
     414
     460
     498
     468
     470
     484
     475
     464
     462
     460
     482
     472
     478
     468
     423
     442
     446
     469
     445
     391
     411
     408
     412
     420
     402
     417
     429
     415
     411
     396
     373
     428
     408
     403
     371
     384
     421
     412
     411
     417
     413
     382
     429
     411
     423
     348
     395
     363
     354
     397
     420
     382
     392
     370
     378
     400
     374
     359
     390
     384
     363
     353
     390
     396
     352
     354
     352
     332
     336
     335
     329
     334
     325
     333
     329
     307
     322
     347
     311
     318
     356
     342
     299
     283
     309
     320
     259
     355
     280
     309
     273
     270
     263
     271
     249
     285
     256
     226
     245
     225
     226
     234
     231
     227
     234
     212
     222
     222
     206
     208
     234
     218
     199
     215
     192
     220
     190
     194
     199
     187
     194
     188
     163
     159
     213
     211
     193
     196
     186
     175
     171
     164
     181
     178
     172
     173
     176
     156
     145
     139
     164
     158
     157
     153
     170
     171
     164
     158
     159
     172
     166
     160
     186
     156
     147
     152
     149
     133
     137
     130
     144
     153
     137
     133
     158
     142
     152
     150
     115
     124
     137
     162
     133
     139
     134
     137
     144
     135
     154
     144
     148
     146
     156
     147
     150
     146
     128
     130
     131
     156
     133
     152
     144
     134
     124
     139
     128
     149
     127
     115
     121
     125
     145
     119
     138
     162
     136
     142
     145
     137
     138
     132
     160
     148
     142
     133
     139
     140
     142
     151
     167
     158
     145
     178
     148
     160
     147
     134
     183
     186
     179
     184
     202
     202
     178
     180
     226
     214
     207
     225
     263
     280
     311
     279
     324
     350
     316
     360
     373
     393
     416
     466
     412
     496
     543
     512
     580
     555
     616
     679
     717
     734
     786
     809
     868
     855
     928
     878
     961
    1019
    1043
    1041
    1157
    1103
    1188
    1256
    1255
    1272
    1269
    1274
    1334
    1387
    1366
    1389
    1398
    1450
    1373
    1397
    1382
    1420
    1410
    1446
    1355
    1401
    1400
    1247
    1288
    1294
    1220
    1217
    1212
    1097
    1143
    1060
    1019
    1014
     933
     869
     833
     874
     776
     698
     662
     645
     592
     597
     575
     516
     468
     456
     439
     371
     358
     335
     328
     245
     260
     247
     230
     202
     179
     173
     148
     137
     127
     123
     116
      91
      95
     100
      83
      82
     103
      74
      82
      79
      75
      77
      64
      56
      62
      61
      53
      52
      44
      68
      52
      43
      49
      49
      49
      57
      62
      58
      42
      45
      47
      50
      58
      49
      50
      55
      59
      43
      52
      48
      52
      53
      50
      56
      70
      51
      52
      52
      39
      61
      59
      45
      41
      50
      37
      47
      59
      49
      33
      45
      44
      49
      61
      48
      49
      34
      43
      61
      53
      48
      55
      50
      63
      72
      49
      44
      54
      44
      56
      52
      36
      54
      55
      53
      51
      50
      45
      45
      51
      35
      52
      37
      50
      47
      55
      49
      48
      42
      39
      40
      48
      56
      57
      38
      59
      45
      50
      55
      47
      48
      58
      60
      61
      44
      54
      46
      37
      54
      50
      56
      44
      47
      42
      49
      40
      45
      54
      46
      43
      57
      50
      52
      46
      42
      54
      52
      49
      35
      52
      43
      36
      44
      41
      39
      44
      47
      42
      44
      52
      46
      43
      49
      40
      50
      60
      42
      38
      42
      58
      50
      48
      46
      41
      65
      57
      60
      50
      51
      47
      46
      39
      41
      54
      38
      35
      39
      36
      48
      51
      54
      47
      41
      50
      40
      59
      40
      43
      37
      58
      47
      40
      50
      36
      55
      32
      41
      37
      38
      51
      44
      44
      45
      46
      45
      52
      56
      37
      60
      60
      46
      54
      47
      58
      35
      52
      52
      51
      46
      53
      51
      51
      39
      47
      42
      61
      46
      46
      51
      47
      45
      46
      49
      42
      48
      58
      35
      46
      53
      45
      56
      37
      50
      49
      45
      48
      31
      58
      44
      35
      36
      50
      39
      59
      41
      59
      48
      49
      41
      42
      35
      46
      45
      41
      36
      51
      47
      57
      60
      38
      42
      53
      54
      43
      46
      51
      48
      34
      50
      37
      44
      43
      57
      45
      43
      61
      48
      50
      43
      50
      49
      57
      52
      43
      54
      45
      47
      50
      41
      44
      45
      62
      49
      53
      65
      54
      47
      48
      44
      44
      35
      38
      43
      61
      60
      49
      43
      58
      45
      58
      48
      51
      56
      46
      51
      52
      57
      30
       0
       0
       0
       0
       0
       0
       0
       0
       0
       0
       0
       0
       0
       0
       0
       0
       0
       0
       0
       0
       0
       0
       0
       0
       0
       0
       0
       0
       0
       0
       0
       0
       0
       0
       0
       0
       0
       0
       0
       0
       0
       0
       0
       0
       0
       0
       0
       0
       0
       0
       0
       0
       0
       0
       0
       0
       0
       0
       0
       0
       0
       0
       0
       0
       0
       0
$ROI:
2
95 97
514 605
$PRESETS:
Real Time
200
0
$ENER_FIT:
-289.438599 1.280702
$MCA_CAL:
3
-2.894386E+002 1.280702E+000 0.000000E+000
$SHAPE_CAL:
3
0.000000E+000 0.000000E+000 0.000000E+000
