$SPEC_ID:
MEASURE 502.
$SPEC_REM:
DET# 1
DETDESC# MCB 25
AP# Maestro Version 6.05
$DATE_MEA:
03/17/2003 00:44:31
$MEAS_TIM:
192 200
$DATA:
0 1023
       0
       0
       0
       0
       0
       0
       0
       0
       0
       0
       0
       0
       0
       0
       0
       0
       0
     133
     217
     238
     230
     227
     263
     242
     266
     262
     273
     248
     238
     262
     238
     273
     268
     254
     270
     242
     266
     269
     268
     268
     258
     264
     268
     276
     281
     268
     335
     306
     267
     260
     299
     275
     262
     267
     265
     280
     331
     292
     287
     284
     285
     298
     317
     290
     308
     276
     320
     300
     294
     321
     297
     317
     318
     295
     319
     355
     321
     345
     329
     337
     355
     385
     360
     318
     354
     369
     382
     394
     369
     440
     420
     405
     386
     413
     446
     475
     432
     468
     446
     471
     468
     467
     464
     486
     496
     455
     479
     482
     504
     528
     554
     498
     549
     577
     513
     545
     534
     551
     542
     528
     595
     573
     583
     591
     529
     597
     522
     577
     596
     564
     541
     575
     584
     597
     597
     632
     637
     625
     631
     622
     618
     624
     687
     611
     628
     639
     627
     596
     613
     581
     653
     629
     610
     623
     629
     653
     683
     651
     659
     625
     620
     656
     635
     631
     647
     655
     654
     662
     665
     645
     602
     599
     654
     691
     674
     658
     663
     663
     619
     637
     628
     668
     646
     673
     660
     683
     641
     707
     650
     687
     669
     694
     656
     699
     681
     700
     711
     724
     659
     666
     671
     747
     723
     704
     724
     700
     728
     776
     718
     804
     789
     785
     782
     730
     787
     822
     780
     745
     808
     814
     743
     795
     735
     740
     755
     725
     734
     711
     749
     702
     740
     716
     633
     670
     689
     705
     714
     629
     685
     633
     652
     573
     659
     666
     709
     621
     639
     591
     628
     652
     635
     590
     607
     603
     607
     599
     578
     580
     587
     598
     583
     580
     601
     578
     552
     585
     596
     545
     577
     579
     559
     554
     533
     565
     607
     513
     527
     548
     516
     549
     519
     468
     519
     546
     544
     546
     526
     498
     531
     565
     511
     492
     480
     530
     495
     465
     470
     436
     465
     456
     457
     476
     453
     431
     474
     438
     440
     455
     411
     416
     479
     444
     427
     459
     421
     411
     431
     406
     378
     426
     439
     428
     418
     407
     397
     388
     407
     412
     413
     394
     383
     392
     382
     435
     397
     414
     379
     407
     404
     385
     397
     409
     387
     368
     408
     338
     408
     396
     391
     388
     359
     382
     388
     342
     339
     369
     376
     395
     356
     339
     345
     380
     346
     351
     343
     343
     331
     365
     331
     363
     341
     330
     352
     295
     354
     318
     347
     319
     348
     341
     344
     289
     340
     281
     280
     278
     291
     280
     253
     290
     280
     279
     262
     259
     286
     241
     246
     253
     234
     244
     257
     228
     249
     240
     231
     229
     222
     228
     215
     232
     219
     234
     226
     225
     202
     202
     186
     195
     189
     165
     190
     190
     193
     190
     190
     189
     175
     176
     180
     158
     180
     177
     175
     167
     169
     152
     152
     177
     162
     180
     143
     169
     172
     144
     170
     160
     140
     166
     182
     152
     158
     149
     177
     170
     161
     153
     143
     136
     152
     144
     130
     145
     143
     146
     130
     146
     135
     135
     141
     149
     126
     158
     165
     131
     161
     156
     143
     143
     150
     138
     132
     131
     134
     131
     132
     156
     128
     124
     160
     133
     123
     130
     140
     117
     117
     119
     149
     112
     135
     120
     150
     127
     132
     129
     151
     141
     136
     136
     137
     141
     122
     112
     130
     142
     139
     138
     128
     132
     133
     146
     143
     147
     134
     159
     151
     126
     133
     134
     133
     165
     148
     139
     153
     166
     198
     190
     193
     173
     180
     190
     218
     185
     204
     246
     263
     253
     296
     289
     298
     309
     328
     331
     359
     388
     400
     442
     409
     437
     499
     494
     548
     555
     625
     610
     620
     732
     704
     759
     774
     821
     846
     897
     931
     984
    1021
    1109
    1102
    1098
    1110
    1230
    1173
    1230
    1237
    1253
    1303
    1331
    1363
    1350
    1443
    1373
    1371
    1382
    1408
    1420
    1388
    1454
    1396
    1328
    1334
    1254
    1274
    1251
    1241
    1240
    1123
    1175
    1167
    1052
    1034
    1073
    1009
     981
     929
     831
     871
     783
     730
     704
     632
     627
     622
     548
     537
     499
     456
     414
     389
     394
     361
     304
     292
     305
     235
     201
     204
     203
     171
     162
     141
     177
     139
     119
     118
     111
     102
      98
     102
      76
      90
      69
      55
      71
      63
      61
      54
      45
      62
      52
      48
      50
      58
      58
      61
      79
      62
      45
      48
      52
      61
      51
      62
      52
      57
      48
      44
      53
      47
      61
      46
      50
      54
      38
      55
      50
      43
      38
      65
      57
      49
      54
      52
      46
      42
      48
      47
      50
      52
      52
      50
      43
      41
      42
      53
      37
      49
      56
      51
      50
      48
      57
      55
      53
      53
      52
      51
      48
      60
      35
      46
      43
      56
      50
      40
      51
      49
      48
      34
      55
      42
      49
      44
      51
      42
      55
      41
      50
      48
      44
      47
      44
      33
      50
      44
      53
      53
      49
      38
      52
      48
      50
      43
      62
      51
      47
      47
      41
      42
      59
      52
      33
      38
      40
      42
      53
      39
      47
      42
      44
      41
      53
      45
      43
      49
      50
      45
      46
      42
      41
      34
      44
      48
      41
      49
      43
      48
      40
      58
      49
      42
      52
      47
      64
      44
      54
      55
      43
      51
      47
      42
      37
      46
      52
      51
      52
      38
      66
      47
      52
      47
      45
      56
      49
      57
      55
      43
      41
      46
      39
      60
      55
      47
      39
      45
      45
      51
      41
      56
      53
      46
      38
      42
      57
      46
      48
      32
      50
      45
      51
      49
      42
      49
      36
      61
      51
      40
      44
      44
      39
      38
      29
      51
      41
      50
      51
      36
      38
      45
      51
      43
      65
      47
      43
      37
      55
      42
      50
      51
      49
      49
      53
      62
      43
      51
      49
      49
      50
      46
      41
      41
      53
      48
      47
      42
      47
      43
      55
      53
      36
      48
      53
      44
      42
      53
      60
      58
      49
      51
      54
      43
      43
      51
      46
      44
      43
      40
      41
      40
      48
      61
      42
      40
      51
      46
      57
      54
      51
      49
      59
      50
      54
      40
      50
      49
      37
      44
      44
      38
      52
      37
      67
      50
      52
      51
      36
      44
      50
      56
      48
      51
      50
      41
      45
      44
      59
      56
      46
      46
      68
      59
      42
      36
      54
      60
      51
      56
      44
      42
      34
       1
       0
       0
       0
       0
       0
       0
       0
       0
       0
       0
       0
       0
       0
       0
       0
       0
       0
       0
       0
       0
       0
       0
       0
       0
       0
       0
       0
       0
       0
       0
       0
       0
       0
       0
       0
       0
       0
       0
       0
       0
       0
       0
       0
       0
       0
       0
       0
       0
       0
       0
       0
       0
       0
       0
       0
       0
       0
       0
       0
       0
       0
       0
       0
       0
       0
$ROI:
2
95 97
514 605
$PRESETS:
Real Time
200
0
$ENER_FIT:
-289.438599 1.280702
$MCA_CAL:
3
-2.894386E+002 1.280702E+000 0.000000E+000
$SHAPE_CAL:
3
0.000000E+000 0.000000E+000 0.000000E+000
