$SPEC_ID:
MEASURE 734.
$SPEC_REM:
DET# 1
DETDESC# MCB 25
AP# Maestro Version 6.05
$DATE_MEA:
03/17/2003 20:04:31
$MEAS_TIM:
192 200
$DATA:
0 1023
       0
       0
       0
       0
       0
       0
       0
       0
       0
       0
       0
       0
       0
       0
       0
       0
       0
     103
     230
     227
     231
     244
     232
     248
     267
     250
     269
     251
     269
     217
     261
     249
     246
     265
     273
     281
     273
     280
     286
     259
     282
     269
     265
     265
     307
     238
     278
     271
     266
     273
     327
     308
     296
     261
     296
     293
     321
     262
     307
     299
     287
     299
     268
     290
     318
     295
     291
     314
     286
     320
     292
     305
     348
     315
     314
     322
     316
     335
     322
     347
     311
     354
     370
     327
     377
     360
     377
     382
     404
     401
     393
     407
     386
     413
     406
     440
     438
     466
     442
     420
     448
     486
     499
     454
     472
     498
     516
     453
     497
     496
     512
     517
     539
     578
     567
     528
     503
     536
     515
     533
     509
     556
     622
     569
     609
     538
     575
     561
     538
     575
     582
     567
     599
     570
     591
     574
     602
     611
     636
     575
     607
     631
     625
     640
     615
     668
     627
     683
     635
     664
     665
     667
     606
     670
     691
     662
     637
     673
     672
     637
     602
     651
     696
     660
     679
     652
     645
     670
     690
     667
     607
     642
     669
     638
     589
     616
     640
     608
     597
     620
     643
     636
     666
     639
     681
     692
     629
     682
     611
     696
     606
     663
     680
     719
     649
     645
     669
     659
     688
     695
     667
     704
     726
     679
     663
     716
     706
     713
     750
     722
     761
     745
     742
     753
     766
     705
     694
     694
     784
     789
     742
     716
     732
     757
     747
     774
     751
     709
     705
     738
     740
     752
     668
     703
     709
     712
     656
     715
     674
     678
     707
     611
     636
     569
     614
     637
     659
     623
     634
     602
     629
     606
     629
     595
     576
     572
     639
     607
     595
     586
     591
     615
     540
     533
     585
     541
     601
     574
     558
     549
     588
     554
     536
     559
     558
     527
     518
     582
     519
     530
     473
     537
     499
     498
     512
     527
     536
     480
     486
     468
     529
     521
     515
     488
     526
     489
     475
     491
     499
     455
     460
     451
     469
     475
     470
     431
     469
     436
     421
     427
     475
     439
     435
     441
     453
     410
     402
     423
     412
     445
     394
     418
     436
     429
     432
     436
     387
     407
     373
     413
     411
     393
     453
     419
     391
     375
     384
     380
     398
     353
     373
     395
     399
     380
     382
     402
     366
     395
     403
     423
     399
     396
     377
     334
     346
     362
     380
     383
     367
     390
     363
     392
     387
     353
     358
     351
     380
     400
     333
     378
     343
     353
     329
     350
     336
     359
     387
     354
     287
     332
     324
     341
     317
     308
     307
     285
     282
     311
     297
     288
     303
     292
     287
     247
     255
     276
     229
     259
     261
     266
     241
     223
     262
     244
     218
     245
     239
     214
     204
     243
     213
     228
     212
     224
     216
     183
     177
     217
     211
     209
     181
     194
     210
     185
     183
     174
     181
     171
     172
     204
     180
     171
     172
     176
     158
     167
     183
     160
     160
     184
     169
     151
     163
     170
     137
     152
     153
     161
     132
     165
     147
     161
     177
     144
     152
     151
     131
     136
     140
     132
     151
     146
     159
     146
     141
     121
     134
     157
     140
     141
     147
     167
     143
     138
     143
     126
     146
     139
     137
     153
     128
     137
     116
     107
     137
     125
     147
     141
     116
     133
     134
     141
     128
     145
     140
     151
     147
     148
     131
     118
     132
     128
     143
     133
     121
     129
     152
     140
     130
     108
     120
     128
     103
     130
     131
     147
     130
     125
     119
     135
     133
     136
     126
     142
     116
     166
     140
     138
     134
     163
     155
     157
     166
     182
     143
     169
     165
     161
     175
     151
     182
     181
     190
     209
     205
     211
     231
     250
     255
     277
     288
     274
     287
     288
     285
     337
     342
     361
     399
     434
     415
     466
     549
     484
     555
     549
     614
     597
     649
     680
     740
     793
     785
     784
     834
     890
     892
     964
    1025
    1048
    1063
    1079
    1081
    1095
    1201
    1185
    1227
    1230
    1253
    1316
    1340
    1350
    1350
    1383
    1331
    1444
    1405
    1407
    1359
    1362
    1389
    1330
    1323
    1293
    1322
    1270
    1303
    1227
    1202
    1183
    1148
    1146
    1062
    1047
    1006
     968
     884
     842
     804
     829
     761
     745
     705
     632
     582
     603
     512
     529
     503
     466
     423
     360
     366
     360
     319
     294
     260
     251
     229
     227
     201
     166
     162
     134
     159
     120
     124
     115
      94
     107
      79
      79
      87
      75
      73
      89
      66
      68
      55
      52
      69
      54
      56
      47
      60
      52
      55
      53
      50
      54
      63
      56
      56
      45
      45
      52
      43
      46
      59
      52
      38
      53
      57
      50
      45
      59
      39
      43
      51
      53
      55
      51
      59
      40
      53
      47
      50
      41
      55
      45
      47
      46
      48
      54
      55
      48
      50
      46
      57
      61
      48
      53
      44
      61
      41
      35
      46
      37
      47
      40
      41
      59
      43
      47
      36
      48
      51
      43
      45
      52
      54
      51
      54
      37
      52
      47
      59
      59
      58
      44
      52
      49
      57
      49
      37
      49
      45
      53
      45
      61
      47
      38
      46
      45
      41
      49
      53
      51
      64
      58
      43
      48
      48
      32
      43
      45
      65
      42
      35
      50
      53
      42
      43
      36
      52
      32
      36
      36
      54
      48
      47
      55
      44
      46
      47
      42
      38
      45
      44
      49
      57
      49
      55
      58
      44
      47
      55
      38
      44
      52
      55
      52
      49
      44
      46
      52
      37
      56
      44
      53
      47
      52
      46
      45
      42
      43
      51
      37
      56
      66
      51
      40
      56
      48
      47
      42
      45
      50
      39
      51
      49
      46
      43
      49
      35
      42
      54
      55
      44
      44
      45
      58
      40
      42
      45
      51
      31
      53
      34
      46
      45
      36
      42
      46
      45
      52
      46
      52
      45
      48
      42
      36
      43
      38
      52
      55
      56
      45
      47
      53
      38
      46
      47
      43
      44
      41
      56
      44
      52
      44
      38
      44
      55
      45
      41
      61
      54
      47
      45
      32
      47
      47
      56
      46
      53
      41
      40
      44
      52
      56
      48
      49
      51
      50
      63
      48
      59
      51
      56
      51
      56
      43
      43
      48
      60
      50
      46
      48
      48
      49
      54
      54
      47
      49
      46
      56
      65
      46
      50
      50
      48
      55
      56
      52
      46
      40
      37
      29
      54
      43
      48
      48
      40
      45
      48
      48
      64
      53
      51
      35
      45
      34
      42
      42
      49
      51
      57
      35
       1
       0
       0
       0
       0
       0
       0
       0
       0
       0
       0
       0
       0
       0
       0
       0
       0
       0
       0
       0
       0
       0
       0
       0
       0
       0
       0
       0
       0
       0
       0
       0
       0
       0
       0
       0
       0
       0
       0
       0
       0
       0
       0
       0
       0
       0
       0
       0
       0
       0
       0
       0
       0
       0
       0
       0
       0
       0
       0
       0
       0
       0
       0
       0
       0
       0
$ROI:
2
95 97
514 605
$PRESETS:
Real Time
200
0
$ENER_FIT:
-289.438599 1.280702
$MCA_CAL:
3
-2.894386E+002 1.280702E+000 0.000000E+000
$SHAPE_CAL:
3
0.000000E+000 0.000000E+000 0.000000E+000
