$SPEC_ID:
MEASURE 715.
$SPEC_REM:
DET# 1
DETDESC# MCB 25
AP# Maestro Version 6.05
$DATE_MEA:
03/17/2003 18:29:31
$MEAS_TIM:
192 200
$DATA:
0 1023
       0
       0
       0
       0
       0
       0
       0
       0
       0
       0
       0
       0
       0
       0
       0
       0
       0
      89
     253
     226
     253
     247
     250
     233
     249
     249
     251
     255
     272
     238
     236
     225
     243
     282
     281
     276
     288
     243
     290
     268
     264
     261
     275
     252
     297
     272
     277
     287
     269
     275
     295
     287
     306
     273
     306
     283
     298
     290
     265
     302
     282
     291
     274
     281
     329
     304
     252
     290
     304
     303
     295
     309
     283
     329
     329
     353
     319
     356
     330
     323
     365
     349
     359
     372
     353
     380
     372
     385
     373
     398
     433
     408
     400
     415
     442
     479
     421
     409
     448
     417
     485
     460
     452
     504
     508
     479
     457
     490
     532
     546
     510
     526
     518
     517
     508
     526
     501
     519
     516
     582
     537
     539
     540
     604
     563
     601
     583
     577
     557
     585
     623
     618
     598
     597
     569
     600
     612
     635
     553
     576
     609
     635
     634
     670
     656
     617
     610
     665
     640
     668
     658
     652
     620
     634
     653
     655
     614
     682
     640
     636
     660
     644
     686
     638
     639
     628
     683
     603
     667
     700
     624
     661
     667
     630
     663
     652
     652
     666
     673
     597
     676
     689
     618
     621
     657
     624
     642
     638
     685
     691
     656
     651
     701
     666
     618
     672
     642
     693
     677
     722
     721
     739
     682
     722
     715
     748
     657
     697
     742
     773
     734
     723
     757
     766
     772
     786
     750
     779
     776
     746
     768
     728
     718
     736
     729
     759
     754
     696
     730
     772
     693
     708
     655
     674
     709
     712
     661
     699
     688
     634
     713
     694
     688
     658
     615
     621
     661
     632
     661
     704
     612
     620
     602
     568
     634
     612
     539
     607
     581
     587
     592
     556
     609
     584
     556
     558
     546
     616
     553
     569
     598
     563
     555
     566
     557
     552
     566
     532
     554
     563
     516
     508
     553
     516
     497
     538
     501
     509
     491
     499
     494
     458
     516
     495
     495
     529
     501
     506
     485
     469
     485
     455
     487
     411
     479
     456
     441
     444
     428
     447
     436
     440
     449
     449
     443
     415
     401
     426
     402
     432
     416
     451
     396
     429
     424
     428
     414
     392
     398
     429
     413
     412
     412
     381
     394
     394
     388
     431
     418
     403
     396
     405
     380
     396
     374
     370
     409
     372
     394
     394
     405
     367
     367
     400
     371
     359
     386
     371
     361
     343
     362
     352
     389
     362
     407
     352
     379
     343
     360
     355
     346
     326
     333
     338
     346
     323
     339
     319
     315
     321
     340
     319
     344
     310
     300
     279
     305
     287
     312
     309
     262
     301
     274
     281
     270
     283
     263
     256
     241
     269
     246
     240
     258
     232
     217
     263
     251
     205
     222
     217
     235
     216
     221
     185
     222
     219
     206
     210
     187
     222
     215
     202
     219
     179
     179
     189
     170
     167
     214
     203
     178
     165
     184
     207
     168
     144
     179
     183
     172
     184
     179
     198
     165
     165
     175
     147
     155
     170
     169
     182
     160
     158
     170
     142
     157
     148
     147
     137
     164
     148
     154
     158
     134
     154
     169
     138
     133
     108
     138
     144
     149
     150
     135
     116
     136
     156
     162
     119
     147
     138
     133
     135
     118
     128
     147
     127
     129
     145
     126
     109
     131
     141
     143
     113
     139
     126
     125
     126
     152
     146
     124
     115
     140
     132
     114
     138
     120
     126
     123
     149
     140
     128
     120
     130
     130
     154
     140
     133
     122
     135
     145
     141
     129
     140
     121
     131
     119
     157
     150
     144
     135
     141
     141
     151
     155
     174
     177
     185
     158
     185
     160
     185
     212
     191
     209
     234
     223
     222
     272
     277
     269
     322
     285
     322
     327
     365
     347
     385
     406
     423
     441
     480
     502
     565
     563
     577
     620
     647
     669
     716
     735
     739
     790
     826
     884
     907
     937
     974
     967
    1024
    1100
    1051
    1124
    1135
    1241
    1198
    1315
    1320
    1260
    1284
    1283
    1328
    1289
    1368
    1374
    1399
    1384
    1413
    1313
    1372
    1356
    1397
    1328
    1387
    1373
    1327
    1245
    1292
    1207
    1126
    1183
    1088
    1026
     989
     960
     956
     909
     901
     843
     766
     752
     711
     694
     650
     569
     584
     521
     497
     441
     423
     393
     367
     325
     305
     334
     224
     239
     244
     229
     210
     195
     155
     163
     136
     144
     151
     121
     113
     118
      88
      73
      95
      66
      76
      84
      66
      67
      65
      75
      52
      70
      60
      60
      66
      44
      60
      59
      42
      41
      73
      50
      47
      54
      51
      44
      55
      44
      62
      61
      56
      46
      44
      43
      59
      43
      60
      61
      52
      49
      62
      52
      48
      49
      45
      51
      41
      43
      50
      42
      46
      55
      70
      56
      53
      63
      55
      49
      56
      45
      50
      50
      45
      56
      51
      44
      30
      54
      46
      53
      51
      52
      50
      57
      51
      50
      47
      54
      44
      48
      50
      54
      42
      50
      48
      50
      54
      55
      49
      36
      46
      47
      59
      44
      49
      47
      56
      45
      38
      46
      50
      53
      53
      55
      42
      34
      50
      55
      41
      33
      63
      52
      53
      44
      48
      41
      50
      40
      44
      33
      40
      49
      54
      37
      46
      41
      50
      50
      44
      55
      38
      51
      52
      52
      37
      41
      43
      47
      34
      43
      43
      47
      50
      44
      45
      41
      45
      39
      58
      42
      38
      49
      41
      36
      46
      57
      46
      53
      42
      50
      59
      49
      56
      42
      51
      43
      45
      52
      34
      49
      47
      46
      47
      38
      40
      41
      50
      51
      35
      55
      47
      43
      48
      37
      43
      44
      39
      65
      49
      46
      49
      43
      41
      52
      45
      52
      49
      43
      48
      42
      47
      46
      55
      52
      59
      53
      46
      43
      45
      42
      36
      50
      48
      57
      47
      39
      44
      55
      50
      39
      41
      55
      55
      46
      41
      48
      42
      50
      41
      55
      42
      49
      50
      44
      50
      48
      57
      36
      36
      48
      36
      57
      52
      51
      54
      39
      45
      48
      51
      44
      49
      41
      51
      61
      47
      49
      50
      39
      44
      47
      29
      49
      60
      44
      49
      45
      50
      39
      45
      50
      46
      40
      52
      44
      45
      51
      37
      54
      45
      56
      47
      49
      36
      47
      37
      43
      42
      46
      36
      45
      46
      29
      40
      45
      38
      40
      56
      43
      44
      43
      49
      41
      37
      46
      40
      49
      48
      39
      43
       4
       0
       0
       0
       0
       0
       0
       0
       0
       0
       0
       0
       0
       0
       0
       0
       0
       0
       0
       0
       0
       0
       0
       0
       0
       0
       0
       0
       0
       0
       0
       0
       0
       0
       0
       0
       0
       0
       0
       0
       0
       0
       0
       0
       0
       0
       0
       0
       0
       0
       0
       0
       0
       0
       0
       0
       0
       0
       0
       0
       0
       0
       0
       0
       0
       0
$ROI:
2
95 97
514 605
$PRESETS:
Real Time
200
0
$ENER_FIT:
-289.438599 1.280702
$MCA_CAL:
3
-2.894386E+002 1.280702E+000 0.000000E+000
$SHAPE_CAL:
3
0.000000E+000 0.000000E+000 0.000000E+000
