$SPEC_ID:
MEASURE 651.
$SPEC_REM:
DET# 1
DETDESC# MCB 25
AP# Maestro Version 6.05
$DATE_MEA:
03/17/2003 13:09:31
$MEAS_TIM:
192 200
$DATA:
0 1023
       0
       0
       0
       0
       0
       0
       0
       0
       0
       0
       0
       0
       0
       0
       0
       0
       0
      98
     266
     271
     248
     261
     249
     258
     264
     260
     271
     264
     261
     250
     266
     234
     260
     290
     280
     255
     258
     287
     264
     275
     271
     288
     277
     272
     274
     266
     259
     257
     289
     282
     287
     300
     278
     286
     264
     285
     273
     301
     298
     288
     300
     325
     343
     310
     303
     293
     316
     319
     303
     270
     283
     327
     333
     286
     306
     322
     326
     345
     348
     360
     363
     339
     344
     315
     346
     383
     409
     350
     406
     403
     393
     398
     410
     413
     410
     452
     450
     439
     433
     464
     448
     442
     484
     482
     498
     476
     510
     488
     457
     517
     501
     462
     549
     545
     536
     490
     523
     518
     527
     571
     542
     573
     537
     565
     544
     569
     579
     594
     630
     635
     574
     600
     638
     592
     576
     611
     610
     608
     653
     632
     619
     618
     670
     631
     610
     638
     650
     672
     637
     615
     571
     625
     646
     579
     609
     681
     694
     656
     634
     613
     663
     698
     638
     646
     641
     674
     612
     668
     662
     638
     653
     674
     661
     639
     708
     638
     639
     654
     648
     609
     617
     690
     661
     654
     649
     659
     656
     689
     659
     629
     687
     616
     648
     691
     673
     649
     686
     713
     753
     662
     714
     727
     734
     721
     710
     702
     761
     749
     747
     776
     753
     764
     748
     762
     787
     768
     743
     741
     772
     775
     758
     728
     724
     806
     715
     742
     777
     743
     691
     689
     731
     682
     702
     691
     689
     672
     681
     660
     707
     655
     661
     655
     626
     639
     650
     648
     636
     642
     597
     621
     596
     610
     611
     643
     582
     604
     582
     661
     581
     589
     592
     535
     571
     584
     563
     601
     576
     581
     564
     572
     579
     589
     563
     533
     511
     565
     508
     513
     502
     532
     519
     547
     500
     527
     536
     484
     527
     520
     496
     471
     516
     479
     513
     489
     504
     475
     463
     480
     466
     476
     481
     445
     482
     520
     451
     482
     446
     438
     450
     446
     430
     456
     422
     449
     399
     434
     424
     429
     418
     439
     404
     419
     416
     442
     408
     428
     398
     384
     404
     435
     388
     399
     392
     414
     425
     429
     410
     393
     393
     404
     382
     372
     423
     371
     359
     385
     374
     383
     391
     340
     384
     374
     401
     395
     353
     362
     389
     402
     364
     355
     373
     335
     374
     357
     378
     365
     347
     346
     370
     315
     347
     357
     299
     334
     350
     351
     358
     319
     328
     323
     335
     312
     316
     306
     316
     289
     310
     294
     286
     276
     297
     306
     299
     293
     263
     287
     258
     247
     251
     263
     250
     241
     245
     231
     222
     238
     237
     220
     227
     235
     226
     189
     223
     217
     197
     221
     226
     203
     213
     181
     174
     203
     190
     189
     178
     169
     183
     189
     169
     174
     177
     179
     178
     171
     161
     153
     163
     162
     160
     163
     130
     181
     154
     170
     159
     159
     135
     155
     153
     149
     169
     162
     163
     166
     161
     156
     135
     163
     143
     136
     159
     136
     155
     158
     131
     149
     150
     127
     160
     147
     145
     143
     124
     136
     131
     132
     143
     140
     134
     122
     140
     136
     120
     134
     150
     130
     137
     145
     116
     124
     128
     137
     154
     142
     132
     144
     129
     131
     120
     132
     128
     131
     139
     130
     122
     130
     143
     121
     135
     131
     104
     144
     128
     133
     123
     118
     147
     150
     139
     127
     143
     133
     117
     139
     150
     152
     147
     161
     149
     134
     153
     183
     158
     167
     160
     183
     184
     185
     189
     197
     166
     215
     188
     230
     227
     235
     239
     271
     262
     277
     268
     307
     291
     287
     353
     387
     389
     400
     445
     470
     477
     506
     547
     583
     558
     557
     621
     667
     674
     732
     764
     828
     854
     919
     916
     924
    1029
    1012
    1007
    1113
    1147
    1159
    1125
    1225
    1257
    1239
    1278
    1297
    1316
    1338
    1356
    1397
    1386
    1371
    1371
    1378
    1367
    1396
    1397
    1391
    1290
    1356
    1285
    1307
    1215
    1195
    1189
    1178
    1111
    1133
    1127
    1089
    1035
     981
     946
     939
     908
     843
     785
     746
     681
     609
     601
     597
     582
     516
     501
     462
     434
     413
     376
     367
     337
     319
     284
     261
     236
     192
     193
     192
     152
     173
     132
     142
     127
     117
     104
      92
      82
      98
      84
      87
      64
      85
      57
      84
      75
      56
      64
      70
      58
      62
      64
      44
      60
      53
      59
      56
      56
      49
      51
      67
      52
      44
      43
      54
      45
      47
      53
      59
      48
      45
      56
      77
      60
      48
      51
      60
      58
      52
      47
      35
      65
      50
      64
      53
      48
      49
      48
      52
      56
      56
      56
      48
      55
      57
      66
      63
      41
      48
      45
      53
      44
      48
      55
      41
      68
      49
      53
      53
      45
      57
      47
      52
      58
      49
      58
      42
      56
      49
      51
      49
      38
      51
      42
      39
      50
      54
      46
      47
      48
      37
      45
      43
      48
      53
      42
      47
      42
      51
      40
      38
      48
      55
      51
      52
      47
      43
      43
      49
      45
      37
      35
      48
      43
      49
      44
      50
      51
      46
      43
      45
      29
      41
      35
      43
      51
      30
      39
      34
      51
      59
      43
      49
      40
      48
      55
      51
      43
      35
      42
      43
      42
      41
      47
      44
      49
      57
      46
      53
      42
      59
      48
      50
      42
      43
      56
      42
      37
      51
      49
      42
      41
      29
      38
      43
      51
      45
      46
      43
      44
      44
      39
      41
      47
      44
      41
      39
      48
      39
      47
      48
      48
      42
      34
      36
      32
      40
      48
      43
      46
      49
      39
      38
      38
      53
      61
      47
      50
      47
      44
      48
      46
      54
      49
      53
      51
      44
      61
      45
      42
      51
      46
      46
      45
      50
      35
      42
      40
      58
      46
      45
      50
      36
      49
      47
      38
      52
      42
      55
      46
      59
      58
      51
      42
      53
      48
      57
      47
      41
      45
      48
      42
      44
      54
      37
      31
      39
      50
      40
      57
      59
      51
      55
      55
      52
      56
      43
      49
      49
      40
      40
      31
      62
      51
      48
      51
      50
      64
      60
      44
      46
      48
      49
      41
      44
      34
      65
      42
      57
      45
      48
      40
      60
      38
      48
      54
      54
      54
      45
      34
      44
      32
      46
      51
      42
      46
      52
      38
      51
      66
      43
      49
      42
      50
      35
      52
      40
       3
       0
       0
       0
       0
       0
       0
       0
       0
       0
       0
       0
       0
       0
       0
       0
       0
       0
       0
       0
       0
       0
       0
       0
       0
       0
       0
       0
       0
       0
       0
       0
       0
       0
       0
       0
       0
       0
       0
       0
       0
       0
       0
       0
       0
       0
       0
       0
       0
       0
       0
       0
       0
       0
       0
       0
       0
       0
       0
       0
       0
       0
       0
       0
       0
       0
$ROI:
2
95 97
514 605
$PRESETS:
Real Time
200
0
$ENER_FIT:
-289.438599 1.280702
$MCA_CAL:
3
-2.894386E+002 1.280702E+000 0.000000E+000
$SHAPE_CAL:
3
0.000000E+000 0.000000E+000 0.000000E+000
