$SPEC_ID:
MEASURE 357.
$SPEC_REM:
DET# 1
DETDESC# MCB 25
AP# Maestro Version 6.05
$DATE_MEA:
03/16/2003 12:39:31
$MEAS_TIM:
192 200
$DATA:
0 1023
       0
       0
       0
       0
       0
       0
       0
       0
       0
       0
       0
       0
       0
       0
       0
       0
       0
     117
     263
     240
     236
     242
     221
     222
     250
     266
     296
     260
     250
     298
     264
     210
     305
     259
     266
     260
     264
     259
     279
     247
     277
     266
     271
     279
     317
     288
     273
     259
     292
     314
     279
     276
     317
     260
     284
     307
     300
     279
     286
     304
     286
     296
     300
     287
     308
     317
     296
     323
     304
     327
     326
     303
     309
     350
     313
     331
     303
     319
     359
     364
     376
     345
     342
     367
     364
     362
     350
     352
     381
     439
     412
     404
     425
     442
     413
     458
     439
     487
     457
     442
     485
     466
     482
     483
     460
     512
     525
     498
     481
     542
     554
     536
     531
     513
     517
     579
     565
     549
     572
     570
     593
     564
     581
     604
     576
     567
     607
     595
     602
     576
     588
     616
     600
     595
     569
     634
     567
     634
     631
     607
     613
     624
     634
     632
     605
     651
     603
     626
     641
     620
     638
     648
     690
     654
     661
     673
     667
     628
     653
     676
     693
     649
     692
     678
     662
     667
     603
     666
     638
     690
     698
     643
     643
     628
     650
     685
     663
     660
     667
     624
     681
     651
     717
     651
     572
     711
     649
     615
     650
     694
     665
     675
     651
     687
     679
     700
     685
     665
     695
     773
     691
     735
     744
     726
     716
     731
     793
     728
     766
     712
     817
     755
     778
     766
     774
     813
     793
     775
     757
     775
     768
     784
     777
     801
     754
     679
     719
     767
     722
     724
     736
     706
     669
     713
     657
     679
     703
     666
     657
     649
     688
     679
     625
     651
     627
     603
     566
     622
     606
     656
     651
     640
     573
     578
     586
     634
     607
     596
     654
     559
     586
     575
     629
     552
     553
     592
     567
     578
     521
     553
     566
     536
     524
     558
     546
     526
     572
     550
     531
     607
     504
     508
     538
     482
     503
     558
     528
     523
     536
     538
     523
     517
     499
     506
     490
     490
     478
     459
     516
     448
     443
     437
     475
     433
     434
     435
     443
     454
     443
     463
     466
     419
     467
     430
     442
     484
     397
     436
     402
     432
     434
     411
     412
     436
     390
     398
     424
     424
     402
     429
     393
     412
     379
     381
     406
     395
     362
     416
     413
     395
     358
     402
     362
     397
     427
     418
     355
     381
     404
     377
     379
     415
     407
     416
     372
     371
     379
     431
     341
     322
     378
     378
     377
     358
     321
     332
     361
     327
     362
     348
     359
     294
     324
     347
     344
     332
     319
     316
     308
     284
     307
     313
     300
     317
     292
     282
     296
     294
     292
     270
     288
     252
     225
     258
     277
     272
     253
     218
     255
     233
     206
     227
     237
     222
     231
     218
     230
     241
     219
     203
     213
     187
     225
     188
     197
     195
     209
     209
     186
     178
     165
     189
     187
     173
     158
     162
     176
     171
     153
     186
     153
     166
     179
     159
     164
     179
     144
     154
     168
     164
     159
     147
     163
     159
     158
     142
     116
     167
     142
     179
     137
     163
     138
     153
     144
     159
     152
     156
     138
     149
     160
     147
     167
     132
     120
     157
     124
     135
     143
     140
     135
     161
     143
     131
     139
     121
     143
     152
     123
     151
     148
     123
     132
     153
     151
     127
     138
     151
     143
     136
     161
     134
     128
     119
     144
     129
     149
     146
     116
     142
     121
     119
     133
     120
     128
     116
     116
     131
     153
     117
     151
     129
     146
     135
     129
     129
     137
     136
     147
     147
     135
     129
     158
     148
     177
     144
     178
     176
     177
     161
     161
     182
     171
     188
     174
     229
     206
     220
     254
     250
     230
     241
     285
     279
     297
     309
     318
     344
     355
     385
     384
     429
     434
     484
     434
     526
     587
     587
     620
     635
     680
     636
     774
     773
     765
     784
     895
     851
     955
     929
    1033
    1081
    1069
    1150
    1167
    1149
    1195
    1247
    1230
    1295
    1375
    1364
    1407
    1410
    1357
    1430
    1438
    1398
    1454
    1371
    1424
    1396
    1412
    1444
    1359
    1328
    1323
    1333
    1261
    1259
    1122
    1219
    1102
    1093
    1044
    1018
     986
     935
     844
     835
     811
     805
     728
     710
     663
     582
     603
     555
     520
     473
     443
     424
     391
     365
     327
     338
     298
     260
     239
     208
     205
     175
     180
     179
     146
     141
     144
     114
     113
      98
     102
      95
     107
      84
      75
      78
      76
      75
      61
      71
      66
      63
      59
      56
      67
      57
      66
      50
      44
      61
      56
      52
      53
      49
      54
      42
      47
      49
      61
      50
      54
      49
      53
      52
      47
      47
      52
      56
      68
      63
      49
      66
      46
      47
      58
      43
      54
      62
      56
      53
      51
      66
      58
      49
      62
      47
      59
      40
      44
      52
      56
      50
      57
      54
      49
      51
      53
      43
      46
      38
      53
      44
      49
      41
      40
      45
      58
      49
      54
      55
      55
      43
      47
      37
      59
      51
      50
      54
      41
      53
      41
      50
      42
      40
      62
      41
      56
      40
      42
      53
      46
      49
      39
      44
      46
      59
      58
      46
      48
      40
      46
      40
      42
      49
      52
      45
      45
      44
      60
      46
      45
      47
      45
      35
      53
      45
      45
      42
      40
      46
      47
      36
      55
      36
      33
      40
      43
      42
      40
      50
      40
      48
      47
      32
      36
      36
      44
      47
      54
      52
      58
      39
      57
      54
      55
      41
      46
      47
      60
      41
      42
      48
      49
      50
      49
      54
      40
      49
      46
      53
      46
      48
      48
      45
      43
      50
      52
      42
      49
      48
      34
      40
      52
      37
      41
      42
      47
      41
      50
      31
      56
      47
      45
      45
      44
      36
      44
      45
      36
      53
      54
      34
      44
      38
      43
      55
      35
      61
      59
      48
      51
      32
      38
      48
      48
      48
      51
      50
      51
      40
      45
      39
      55
      64
      38
      47
      49
      51
      50
      48
      47
      52
      53
      50
      36
      49
      39
      54
      42
      55
      51
      46
      53
      50
      49
      44
      36
      48
      49
      43
      37
      50
      49
      56
      39
      47
      39
      45
      59
      53
      36
      64
      41
      40
      45
      44
      43
      44
      42
      54
      47
      41
      58
      47
      59
      48
      47
      48
      48
      57
      36
      44
      30
      55
      45
      51
      52
      50
      51
      37
      50
      58
      45
      65
      45
      43
      50
      53
      38
      44
      54
      44
      39
      43
      44
      42
      50
      54
      49
      43
      48
      49
      53
      49
      53
      42
      49
      20
       2
       0
       0
       0
       0
       0
       0
       0
       0
       0
       0
       0
       0
       0
       0
       0
       0
       0
       0
       0
       0
       0
       0
       0
       0
       0
       0
       0
       0
       0
       0
       0
       0
       0
       0
       0
       0
       0
       0
       0
       0
       0
       0
       0
       0
       0
       0
       0
       0
       0
       0
       0
       0
       0
       0
       0
       0
       0
       0
       0
       0
       0
       0
       0
       0
       0
$ROI:
2
95 97
514 605
$PRESETS:
Real Time
200
0
$ENER_FIT:
-289.438599 1.280702
$MCA_CAL:
3
-2.894386E+002 1.280702E+000 0.000000E+000
$SHAPE_CAL:
3
0.000000E+000 0.000000E+000 0.000000E+000
