$SPEC_ID:
MEASURE 206.
$SPEC_REM:
DET# 1
DETDESC# MCB 25
AP# Maestro Version 6.05
$DATE_MEA:
03/16/2003 00:04:31
$MEAS_TIM:
192 200
$DATA:
0 1023
       0
       0
       0
       0
       0
       0
       0
       0
       0
       0
       0
       0
       0
       0
       0
       0
       0
     114
     232
     225
     249
     255
     218
     251
     252
     284
     246
     257
     256
     269
     250
     270
     272
     246
     283
     301
     272
     321
     267
     284
     271
     297
     315
     302
     276
     291
     280
     293
     296
     285
     280
     309
     295
     309
     299
     282
     301
     289
     281
     310
     324
     338
     294
     288
     291
     339
     300
     330
     317
     301
     332
     343
     338
     311
     348
     337
     319
     353
     344
     351
     334
     361
     373
     352
     400
     406
     406
     399
     417
     440
     410
     420
     430
     491
     432
     461
     462
     456
     469
     484
     485
     491
     480
     511
     491
     525
     560
     523
     515
     531
     513
     565
     526
     565
     500
     572
     558
     554
     577
     568
     586
     578
     585
     609
     595
     631
     594
     639
     577
     622
     626
     622
     618
     643
     656
     663
     607
     621
     656
     680
     670
     665
     642
     662
     680
     725
     668
     646
     651
     688
     640
     659
     630
     671
     627
     650
     683
     651
     623
     699
     668
     640
     700
     647
     690
     676
     678
     671
     662
     705
     679
     660
     630
     631
     685
     677
     693
     657
     724
     676
     711
     666
     659
     703
     682
     665
     671
     639
     690
     697
     642
     620
     674
     672
     675
     721
     726
     767
     709
     718
     731
     739
     724
     729
     808
     745
     758
     814
     780
     717
     845
     755
     734
     811
     789
     830
     785
     759
     708
     790
     760
     743
     712
     761
     729
     710
     720
     681
     702
     682
     697
     667
     675
     637
     664
     603
     662
     636
     695
     615
     666
     652
     610
     608
     676
     640
     605
     604
     630
     602
     670
     610
     589
     609
     602
     592
     595
     557
     651
     610
     592
     565
     633
     549
     615
     551
     582
     581
     598
     569
     558
     571
     537
     544
     517
     529
     540
     532
     511
     522
     517
     555
     531
     472
     501
     541
     502
     520
     517
     515
     507
     492
     485
     478
     472
     451
     484
     473
     429
     468
     464
     451
     451
     475
     449
     425
     454
     446
     454
     439
     431
     437
     437
     489
     418
     427
     403
     430
     409
     418
     395
     409
     400
     408
     406
     423
     408
     403
     416
     387
     351
     439
     404
     375
     407
     396
     397
     390
     410
     414
     422
     383
     421
     374
     382
     370
     401
     399
     387
     393
     375
     383
     404
     380
     349
     374
     337
     346
     341
     384
     364
     375
     350
     351
     364
     345
     358
     338
     298
     334
     351
     311
     320
     346
     323
     306
     319
     307
     295
     286
     293
     289
     318
     303
     293
     280
     295
     265
     271
     268
     256
     267
     259
     279
     238
     229
     244
     234
     247
     220
     239
     216
     223
     230
     204
     207
     229
     176
     211
     210
     187
     192
     190
     205
     179
     176
     191
     190
     199
     206
     216
     176
     167
     186
     167
     172
     158
     177
     179
     168
     173
     164
     174
     172
     142
     166
     165
     137
     163
     178
     157
     165
     170
     162
     152
     154
     154
     150
     161
     153
     152
     165
     154
     165
     156
     135
     150
     147
     150
     135
     154
     135
     151
     133
     144
     126
     148
     157
     134
     125
     133
     132
     156
     141
     142
     139
     122
     137
     149
     138
     149
     143
     159
     156
     106
     163
     118
     111
     139
     136
     108
     142
     140
     135
     127
     144
     131
     139
     127
     129
     132
     121
     150
     134
     138
     149
     150
     142
     118
     147
     129
     132
     148
     143
     162
     137
     133
     172
     164
     145
     158
     173
     171
     143
     175
     178
     202
     158
     188
     209
     184
     203
     214
     222
     238
     260
     251
     252
     285
     323
     310
     305
     343
     326
     379
     402
     439
     419
     465
     473
     540
     551
     599
     660
     641
     645
     751
     748
     788
     771
     899
     906
     866
     941
     973
    1076
    1141
    1102
    1144
    1193
    1292
    1233
    1231
    1301
    1302
    1279
    1427
    1286
    1380
    1353
    1365
    1355
    1395
    1409
    1487
    1374
    1362
    1383
    1414
    1335
    1348
    1305
    1287
    1235
    1222
    1278
    1206
    1106
    1015
    1049
    1044
     952
     957
     880
     886
     774
     729
     735
     673
     642
     574
     580
     526
     513
     457
     446
     439
     386
     334
     343
     268
     250
     286
     227
     202
     210
     185
     180
     161
     153
     144
     123
     115
      95
     109
      99
      91
      84
      85
      84
      80
      57
      64
      64
      73
      63
      57
      49
      73
      62
      42
      50
      54
      56
      72
      54
      47
      45
      52
      53
      60
      49
      37
      58
      51
      54
      51
      52
      53
      41
      50
      47
      52
      45
      55
      50
      63
      51
      47
      78
      48
      52
      56
      44
      56
      59
      58
      47
      55
      40
      40
      43
      53
      40
      45
      61
      39
      56
      53
      52
      54
      52
      47
      50
      55
      48
      44
      51
      53
      46
      43
      46
      50
      58
      41
      45
      43
      61
      57
      35
      53
      54
      50
      44
      51
      49
      47
      44
      58
      53
      57
      59
      55
      45
      58
      45
      39
      62
      50
      54
      50
      48
      54
      43
      51
      38
      57
      49
      34
      42
      36
      39
      37
      46
      43
      64
      46
      51
      44
      46
      52
      52
      46
      42
      59
      48
      41
      46
      45
      31
      48
      45
      60
      51
      58
      47
      35
      44
      46
      39
      48
      48
      48
      44
      45
      51
      39
      57
      46
      42
      43
      48
      49
      41
      64
      47
      47
      45
      44
      46
      48
      53
      47
      54
      48
      32
      45
      51
      57
      35
      39
      39
      45
      53
      47
      38
      52
      50
      43
      52
      52
      49
      49
      54
      42
      46
      44
      43
      49
      50
      39
      50
      38
      53
      49
      45
      40
      44
      52
      53
      45
      56
      45
      42
      34
      47
      44
      50
      61
      40
      53
      43
      57
      45
      48
      52
      50
      54
      47
      42
      47
      40
      39
      45
      52
      47
      44
      45
      38
      48
      55
      38
      46
      35
      54
      47
      42
      48
      48
      56
      45
      50
      51
      52
      48
      44
      56
      37
      39
      49
      48
      53
      40
      49
      47
      57
      54
      54
      49
      47
      60
      50
      49
      52
      40
      48
      48
      40
      60
      50
      50
      55
      41
      38
      52
      53
      37
      50
      40
      51
      63
      52
      42
      54
      43
      41
      56
      47
      49
      41
      48
      50
      51
      57
      59
      47
      42
      51
      42
      66
      45
      51
      55
      44
      55
      52
      49
      55
      47
      47
      45
      49
      50
      43
      49
      44
      43
      29
       1
       0
       0
       0
       0
       0
       0
       0
       0
       0
       0
       0
       0
       0
       0
       0
       0
       0
       0
       0
       0
       0
       0
       0
       0
       0
       0
       0
       0
       0
       0
       0
       0
       0
       0
       0
       0
       0
       0
       0
       0
       0
       0
       0
       0
       0
       0
       0
       0
       0
       0
       0
       0
       0
       0
       0
       0
       0
       0
       0
       0
       0
       0
       0
       0
       0
$ROI:
2
95 97
514 605
$PRESETS:
Real Time
200
0
$ENER_FIT:
-289.438599 1.280702
$MCA_CAL:
3
-2.894386E+002 1.280702E+000 0.000000E+000
$SHAPE_CAL:
3
0.000000E+000 0.000000E+000 0.000000E+000
