$SPEC_ID:
MEASURE 524.
$SPEC_REM:
DET# 1
DETDESC# MCB 25
AP# Maestro Version 6.05
$DATE_MEA:
03/17/2003 02:34:31
$MEAS_TIM:
192 200
$DATA:
0 1023
       0
       0
       0
       0
       0
       0
       0
       0
       0
       0
       0
       0
       0
       0
       0
       0
       0
     102
     227
     230
     212
     229
     266
     225
     260
     275
     255
     262
     261
     276
     237
     280
     279
     273
     281
     272
     265
     267
     267
     319
     275
     265
     279
     276
     317
     281
     311
     330
     282
     271
     288
     310
     288
     260
     253
     296
     289
     291
     299
     309
     292
     285
     294
     294
     306
     279
     301
     301
     308
     318
     327
     332
     299
     335
     315
     339
     302
     349
     383
     328
     354
     343
     356
     338
     383
     392
     373
     397
     383
     388
     429
     419
     428
     409
     429
     465
     463
     394
     460
     469
     445
     454
     463
     471
     492
     492
     493
     519
     514
     515
     527
     532
     497
     554
     580
     518
     513
     547
     571
     565
     574
     540
     552
     619
     589
     590
     577
     592
     606
     562
     571
     594
     584
     618
     605
     637
     594
     657
     621
     596
     595
     612
     578
     637
     621
     632
     668
     655
     637
     656
     665
     682
     678
     644
     657
     637
     645
     668
     652
     661
     677
     603
     680
     668
     623
     659
     679
     680
     651
     648
     651
     676
     664
     649
     622
     684
     641
     645
     728
     648
     680
     642
     641
     668
     633
     699
     673
     692
     647
     649
     649
     621
     694
     708
     643
     687
     663
     670
     703
     668
     671
     695
     713
     703
     751
     721
     712
     688
     748
     849
     719
     731
     698
     776
     788
     794
     747
     775
     763
     744
     768
     731
     763
     748
     738
     724
     730
     754
     705
     668
     720
     707
     755
     691
     682
     695
     655
     671
     664
     677
     654
     658
     623
     609
     696
     592
     629
     634
     606
     621
     648
     626
     621
     621
     595
     617
     581
     554
     559
     612
     569
     554
     555
     544
     587
     608
     596
     579
     609
     571
     584
     564
     566
     595
     591
     543
     568
     516
     538
     532
     529
     525
     488
     511
     491
     510
     519
     499
     488
     528
     513
     424
     510
     517
     503
     499
     473
     490
     432
     501
     433
     445
     474
     435
     460
     443
     438
     464
     480
     427
     420
     442
     449
     396
     413
     436
     392
     437
     394
     407
     425
     424
     432
     430
     423
     402
     392
     422
     371
     380
     428
     422
     399
     378
     385
     398
     340
     408
     405
     382
     411
     392
     391
     375
     430
     374
     388
     404
     353
     352
     372
     373
     404
     367
     363
     370
     353
     366
     370
     382
     351
     373
     363
     347
     347
     366
     374
     349
     342
     364
     339
     330
     319
     350
     358
     349
     349
     320
     296
     305
     310
     306
     330
     308
     315
     286
     286
     307
     298
     320
     289
     291
     290
     237
     236
     277
     237
     255
     253
     247
     264
     234
     243
     235
     226
     220
     224
     224
     215
     212
     204
     221
     189
     212
     226
     180
     182
     205
     205
     176
     179
     186
     216
     179
     189
     187
     159
     187
     186
     160
     190
     167
     182
     172
     159
     162
     157
     159
     178
     144
     179
     166
     147
     145
     163
     153
     152
     143
     154
     153
     142
     146
     139
     131
     143
     130
     150
     150
     153
     146
     147
     135
     143
     136
     102
     151
     139
     144
     128
     138
     145
     157
     125
     139
     152
     137
     154
     151
     129
     138
     128
     134
     129
     143
     138
     122
     129
     146
     163
     147
     149
     117
     111
     127
     128
     130
     112
     101
     144
     144
     129
     125
     138
     134
     136
     135
     143
     137
     129
     121
     147
     128
     158
     111
     136
     141
     155
     132
     137
     127
     124
     149
     136
     141
     138
     150
     143
     140
     141
     163
     163
     169
     157
     166
     172
     154
     204
     195
     178
     178
     187
     206
     203
     225
     227
     253
     263
     266
     280
     261
     326
     341
     341
     341
     373
     390
     439
     442
     466
     498
     515
     560
     593
     564
     615
     687
     725
     748
     741
     852
     851
     868
     934
     934
     982
    1011
    1108
    1065
    1121
    1142
    1204
    1252
    1307
    1271
    1279
    1404
    1334
    1393
    1377
    1388
    1371
    1467
    1389
    1366
    1376
    1462
    1365
    1350
    1329
    1374
    1360
    1257
    1206
    1284
    1152
    1177
    1143
    1073
    1138
    1046
     936
     940
     921
     843
     848
     805
     786
     773
     653
     668
     575
     581
     566
     529
     495
     434
     449
     426
     355
     363
     308
     304
     264
     238
     218
     196
     194
     154
     144
     126
     148
     118
     128
     113
     107
     100
      75
      89
      81
      85
      84
      74
      61
      53
      70
      73
      47
      60
      71
      67
      61
      58
      54
      48
      70
      56
      36
      45
      57
      57
      61
      44
      46
      51
      51
      48
      48
      57
      43
      46
      50
      60
      54
      48
      45
      38
      51
      58
      43
      61
      56
      47
      45
      46
      52
      47
      54
      57
      50
      56
      32
      49
      49
      48
      54
      49
      45
      50
      38
      46
      65
      40
      49
      41
      42
      59
      52
      57
      38
      43
      47
      56
      50
      45
      60
      56
      46
      44
      58
      48
      52
      49
      53
      58
      46
      49
      55
      46
      48
      53
      51
      44
      49
      45
      42
      48
      51
      55
      44
      45
      40
      47
      52
      37
      38
      46
      43
      51
      41
      55
      41
      59
      61
      42
      44
      43
      52
      45
      46
      56
      36
      54
      44
      48
      43
      49
      50
      38
      46
      49
      35
      35
      42
      52
      49
      48
      44
      49
      47
      44
      47
      47
      47
      45
      40
      48
      55
      40
      43
      59
      25
      51
      33
      50
      37
      56
      45
      60
      52
      43
      46
      52
      28
      48
      34
      45
      51
      60
      45
      51
      47
      62
      40
      46
      39
      44
      57
      49
      35
      42
      36
      39
      40
      38
      45
      60
      41
      43
      44
      38
      47
      57
      47
      42
      48
      35
      43
      45
      36
      52
      51
      44
      47
      61
      48
      37
      49
      48
      39
      34
      43
      47
      36
      52
      49
      45
      52
      52
      52
      44
      50
      40
      57
      43
      40
      66
      41
      61
      60
      59
      51
      49
      52
      53
      64
      42
      48
      45
      55
      40
      40
      47
      55
      40
      38
      52
      45
      54
      44
      37
      52
      46
      52
      46
      45
      51
      39
      47
      38
      40
      48
      46
      43
      49
      56
      48
      51
      42
      44
      59
      43
      56
      54
      43
      42
      51
      46
      40
      50
      46
      50
      47
      49
      47
      42
      54
      51
      41
      49
      43
      39
      45
      53
      47
      37
      39
      56
      52
      48
      57
      40
      51
      51
      46
      53
      52
      52
      34
       0
       0
       0
       0
       0
       0
       0
       0
       0
       0
       0
       0
       0
       0
       0
       0
       0
       0
       0
       0
       0
       0
       0
       0
       0
       0
       0
       0
       0
       0
       0
       0
       0
       0
       0
       0
       0
       0
       0
       0
       0
       0
       0
       0
       0
       0
       0
       0
       0
       0
       0
       0
       0
       0
       0
       0
       0
       0
       0
       0
       0
       0
       0
       0
       0
       0
$ROI:
2
95 97
514 605
$PRESETS:
Real Time
200
0
$ENER_FIT:
-289.438599 1.280702
$MCA_CAL:
3
-2.894386E+002 1.280702E+000 0.000000E+000
$SHAPE_CAL:
3
0.000000E+000 0.000000E+000 0.000000E+000
