$SPEC_ID:
MEASURE 691.
$SPEC_REM:
DET# 1
DETDESC# MCB 25
AP# Maestro Version 6.05
$DATE_MEA:
03/17/2003 16:29:31
$MEAS_TIM:
192 200
$DATA:
0 1023
       0
       0
       0
       0
       0
       0
       0
       0
       0
       0
       0
       0
       0
       0
       0
       0
       0
     109
     253
     242
     270
     234
     242
     270
     228
     245
     247
     263
     237
     254
     263
     259
     261
     242
     257
     279
     279
     244
     310
     296
     283
     284
     259
     266
     284
     287
     281
     274
     274
     289
     260
     290
     283
     223
     280
     302
     276
     281
     277
     285
     314
     274
     291
     304
     304
     294
     290
     299
     299
     313
     298
     323
     309
     316
     312
     316
     319
     342
     302
     352
     342
     364
     338
     347
     404
     347
     366
     374
     410
     342
     381
     428
     428
     350
     409
     451
     447
     452
     430
     491
     450
     462
     503
     457
     450
     461
     502
     509
     526
     476
     509
     529
     515
     563
     546
     509
     523
     509
     540
     528
     532
     528
     553
     571
     549
     599
     558
     578
     570
     570
     611
     578
     594
     580
     630
     641
     586
     615
     599
     601
     626
     651
     615
     681
     655
     645
     641
     628
     586
     613
     668
     656
     647
     625
     641
     639
     636
     622
     643
     664
     642
     651
     642
     639
     629
     627
     682
     638
     587
     635
     671
     645
     619
     638
     656
     651
     698
     640
     637
     615
     647
     643
     642
     684
     652
     614
     697
     643
     670
     625
     675
     578
     716
     657
     675
     630
     689
     662
     727
     641
     689
     707
     715
     732
     714
     694
     753
     743
     701
     746
     727
     732
     750
     785
     757
     787
     740
     728
     739
     785
     733
     747
     733
     758
     757
     770
     700
     716
     726
     733
     668
     723
     661
     701
     754
     706
     658
     657
     665
     661
     681
     675
     612
     606
     644
     579
     648
     613
     561
     649
     658
     620
     593
     614
     570
     560
     583
     594
     568
     636
     582
     527
     567
     544
     564
     512
     565
     573
     596
     568
     527
     542
     569
     569
     527
     540
     553
     506
     557
     539
     500
     552
     560
     521
     530
     507
     523
     547
     488
     546
     511
     488
     479
     519
     487
     496
     498
     469
     478
     478
     477
     482
     472
     462
     440
     443
     465
     481
     471
     454
     446
     407
     439
     432
     413
     465
     419
     441
     396
     471
     380
     421
     430
     412
     398
     398
     408
     380
     386
     432
     411
     396
     448
     383
     357
     351
     415
     414
     395
     389
     375
     443
     367
     405
     399
     379
     365
     386
     337
     375
     403
     351
     367
     386
     347
     358
     358
     379
     366
     384
     343
     350
     345
     358
     338
     366
     346
     328
     311
     337
     334
     306
     356
     368
     359
     361
     319
     338
     318
     333
     294
     296
     325
     319
     312
     316
     310
     269
     273
     300
     293
     287
     276
     289
     279
     259
     273
     248
     264
     260
     287
     233
     279
     247
     218
     235
     215
     197
     259
     217
     251
     213
     193
     208
     217
     187
     211
     212
     177
     193
     202
     189
     180
     175
     179
     173
     171
     203
     169
     183
     174
     173
     163
     148
     174
     176
     182
     185
     167
     168
     170
     154
     172
     162
     164
     139
     131
     151
     147
     152
     138
     147
     155
     160
     147
     142
     130
     152
     135
     146
     151
     144
     147
     142
     155
     127
     144
     143
     147
     165
     130
     142
     147
     143
     145
     150
     135
     153
     134
     130
     141
     143
     144
     123
     135
     133
     140
     142
     132
     139
     118
     165
     138
     127
     142
     129
     131
     150
     142
     146
     157
     124
     132
     113
     135
     142
     133
     124
     117
     144
     147
     147
     164
     148
     137
     122
     122
     141
     142
     124
     122
     146
     161
     121
     133
     125
     125
     128
     122
     159
     150
     134
     162
     146
     164
     176
     197
     154
     186
     188
     189
     187
     214
     217
     234
     212
     204
     276
     235
     262
     277
     269
     340
     326
     312
     325
     384
     383
     390
     451
     477
     488
     490
     521
     614
     607
     614
     606
     683
     705
     744
     799
     766
     892
     931
     961
     923
     985
    1063
    1009
    1105
    1125
    1179
    1237
    1206
    1228
    1297
    1281
    1270
    1288
    1342
    1405
    1286
    1392
    1330
    1345
    1399
    1329
    1406
    1435
    1388
    1398
    1407
    1370
    1287
    1233
    1265
    1195
    1189
    1088
    1151
    1030
    1078
    1023
     982
     940
     868
     837
     832
     734
     760
     697
     625
     581
     573
     588
     508
     464
     454
     401
     422
     345
     377
     306
     323
     282
     254
     227
     219
     179
     202
     165
     173
     141
     151
     125
     108
      99
      81
      92
      98
      90
      88
      55
      76
      81
      65
      81
      55
      66
      50
      71
      60
      59
      53
      50
      61
      63
      47
      55
      60
      56
      47
      53
      52
      57
      46
      54
      49
      43
      60
      56
      53
      61
      55
      63
      65
      40
      51
      50
      43
      50
      54
      62
      52
      58
      55
      53
      47
      53
      47
      45
      45
      65
      53
      45
      38
      46
      52
      47
      52
      51
      54
      45
      59
      49
      49
      46
      47
      62
      54
      47
      54
      45
      40
      43
      46
      51
      51
      53
      64
      55
      54
      46
      43
      37
      47
      43
      48
      47
      52
      44
      46
      64
      44
      55
      50
      41
      61
      42
      43
      46
      33
      49
      59
      55
      40
      49
      41
      44
      47
      45
      40
      40
      47
      43
      37
      43
      37
      49
      37
      56
      39
      45
      44
      52
      45
      45
      45
      41
      48
      54
      43
      44
      50
      48
      56
      42
      40
      38
      46
      46
      43
      40
      55
      49
      54
      53
      50
      48
      54
      44
      58
      54
      51
      39
      37
      33
      46
      43
      39
      46
      43
      44
      34
      46
      42
      44
      35
      47
      43
      44
      41
      45
      59
      52
      42
      35
      32
      55
      33
      51
      49
      46
      41
      47
      46
      45
      41
      50
      36
      52
      43
      58
      49
      46
      42
      50
      49
      51
      33
      42
      51
      51
      40
      51
      52
      50
      38
      44
      47
      51
      40
      54
      47
      42
      54
      44
      49
      63
      53
      43
      45
      52
      44
      49
      41
      38
      29
      40
      62
      41
      59
      44
      35
      51
      39
      52
      44
      59
      39
      58
      48
      49
      47
      57
      45
      40
      56
      37
      49
      47
      44
      41
      49
      48
      43
      53
      34
      44
      42
      47
      57
      52
      42
      39
      45
      54
      41
      39
      59
      42
      37
      42
      50
      49
      51
      59
      49
      42
      40
      45
      41
      50
      52
      52
      53
      42
      46
      43
      49
      56
      49
      46
      66
      51
      45
      39
      40
      52
      44
      43
      55
      44
      59
      53
      56
      39
       1
       0
       0
       0
       0
       0
       0
       0
       0
       0
       0
       0
       0
       0
       0
       0
       0
       0
       0
       0
       0
       0
       0
       0
       0
       0
       0
       0
       0
       0
       0
       0
       0
       0
       0
       0
       0
       0
       0
       0
       0
       0
       0
       0
       0
       0
       0
       0
       0
       0
       0
       0
       0
       0
       0
       0
       0
       0
       0
       0
       0
       0
       0
       0
       0
       0
$ROI:
2
95 97
514 605
$PRESETS:
Real Time
200
0
$ENER_FIT:
-289.438599 1.280702
$MCA_CAL:
3
-2.894386E+002 1.280702E+000 0.000000E+000
$SHAPE_CAL:
3
0.000000E+000 0.000000E+000 0.000000E+000
