$SPEC_ID:
MEASURE 627.
$SPEC_REM:
DET# 1
DETDESC# MCB 25
AP# Maestro Version 6.05
$DATE_MEA:
03/17/2003 11:09:31
$MEAS_TIM:
192 200
$DATA:
0 1023
       0
       0
       0
       0
       0
       0
       0
       0
       0
       0
       0
       0
       0
       0
       0
       0
       0
      98
     226
     228
     238
     246
     245
     236
     252
     257
     253
     232
     256
     239
     277
     285
     249
     286
     243
     268
     252
     275
     257
     296
     253
     269
     301
     248
     284
     292
     251
     274
     258
     307
     252
     279
     298
     314
     268
     301
     271
     285
     267
     305
     315
     276
     305
     293
     299
     317
     306
     321
     294
     298
     311
     280
     330
     300
     336
     345
     308
     343
     347
     322
     336
     348
     383
     361
     371
     367
     366
     387
     390
     380
     377
     412
     404
     399
     433
     422
     434
     431
     447
     445
     480
     487
     460
     497
     511
     492
     457
     520
     486
     529
     500
     500
     513
     542
     496
     539
     506
     555
     612
     589
     550
     564
     548
     559
     535
     542
     582
     613
     571
     589
     637
     599
     560
     543
     616
     641
     602
     616
     634
     680
     618
     638
     654
     602
     665
     578
     609
     612
     670
     621
     655
     660
     631
     648
     679
     626
     620
     662
     675
     694
     666
     652
     677
     666
     662
     662
     668
     670
     577
     624
     656
     655
     699
     636
     654
     659
     606
     626
     605
     607
     634
     624
     689
     651
     698
     643
     646
     646
     679
     624
     645
     627
     659
     647
     660
     633
     671
     689
     699
     672
     698
     716
     716
     701
     731
     794
     775
     756
     741
     764
     729
     800
     763
     742
     773
     740
     748
     780
     774
     750
     780
     778
     701
     743
     760
     765
     753
     688
     716
     767
     692
     684
     739
     699
     746
     682
     704
     701
     716
     681
     639
     667
     697
     678
     615
     632
     591
     615
     577
     632
     679
     623
     627
     604
     547
     608
     615
     651
     566
     610
     565
     625
     606
     592
     578
     561
     554
     574
     576
     567
     568
     554
     528
     579
     537
     537
     496
     573
     525
     523
     543
     486
     528
     529
     522
     521
     542
     473
     480
     512
     465
     481
     496
     495
     492
     494
     469
     455
     469
     410
     453
     422
     477
     473
     443
     439
     469
     479
     468
     428
     403
     415
     424
     486
     441
     443
     387
     396
     400
     410
     446
     423
     435
     417
     404
     411
     420
     408
     423
     423
     434
     418
     426
     397
     405
     411
     412
     405
     377
     380
     371
     390
     353
     393
     365
     371
     376
     346
     375
     364
     396
     365
     357
     367
     353
     355
     377
     381
     407
     351
     348
     362
     339
     349
     352
     349
     355
     367
     321
     370
     360
     334
     325
     353
     342
     379
     319
     338
     329
     316
     317
     316
     299
     299
     282
     278
     305
     272
     294
     293
     309
     293
     271
     273
     249
     260
     243
     274
     266
     259
     262
     272
     207
     244
     234
     246
     253
     235
     246
     206
     218
     200
     168
     201
     202
     198
     168
     198
     196
     185
     189
     219
     200
     175
     182
     192
     170
     160
     163
     172
     175
     178
     182
     179
     191
     167
     205
     167
     155
     144
     150
     161
     146
     171
     169
     160
     157
     145
     174
     133
     145
     178
     153
     155
     166
     152
     158
     162
     159
     146
     155
     155
     148
     141
     138
     156
     125
     153
     123
     145
     141
     149
     139
     136
     141
     143
     134
     125
     154
     134
     164
     132
     126
     141
     143
     144
     142
     133
     128
     137
     117
     150
     144
     136
     151
     134
     119
     148
     118
     128
     126
     128
     145
     126
     152
     132
     129
     135
     127
     127
     135
     123
     121
     138
     125
     146
     117
     127
     125
     143
     144
     149
     134
     135
     136
     164
     150
     152
     139
     149
     156
     149
     162
     151
     157
     170
     198
     180
     195
     166
     178
     230
     210
     250
     202
     233
     238
     267
     283
     303
     291
     312
     350
     334
     339
     361
     399
     439
     414
     445
     493
     483
     558
     558
     595
     706
     713
     672
     762
     742
     813
     805
     857
     961
     901
     903
    1021
    1042
     983
    1093
    1130
    1133
    1184
    1228
    1260
    1276
    1324
    1391
    1332
    1320
    1422
    1372
    1430
    1399
    1414
    1348
    1313
    1417
    1390
    1311
    1372
    1280
    1331
    1323
    1257
    1164
    1266
    1158
    1194
    1056
    1155
     972
     929
     927
     912
     828
     857
     812
     749
     713
     632
     611
     601
     568
     556
     512
     468
     404
     383
     339
     347
     313
     304
     274
     240
     263
     228
     235
     196
     169
     166
     137
     114
     130
     116
     104
     105
      98
      88
      75
      84
      72
      72
      70
      79
      64
      54
      65
      62
      63
      47
      58
      67
      46
      67
      55
      47
      64
      53
      74
      66
      55
      66
      47
      53
      41
      62
      64
      48
      46
      42
      53
      49
      48
      63
      55
      49
      49
      45
      56
      55
      60
      47
      57
      55
      42
      62
      53
      39
      39
      50
      48
      50
      50
      49
      50
      45
      55
      61
      61
      42
      51
      55
      52
      49
      51
      44
      57
      54
      51
      44
      49
      48
      57
      51
      61
      51
      52
      41
      49
      38
      39
      53
      58
      50
      58
      51
      39
      41
      27
      34
      45
      53
      50
      54
      36
      52
      56
      44
      44
      47
      39
      41
      54
      41
      49
      41
      53
      46
      30
      45
      41
      69
      52
      43
      43
      40
      46
      43
      48
      49
      43
      63
      41
      45
      48
      46
      48
      47
      52
      44
      50
      37
      54
      47
      41
      34
      53
      42
      48
      44
      35
      53
      56
      50
      55
      44
      51
      48
      50
      37
      55
      47
      41
      50
      49
      32
      46
      39
      43
      50
      53
      47
      30
      57
      38
      44
      43
      53
      50
      41
      42
      46
      47
      45
      59
      41
      35
      45
      42
      36
      48
      49
      43
      51
      50
      42
      53
      42
      43
      50
      43
      37
      57
      47
      42
      35
      52
      50
      40
      46
      49
      39
      52
      55
      39
      53
      40
      51
      53
      33
      41
      37
      53
      61
      62
      49
      50
      42
      52
      41
      44
      50
      42
      46
      48
      34
      45
      41
      44
      37
      54
      52
      43
      45
      40
      48
      43
      54
      57
      51
      41
      41
      41
      37
      51
      52
      37
      42
      43
      36
      48
      50
      39
      46
      50
      50
      45
      35
      52
      34
      55
      46
      55
      47
      33
      47
      41
      47
      43
      44
      51
      37
      46
      45
      41
      46
      47
      51
      34
      47
      41
      37
      56
      41
      58
      46
      53
      51
      46
      48
      50
      54
      48
      36
      58
      58
      41
      44
      42
      54
      47
      51
      55
      48
      45
      54
      37
       1
       0
       0
       0
       0
       0
       0
       0
       0
       0
       0
       0
       0
       0
       0
       0
       0
       0
       0
       0
       0
       0
       0
       0
       0
       0
       0
       0
       0
       0
       0
       0
       0
       0
       0
       0
       0
       0
       0
       0
       0
       0
       0
       0
       0
       0
       0
       0
       0
       0
       0
       0
       0
       0
       0
       0
       0
       0
       0
       0
       0
       0
       0
       0
       0
       0
$ROI:
2
95 97
514 605
$PRESETS:
Real Time
200
0
$ENER_FIT:
-289.438599 1.280702
$MCA_CAL:
3
-2.894386E+002 1.280702E+000 0.000000E+000
$SHAPE_CAL:
3
0.000000E+000 0.000000E+000 0.000000E+000
