$SPEC_ID:
MEASURE 133.
$SPEC_REM:
DET# 1
DETDESC# MCB 25
AP# Maestro Version 6.05
$DATE_MEA:
03/15/2003 17:59:31
$MEAS_TIM:
192 200
$DATA:
0 1023
       0
       0
       0
       0
       0
       0
       0
       0
       0
       0
       0
       0
       0
       0
       0
       0
       0
     106
     260
     253
     237
     225
     223
     254
     262
     263
     275
     238
     249
     270
     273
     259
     284
     267
     260
     272
     284
     264
     311
     286
     299
     291
     283
     269
     283
     305
     295
     298
     290
     283
     298
     269
     292
     310
     311
     283
     272
     287
     295
     310
     307
     272
     276
     317
     301
     311
     287
     323
     289
     325
     318
     338
     330
     322
     369
     337
     300
     363
     349
     365
     357
     353
     359
     409
     358
     397
     405
     391
     389
     431
     429
     438
     454
     444
     469
     473
     470
     443
     485
     485
     509
     482
     488
     500
     500
     496
     486
     501
     534
     508
     548
     507
     562
     534
     579
     546
     548
     571
     551
     554
     596
     571
     583
     633
     550
     603
     606
     642
     667
     608
     623
     643
     650
     641
     607
     631
     610
     602
     690
     655
     666
     641
     654
     636
     672
     673
     595
     684
     630
     631
     681
     699
     716
     619
     641
     701
     706
     676
     663
     656
     663
     659
     686
     657
     677
     690
     697
     678
     672
     683
     729
     714
     663
     657
     693
     664
     664
     660
     700
     678
     648
     706
     655
     660
     681
     645
     685
     675
     683
     689
     730
     737
     677
     707
     735
     721
     721
     691
     739
     753
     791
     738
     740
     745
     793
     767
     780
     777
     795
     774
     827
     830
     772
     784
     721
     804
     777
     796
     745
     758
     766
     768
     734
     760
     797
     705
     711
     747
     739
     684
     687
     728
     683
     669
     680
     695
     654
     642
     660
     659
     590
     613
     640
     630
     642
     654
     614
     614
     621
     620
     629
     578
     664
     616
     619
     613
     611
     574
     594
     605
     609
     601
     590
     584
     622
     576
     551
     557
     582
     548
     564
     534
     553
     579
     554
     561
     551
     541
     543
     533
     528
     538
     529
     493
     505
     520
     504
     494
     508
     472
     495
     484
     508
     501
     448
     505
     491
     482
     484
     467
     403
     488
     502
     473
     482
     430
     457
     443
     410
     419
     437
     441
     423
     459
     433
     420
     430
     407
     409
     461
     439
     429
     389
     426
     396
     418
     399
     423
     406
     410
     374
     370
     405
     422
     406
     403
     387
     401
     404
     400
     368
     409
     394
     413
     387
     362
     347
     368
     364
     388
     378
     387
     376
     400
     372
     355
     379
     358
     409
     376
     341
     372
     369
     341
     327
     336
     348
     369
     346
     375
     338
     315
     335
     326
     334
     314
     318
     291
     308
     305
     316
     309
     302
     262
     286
     239
     271
     240
     238
     240
     243
     283
     276
     229
     237
     237
     237
     217
     203
     224
     198
     228
     199
     207
     195
     196
     206
     193
     214
     177
     194
     193
     181
     201
     176
     164
     194
     189
     176
     182
     194
     177
     174
     170
     174
     149
     156
     169
     169
     163
     172
     166
     152
     171
     182
     173
     157
     169
     166
     169
     161
     162
     163
     159
     170
     160
     146
     141
     141
     142
     153
     146
     152
     119
     138
     151
     135
     134
     138
     128
     149
     160
     122
     146
     143
     131
     150
     139
     149
     139
     132
     126
     133
     147
     138
     150
     135
     136
     151
     153
     161
     141
     118
     132
     131
     119
     131
     149
     140
     132
     131
     107
     141
     128
     128
     123
     129
     127
     132
     130
     120
     150
     131
     142
     135
     153
     137
     148
     157
     151
     132
     153
     148
     127
     154
     150
     183
     160
     165
     156
     163
     167
     174
     192
     215
     202
     195
     220
     209
     266
     257
     249
     266
     270
     304
     302
     313
     328
     366
     367
     397
     469
     426
     445
     502
     513
     531
     554
     584
     637
     627
     686
     740
     750
     787
     820
     864
     883
     990
     981
    1010
     998
    1054
    1105
    1196
    1176
    1208
    1243
    1291
    1266
    1304
    1359
    1352
    1412
    1363
    1425
    1466
    1457
    1444
    1399
    1506
    1440
    1385
    1434
    1385
    1366
    1355
    1365
    1194
    1240
    1199
    1171
    1219
    1184
    1082
    1092
    1004
     943
     906
     888
     831
     798
     758
     721
     666
     671
     605
     566
     511
     455
     465
     457
     391
     342
     328
     295
     288
     271
     248
     242
     192
     191
     179
     149
     142
     141
     119
     112
     125
     101
      75
     100
     102
      81
      78
      68
      72
      83
      69
      79
      57
      61
      59
      46
      69
      54
      66
      54
      64
      51
      48
      39
      47
      63
      57
      57
      60
      49
      59
      63
      51
      55
      61
      50
      49
      53
      39
      51
      60
      57
      60
      49
      50
      57
      52
      40
      61
      38
      70
      57
      59
      46
      48
      54
      58
      53
      43
      48
      44
      52
      54
      57
      56
      47
      45
      41
      58
      47
      42
      48
      53
      43
      46
      45
      46
      54
      42
      52
      49
      44
      50
      49
      54
      45
      40
      41
      42
      54
      43
      47
      36
      36
      48
      52
      42
      55
      40
      48
      51
      49
      47
      45
      49
      42
      60
      57
      55
      37
      44
      41
      53
      57
      41
      47
      44
      64
      46
      47
      43
      48
      37
      41
      41
      46
      41
      45
      48
      43
      54
      51
      46
      50
      42
      47
      52
      37
      48
      48
      35
      45
      51
      41
      39
      42
      40
      51
      48
      56
      46
      35
      61
      49
      43
      52
      42
      52
      55
      52
      58
      52
      51
      48
      48
      40
      45
      37
      58
      59
      34
      51
      49
      40
      51
      40
      50
      31
      51
      47
      57
      49
      46
      57
      47
      49
      44
      44
      37
      52
      49
      43
      40
      36
      51
      58
      49
      51
      43
      49
      48
      51
      40
      44
      45
      50
      48
      51
      46
      48
      51
      29
      45
      52
      33
      56
      48
      53
      54
      54
      56
      49
      55
      45
      47
      56
      43
      47
      51
      44
      49
      39
      61
      40
      43
      48
      52
      43
      49
      49
      48
      54
      43
      43
      54
      58
      43
      42
      56
      45
      50
      38
      59
      45
      46
      39
      37
      53
      45
      47
      59
      56
      53
      45
      57
      47
      44
      66
      58
      46
      43
      52
      43
      46
      48
      54
      58
      42
      45
      43
      51
      38
      45
      34
      55
      58
      51
      45
      60
      45
      66
      56
      52
      52
      40
      58
      45
      56
      54
      58
      53
      46
      49
      44
      48
      45
      49
      43
      47
      53
      49
      36
      44
      54
      57
      39
      40
      46
      45
      49
      55
      51
      38
      54
      43
      46
      42
      44
      39
      25
       2
       0
       0
       0
       0
       0
       0
       0
       0
       0
       0
       0
       0
       0
       0
       0
       0
       0
       0
       0
       0
       0
       0
       0
       0
       0
       0
       0
       0
       0
       0
       0
       0
       0
       0
       0
       0
       0
       0
       0
       0
       0
       0
       0
       0
       0
       0
       0
       0
       0
       0
       0
       0
       0
       0
       0
       0
       0
       0
       0
       0
       0
       0
       0
       0
       0
$ROI:
2
95 97
514 605
$PRESETS:
Real Time
200
0
$ENER_FIT:
-289.438599 1.280702
$MCA_CAL:
3
-2.894386E+002 1.280702E+000 0.000000E+000
$SHAPE_CAL:
3
0.000000E+000 0.000000E+000 0.000000E+000
