$SPEC_ID:
MEASURE 436.
$SPEC_REM:
DET# 1
DETDESC# MCB 25
AP# Maestro Version 6.05
$DATE_MEA:
03/16/2003 19:14:31
$MEAS_TIM:
192 200
$DATA:
0 1023
       0
       0
       0
       0
       0
       0
       0
       0
       0
       0
       0
       0
       0
       0
       0
       0
       0
     109
     224
     257
     255
     258
     251
     240
     255
     247
     238
     255
     253
     293
     266
     293
     243
     283
     283
     253
     261
     276
     272
     263
     303
     303
     278
     273
     272
     284
     296
     267
     294
     270
     286
     302
     285
     292
     272
     296
     294
     307
     288
     276
     306
     298
     277
     285
     289
     326
     287
     311
     305
     290
     344
     312
     296
     338
     325
     321
     349
     320
     337
     341
     401
     341
     369
     388
     356
     364
     356
     377
     397
     354
     419
     431
     442
     428
     427
     453
     449
     446
     419
     479
     462
     450
     518
     505
     506
     463
     462
     471
     499
     529
     551
     521
     530
     564
     495
     519
     557
     560
     561
     562
     538
     560
     539
     548
     578
     595
     590
     563
     625
     590
     599
     635
     592
     635
     618
     622
     570
     615
     634
     622
     649
     611
     658
     662
     602
     628
     688
     629
     629
     686
     582
     647
     692
     650
     688
     646
     666
     663
     630
     670
     642
     664
     644
     706
     646
     659
     613
     626
     660
     666
     642
     640
     671
     637
     654
     667
     647
     685
     663
     651
     613
     645
     639
     655
     671
     670
     647
     638
     668
     655
     681
     655
     673
     674
     676
     679
     691
     718
     707
     725
     724
     709
     729
     713
     730
     709
     692
     776
     776
     748
     767
     783
     801
     766
     783
     730
     803
     762
     730
     776
     788
     765
     707
     719
     736
     794
     742
     735
     681
     698
     699
     691
     659
     699
     733
     717
     683
     653
     619
     671
     673
     642
     651
     652
     644
     642
     617
     621
     601
     649
     600
     612
     576
     616
     617
     575
     535
     577
     582
     554
     577
     571
     629
     549
     572
     545
     581
     531
     602
     532
     575
     527
     546
     496
     566
     527
     587
     540
     521
     544
     527
     523
     470
     524
     491
     493
     494
     513
     505
     511
     499
     498
     566
     478
     521
     484
     514
     462
     436
     449
     522
     448
     421
     451
     451
     467
     446
     424
     447
     399
     455
     440
     404
     433
     439
     434
     432
     422
     451
     419
     427
     401
     422
     439
     391
     377
     416
     422
     425
     394
     421
     401
     407
     380
     396
     398
     398
     395
     391
     398
     412
     419
     396
     363
     397
     387
     402
     360
     423
     394
     340
     340
     394
     352
     394
     374
     352
     391
     376
     369
     364
     376
     331
     341
     303
     345
     369
     314
     311
     362
     358
     338
     324
     342
     295
     335
     322
     328
     317
     282
     302
     321
     295
     291
     300
     317
     278
     276
     300
     299
     254
     272
     254
     261
     268
     278
     251
     261
     235
     204
     223
     205
     246
     238
     201
     200
     221
     209
     216
     212
     191
     214
     211
     227
     198
     192
     211
     215
     199
     182
     172
     171
     180
     207
     191
     176
     192
     173
     178
     186
     166
     168
     164
     170
     163
     168
     163
     164
     160
     157
     158
     159
     152
     159
     148
     150
     156
     136
     156
     151
     164
     150
     166
     154
     151
     180
     181
     151
     145
     162
     153
     143
     159
     140
     140
     140
     147
     140
     134
     133
     149
     122
     147
     134
     121
     138
     135
     136
     147
     135
     154
     145
     113
     117
     124
     124
     132
     124
     143
     120
     150
     129
     133
     136
     153
     129
     161
     149
     126
     144
     127
     139
     115
     147
     119
     147
     114
     138
     142
     138
     114
     140
     122
     131
     126
     129
     144
     152
     130
     144
     159
     142
     150
     147
     142
     152
     150
     144
     163
     162
     186
     164
     180
     177
     188
     182
     195
     197
     214
     233
     201
     219
     246
     262
     242
     289
     302
     305
     346
     337
     351
     412
     430
     406
     430
     485
     502
     491
     503
     558
     571
     577
     663
     670
     697
     722
     817
     795
     895
     941
     891
     977
     943
    1018
    1072
    1094
    1126
    1207
    1199
    1250
    1202
    1257
    1264
    1248
    1325
    1383
    1398
    1421
    1391
    1357
    1378
    1391
    1393
    1428
    1441
    1351
    1298
    1386
    1320
    1313
    1260
    1246
    1157
    1176
    1167
    1068
    1057
    1019
    1010
     943
     934
     856
     785
     774
     756
     762
     689
     638
     602
     587
     521
     527
     456
     440
     406
     391
     369
     308
     297
     301
     279
     220
     235
     176
     171
     181
     162
     155
     137
     144
     111
     122
     106
      96
      90
      71
      78
      75
      70
      78
      63
      73
      58
      58
      57
      54
      76
      62
      60
      53
      71
      51
      50
      48
      68
      45
      51
      50
      50
      51
      43
      61
      57
      45
      65
      56
      48
      56
      55
      49
      50
      47
      49
      57
      46
      38
      53
      48
      43
      50
      43
      53
      61
      53
      46
      63
      52
      51
      43
      51
      51
      54
      50
      43
      52
      41
      55
      45
      53
      37
      51
      45
      42
      36
      62
      67
      50
      65
      41
      49
      57
      57
      56
      44
      47
      50
      56
      48
      42
      44
      46
      53
      44
      44
      43
      47
      50
      47
      49
      48
      41
      49
      62
      70
      41
      50
      58
      38
      50
      36
      53
      36
      50
      45
      50
      45
      46
      33
      39
      52
      42
      43
      45
      50
      48
      41
      41
      45
      37
      54
      55
      42
      44
      46
      53
      47
      45
      52
      49
      46
      40
      53
      47
      31
      40
      48
      50
      44
      52
      54
      37
      38
      39
      46
      40
      35
      45
      47
      58
      49
      49
      46
      42
      43
      46
      25
      50
      52
      54
      49
      42
      46
      56
      46
      32
      35
      42
      43
      42
      48
      39
      40
      61
      44
      41
      45
      35
      49
      52
      53
      49
      47
      46
      54
      43
      52
      37
      51
      55
      50
      52
      37
      46
      45
      45
      49
      45
      42
      44
      67
      41
      43
      40
      35
      45
      53
      51
      38
      59
      38
      57
      67
      51
      51
      49
      39
      40
      61
      46
      39
      42
      39
      41
      56
      39
      41
      53
      49
      50
      48
      41
      46
      56
      35
      51
      51
      51
      49
      47
      59
      38
      58
      39
      40
      44
      44
      55
      45
      40
      44
      59
      49
      45
      46
      50
      42
      48
      55
      48
      51
      50
      51
      39
      53
      47
      47
      52
      71
      44
      32
      47
      50
      49
      45
      45
      54
      60
      44
      38
      51
      50
      60
      48
      45
      43
      47
      48
      53
      55
      40
      52
      48
      44
      62
      45
      42
      57
      44
      57
      57
      49
      52
      50
      64
      45
      50
      67
      31
       0
       0
       0
       0
       0
       0
       0
       0
       0
       0
       0
       0
       0
       0
       0
       0
       0
       0
       0
       0
       0
       0
       0
       0
       0
       0
       0
       0
       0
       0
       0
       0
       0
       0
       0
       0
       0
       0
       0
       0
       0
       0
       0
       0
       0
       0
       0
       0
       0
       0
       0
       0
       0
       0
       0
       0
       0
       0
       0
       0
       0
       0
       0
       0
       0
       0
$ROI:
2
95 97
514 605
$PRESETS:
Real Time
200
0
$ENER_FIT:
-289.438599 1.280702
$MCA_CAL:
3
-2.894386E+002 1.280702E+000 0.000000E+000
$SHAPE_CAL:
3
0.000000E+000 0.000000E+000 0.000000E+000
