$SPEC_ID:
MEASURE 299.
$SPEC_REM:
DET# 1
DETDESC# MCB 25
AP# Maestro Version 6.05
$DATE_MEA:
03/16/2003 07:49:31
$MEAS_TIM:
192 200
$DATA:
0 1023
       0
       0
       0
       0
       0
       0
       0
       0
       0
       0
       0
       0
       0
       0
       0
       0
       0
     114
     234
     250
     249
     228
     250
     257
     229
     221
     250
     244
     239
     265
     263
     273
     272
     276
     260
     266
     243
     297
     290
     278
     290
     265
     258
     256
     265
     299
     285
     262
     318
     304
     286
     300
     305
     281
     279
     290
     305
     304
     266
     297
     273
     307
     283
     283
     296
     294
     309
     305
     304
     293
     308
     323
     375
     357
     365
     355
     354
     348
     356
     319
     341
     359
     361
     367
     370
     393
     374
     410
     403
     402
     398
     400
     426
     419
     439
     457
     453
     456
     421
     485
     492
     478
     481
     513
     492
     465
     530
     525
     507
     529
     529
     533
     557
     574
     559
     543
     565
     546
     543
     570
     553
     562
     582
     594
     600
     594
     585
     590
     589
     612
     631
     615
     577
     657
     617
     619
     563
     647
     618
     639
     655
     678
     702
     655
     609
     638
     626
     701
     649
     687
     627
     699
     644
     669
     673
     642
     668
     662
     632
     662
     642
     670
     674
     685
     642
     659
     684
     659
     673
     671
     702
     730
     672
     645
     628
     712
     634
     663
     669
     653
     613
     693
     720
     668
     666
     680
     722
     678
     663
     669
     681
     689
     704
     683
     682
     767
     727
     739
     715
     698
     699
     719
     774
     754
     786
     754
     742
     765
     709
     735
     774
     779
     763
     781
     784
     805
     785
     785
     790
     686
     767
     791
     819
     711
     724
     720
     719
     737
     703
     733
     715
     672
     730
     703
     677
     612
     687
     670
     692
     682
     694
     628
     606
     646
     658
     625
     590
     654
     599
     593
     616
     595
     626
     572
     631
     590
     628
     600
     578
     570
     575
     585
     568
     527
     575
     589
     538
     550
     563
     569
     537
     566
     532
     514
     567
     577
     541
     540
     542
     526
     522
     523
     530
     536
     509
     539
     497
     507
     465
     483
     459
     486
     500
     484
     444
     464
     495
     483
     478
     479
     447
     436
     468
     454
     456
     469
     430
     462
     397
     427
     436
     451
     409
     455
     432
     455
     410
     420
     419
     395
     435
     434
     379
     401
     416
     426
     417
     447
     419
     408
     383
     404
     386
     384
     389
     372
     413
     392
     412
     420
     374
     371
     392
     350
     434
     388
     386
     376
     370
     386
     371
     353
     364
     364
     400
     389
     367
     372
     359
     406
     391
     408
     359
     367
     389
     350
     378
     331
     328
     336
     326
     343
     327
     325
     324
     312
     328
     337
     317
     280
     319
     302
     281
     257
     279
     250
     273
     281
     254
     273
     266
     266
     275
     230
     232
     260
     252
     224
     232
     256
     231
     241
     228
     218
     207
     202
     205
     189
     186
     222
     228
     203
     202
     175
     180
     204
     190
     191
     156
     178
     177
     184
     195
     165
     174
     162
     188
     166
     169
     171
     193
     163
     169
     164
     168
     178
     174
     185
     174
     147
     161
     143
     153
     154
     160
     170
     152
     165
     151
     148
     142
     143
     135
     144
     138
     165
     124
     151
     157
     154
     149
     153
     168
     133
     144
     138
     140
     130
     157
     127
     145
     148
     156
     141
     133
     134
     164
     141
     113
     135
     148
     120
     121
     146
     139
     124
     114
     139
     158
     141
     116
     136
     145
     152
     126
     123
     141
     141
     115
     127
     147
     120
     134
     143
     127
     116
     154
     127
     141
     147
     122
     164
     132
     137
     131
     140
     157
     169
     148
     150
     149
     137
     137
     150
     162
     165
     156
     200
     166
     161
     177
     159
     198
     198
     232
     226
     219
     258
     241
     241
     239
     322
     285
     337
     353
     347
     357
     369
     366
     428
     441
     447
     542
     534
     558
     593
     593
     651
     680
     714
     741
     777
     799
     864
     844
     900
     901
     970
     973
    1033
    1088
    1145
    1140
    1218
    1218
    1300
    1277
    1235
    1304
    1351
    1370
    1336
    1373
    1437
    1452
    1423
    1350
    1324
    1446
    1354
    1383
    1376
    1392
    1340
    1296
    1282
    1202
    1202
    1246
    1168
    1158
    1123
    1068
    1054
     944
     883
     894
     841
     831
     764
     729
     683
     668
     637
     556
     615
     501
     472
     465
     455
     395
     344
     321
     292
     247
     256
     224
     224
     217
     190
     191
     134
     139
     165
     114
     115
      92
     107
      99
      92
      73
      83
      87
      62
      59
      74
      69
      67
      69
      55
      57
      53
      69
      64
      65
      48
      56
      66
      55
      41
      50
      51
      46
      44
      74
      58
      51
      56
      64
      53
      46
      52
      42
      46
      63
      49
      40
      47
      49
      57
      71
      56
      44
      61
      44
      49
      43
      46
      50
      61
      60
      41
      50
      43
      57
      48
      49
      54
      60
      49
      49
      49
      40
      51
      55
      49
      48
      47
      65
      57
      48
      43
      50
      46
      41
      49
      53
      65
      42
      57
      48
      55
      49
      44
      46
      64
      45
      31
      54
      47
      54
      54
      45
      52
      52
      55
      42
      35
      58
      52
      38
      57
      49
      41
      37
      39
      67
      50
      40
      54
      48
      46
      50
      47
      44
      53
      51
      52
      32
      63
      39
      55
      49
      40
      50
      48
      48
      41
      47
      55
      40
      48
      35
      44
      62
      52
      44
      44
      58
      40
      44
      47
      53
      51
      51
      58
      40
      57
      41
      53
      52
      51
      52
      49
      47
      45
      46
      48
      42
      33
      52
      49
      51
      53
      46
      44
      51
      44
      49
      53
      42
      45
      39
      46
      42
      59
      56
      48
      50
      46
      52
      45
      49
      46
      44
      45
      43
      37
      36
      47
      47
      50
      57
      47
      52
      38
      43
      46
      43
      45
      48
      52
      39
      52
      47
      50
      44
      38
      41
      42
      50
      45
      61
      42
      54
      55
      41
      46
      54
      42
      45
      34
      54
      62
      51
      52
      45
      42
      56
      42
      35
      55
      56
      55
      47
      34
      60
      62
      46
      48
      58
      58
      50
      52
      43
      39
      50
      51
      48
      43
      44
      32
      56
      52
      42
      51
      49
      47
      31
      54
      50
      57
      59
      38
      62
      47
      58
      48
      48
      51
      52
      53
      48
      48
      41
      49
      52
      61
      46
      47
      40
      45
      45
      54
      44
      47
      39
      36
      41
      45
      48
      45
      52
      51
      50
      48
      47
      55
      40
      48
      39
      38
      39
      67
      43
      59
      54
      39
      48
      42
      44
      50
      56
      42
      54
      35
      52
      23
       1
       0
       0
       0
       0
       0
       0
       0
       0
       0
       0
       0
       0
       0
       0
       0
       0
       0
       0
       0
       0
       0
       0
       0
       0
       0
       0
       0
       0
       0
       0
       0
       0
       0
       0
       0
       0
       0
       0
       0
       0
       0
       0
       0
       0
       0
       0
       0
       0
       0
       0
       0
       0
       0
       0
       0
       0
       0
       0
       0
       0
       0
       0
       0
       0
       0
$ROI:
2
95 97
514 605
$PRESETS:
Real Time
200
0
$ENER_FIT:
-289.438599 1.280702
$MCA_CAL:
3
-2.894386E+002 1.280702E+000 0.000000E+000
$SHAPE_CAL:
3
0.000000E+000 0.000000E+000 0.000000E+000
