$SPEC_ID:
MEASURE 348.
$SPEC_REM:
DET# 1
DETDESC# MCB 25
AP# Maestro Version 6.05
$DATE_MEA:
03/16/2003 11:54:31
$MEAS_TIM:
192 200
$DATA:
0 1023
       0
       0
       0
       0
       0
       0
       0
       0
       0
       0
       0
       0
       0
       0
       0
       0
       0
     127
     228
     263
     256
     239
     246
     245
     259
     235
     234
     259
     237
     239
     277
     257
     275
     298
     270
     268
     270
     256
     303
     270
     269
     300
     296
     295
     263
     273
     285
     283
     290
     307
     288
     304
     305
     306
     283
     271
     285
     300
     268
     273
     282
     314
     263
     327
     297
     322
     307
     320
     311
     283
     322
     323
     336
     322
     362
     319
     334
     315
     347
     341
     380
     414
     349
     366
     352
     384
     407
     405
     440
     365
     407
     445
     444
     424
     451
     478
     412
     468
     455
     480
     474
     470
     505
     489
     477
     497
     488
     491
     474
     501
     503
     518
     525
     548
     569
     563
     556
     558
     566
     517
     594
     579
     593
     569
     571
     613
     607
     650
     574
     588
     637
     622
     645
     599
     596
     623
     581
     573
     636
     655
     630
     610
     653
     681
     649
     632
     628
     646
     690
     637
     673
     669
     658
     686
     676
     628
     704
     671
     669
     672
     679
     696
     610
     644
     660
     635
     656
     664
     699
     603
     671
     632
     671
     651
     665
     632
     661
     658
     697
     622
     619
     624
     656
     639
     720
     643
     661
     701
     693
     730
     666
     686
     674
     699
     717
     684
     707
     700
     718
     718
     710
     758
     771
     711
     736
     731
     770
     719
     785
     787
     731
     793
     744
     790
     775
     776
     731
     780
     765
     725
     743
     731
     744
     755
     692
     759
     755
     738
     753
     679
     711
     729
     632
     679
     698
     687
     741
     706
     635
     643
     707
     688
     661
     621
     648
     634
     620
     614
     608
     605
     628
     564
     598
     622
     620
     627
     549
     616
     591
     627
     572
     582
     592
     573
     595
     604
     659
     599
     548
     563
     560
     539
     529
     524
     544
     571
     542
     532
     540
     551
     520
     510
     544
     506
     508
     496
     513
     495
     544
     515
     459
     430
     452
     471
     488
     436
     468
     481
     462
     491
     471
     488
     451
     429
     442
     473
     424
     420
     429
     401
     433
     426
     458
     483
     417
     427
     393
     454
     403
     427
     400
     435
     416
     400
     405
     443
     392
     381
     413
     411
     407
     410
     396
     404
     401
     422
     389
     396
     388
     368
     377
     403
     404
     387
     393
     345
     395
     360
     380
     404
     394
     392
     357
     389
     370
     368
     355
     351
     374
     368
     353
     386
     377
     355
     349
     370
     342
     349
     347
     308
     355
     318
     356
     356
     314
     342
     334
     318
     342
     318
     287
     309
     282
     314
     283
     332
     308
     244
     303
     240
     267
     276
     248
     257
     241
     213
     248
     237
     215
     246
     229
     218
     230
     218
     238
     224
     244
     218
     209
     223
     222
     196
     218
     193
     197
     223
     183
     186
     188
     187
     199
     175
     185
     169
     203
     198
     175
     162
     168
     160
     179
     174
     147
     147
     161
     176
     171
     162
     171
     182
     168
     176
     161
     154
     165
     172
     159
     145
     166
     165
     155
     144
     139
     180
     149
     143
     150
     131
     143
     160
     151
     145
     152
     147
     136
     173
     133
     142
     148
     150
     125
     154
     122
     115
     139
     112
     111
     127
     130
     151
     121
     144
     125
     139
     150
     147
     130
     122
     112
     130
     149
     141
     134
     146
     144
     117
     134
     148
     133
     112
     121
     134
     122
     121
     147
     122
     133
     134
     151
     136
     141
     126
     143
     122
     129
     141
     131
     144
     151
     173
     161
     158
     130
     151
     140
     174
     173
     169
     164
     160
     171
     190
     188
     213
     197
     170
     215
     198
     201
     245
     256
     267
     254
     298
     306
     306
     340
     312
     374
     386
     393
     438
     456
     482
     532
     512
     555
     567
     624
     650
     673
     697
     742
     807
     806
     833
     924
     880
     974
    1049
    1052
    1052
    1152
    1111
    1156
    1251
    1139
    1186
    1216
    1282
    1340
    1316
    1365
    1446
    1332
    1380
    1391
    1384
    1425
    1404
    1457
    1355
    1352
    1426
    1369
    1345
    1256
    1269
    1255
    1323
    1276
    1128
    1138
    1047
    1039
     963
     885
     936
     834
     841
     825
     781
     699
     673
     609
     635
     555
     493
     474
     472
     414
     394
     388
     374
     342
     267
     275
     229
     235
     208
     215
     186
     182
     130
     150
     138
     129
     125
     106
     118
      83
      77
      94
      78
      78
      55
      78
      75
      62
      61
      57
      54
      52
      56
      57
      57
      50
      45
      51
      48
      53
      56
      51
      67
      64
      53
      53
      53
      56
      45
      39
      46
      48
      53
      44
      53
      61
      48
      57
      51
      52
      55
      48
      45
      52
      47
      52
      48
      38
      50
      39
      55
      37
      58
      57
      60
      49
      55
      50
      49
      58
      45
      50
      50
      43
      50
      49
      55
      44
      48
      42
      56
      47
      54
      66
      53
      59
      58
      46
      39
      44
      41
      48
      57
      41
      49
      47
      54
      47
      36
      48
      46
      57
      49
      44
      52
      65
      40
      38
      43
      44
      31
      47
      40
      44
      40
      54
      52
      64
      48
      47
      50
      59
      47
      39
      38
      42
      56
      48
      41
      59
      41
      52
      53
      58
      49
      54
      41
      56
      39
      38
      52
      39
      41
      45
      50
      50
      44
      44
      46
      31
      51
      52
      36
      46
      51
      60
      50
      48
      49
      40
      56
      52
      43
      48
      56
      47
      40
      59
      45
      44
      46
      52
      45
      47
      45
      51
      47
      49
      42
      39
      47
      51
      44
      49
      51
      44
      52
      41
      47
      54
      46
      51
      54
      47
      53
      53
      44
      43
      59
      52
      41
      61
      43
      44
      31
      52
      47
      43
      40
      49
      51
      39
      42
      46
      39
      54
      50
      43
      50
      50
      48
      33
      52
      40
      39
      39
      68
      43
      44
      38
      35
      65
      48
      40
      39
      64
      54
      42
      47
      51
      48
      59
      56
      49
      52
      40
      43
      56
      42
      44
      56
      42
      42
      50
      48
      47
      45
      54
      45
      42
      56
      38
      53
      49
      55
      46
      33
      49
      57
      49
      39
      39
      48
      50
      44
      52
      40
      44
      40
      42
      51
      48
      51
      53
      44
      41
      49
      59
      48
      56
      66
      41
      44
      50
      43
      54
      55
      53
      51
      40
      39
      60
      59
      47
      44
      47
      48
      64
      51
      48
      49
      50
      40
      52
      50
      53
      45
      52
      52
      43
      43
      41
      46
      57
      52
      54
      25
       1
       0
       0
       0
       0
       0
       0
       0
       0
       0
       0
       0
       0
       0
       0
       0
       0
       0
       0
       0
       0
       0
       0
       0
       0
       0
       0
       0
       0
       0
       0
       0
       0
       0
       0
       0
       0
       0
       0
       0
       0
       0
       0
       0
       0
       0
       0
       0
       0
       0
       0
       0
       0
       0
       0
       0
       0
       0
       0
       0
       0
       0
       0
       0
       0
       0
$ROI:
2
95 97
514 605
$PRESETS:
Real Time
200
0
$ENER_FIT:
-289.438599 1.280702
$MCA_CAL:
3
-2.894386E+002 1.280702E+000 0.000000E+000
$SHAPE_CAL:
3
0.000000E+000 0.000000E+000 0.000000E+000
