$SPEC_ID:
MEASURE 140.
$SPEC_REM:
DET# 1
DETDESC# MCB 25
AP# Maestro Version 6.05
$DATE_MEA:
03/15/2003 18:34:31
$MEAS_TIM:
192 200
$DATA:
0 1023
       0
       0
       0
       0
       0
       0
       0
       0
       0
       0
       0
       0
       0
       0
       0
       0
       0
     109
     232
     270
     255
     254
     242
     279
     261
     268
     252
     268
     247
     252
     253
     251
     285
     282
     247
     224
     244
     245
     270
     282
     274
     285
     285
     308
     284
     281
     306
     301
     299
     284
     290
     260
     273
     277
     297
     294
     302
     279
     291
     343
     286
     317
     293
     324
     295
     272
     301
     318
     326
     323
     294
     324
     342
     354
     313
     309
     321
     366
     364
     373
     346
     362
     362
     385
     408
     364
     414
     422
     358
     436
     405
     461
     437
     408
     457
     457
     458
     426
     493
     508
     493
     500
     491
     554
     478
     510
     563
     546
     541
     546
     566
     513
     559
     539
     538
     583
     534
     585
     581
     558
     561
     560
     582
     596
     541
     603
     614
     637
     597
     599
     622
     608
     614
     659
     668
     643
     649
     645
     607
     657
     660
     660
     683
     633
     660
     683
     603
     665
     649
     702
     651
     691
     682
     697
     670
     698
     680
     614
     653
     670
     693
     672
     695
     674
     669
     644
     666
     728
     713
     679
     661
     667
     632
     686
     702
     664
     702
     646
     663
     650
     723
     692
     703
     641
     643
     696
     636
     684
     723
     686
     688
     698
     731
     716
     693
     707
     783
     683
     717
     733
     752
     733
     724
     764
     807
     799
     781
     755
     786
     834
     793
     822
     833
     780
     780
     783
     725
     761
     764
     760
     736
     779
     791
     732
     708
     732
     736
     710
     758
     680
     683
     748
     676
     668
     702
     705
     643
     621
     650
     625
     665
     648
     612
     657
     599
     636
     597
     606
     600
     627
     608
     610
     595
     587
     559
     620
     597
     600
     583
     653
     588
     608
     591
     565
     601
     562
     566
     585
     504
     542
     545
     520
     546
     526
     557
     541
     520
     532
     544
     502
     533
     525
     540
     510
     503
     455
     467
     494
     481
     489
     477
     455
     478
     475
     505
     479
     499
     463
     483
     494
     494
     444
     442
     450
     440
     437
     442
     464
     422
     421
     435
     418
     462
     423
     452
     452
     408
     406
     405
     454
     400
     431
     399
     417
     427
     418
     394
     385
     421
     395
     425
     403
     405
     403
     424
     413
     402
     396
     423
     387
     391
     410
     388
     379
     349
     394
     391
     372
     375
     377
     366
     371
     392
     363
     372
     358
     377
     366
     336
     382
     380
     366
     324
     360
     349
     350
     311
     332
     340
     287
     335
     326
     309
     321
     318
     320
     291
     274
     297
     287
     269
     282
     312
     317
     293
     250
     258
     248
     271
     258
     243
     259
     226
     242
     216
     262
     210
     214
     224
     202
     208
     204
     202
     217
     202
     192
     206
     211
     213
     223
     206
     188
     177
     201
     205
     204
     191
     183
     195
     191
     164
     209
     161
     183
     174
     174
     135
     175
     157
     161
     164
     170
     164
     195
     178
     155
     169
     166
     175
     158
     187
     165
     162
     156
     157
     148
     163
     146
     129
     163
     166
     148
     131
     148
     149
     142
     154
     155
     161
     148
     105
     135
     154
     142
     163
     146
     138
     136
     153
     132
     139
     157
     135
     152
     127
     154
     143
     144
     151
     137
     138
     130
     124
     139
     131
     133
     161
     136
     141
     116
     132
     149
     127
     125
     134
     134
     135
     161
     133
     147
     128
     139
     136
     162
     135
     127
     138
     149
     109
     132
     133
     129
     135
     135
     151
     149
     151
     160
     178
     168
     174
     166
     192
     190
     195
     202
     212
     211
     240
     231
     251
     267
     250
     273
     290
     302
     320
     338
     334
     356
     408
     393
     420
     433
     469
     468
     538
     533
     576
     634
     618
     679
     686
     749
     735
     857
     873
     845
     894
     892
     957
     972
    1079
    1105
    1093
    1169
    1150
    1187
    1278
    1284
    1220
    1396
    1397
    1413
    1399
    1454
    1412
    1395
    1465
    1421
    1424
    1423
    1413
    1448
    1392
    1424
    1372
    1282
    1249
    1294
    1347
    1245
    1227
    1091
    1070
    1077
    1020
    1011
     922
     957
     900
     801
     780
     723
     698
     648
     594
     581
     539
     460
     449
     466
     398
     369
     394
     338
     327
     284
     297
     257
     199
     210
     176
     162
     164
     129
     164
      97
     122
      95
     107
      98
      92
      77
      75
      77
      90
      74
      70
      51
      64
      75
      70
      51
      55
      66
      63
      56
      58
      51
      49
      57
      56
      46
      52
      51
      41
      46
      46
      51
      44
      41
      50
      45
      55
      56
      49
      56
      55
      48
      60
      49
      38
      56
      43
      53
      52
      37
      43
      57
      59
      59
      53
      59
      49
      57
      42
      53
      50
      49
      47
      64
      42
      47
      40
      50
      43
      55
      50
      50
      49
      45
      54
      51
      57
      56
      43
      57
      54
      47
      43
      45
      46
      40
      62
      52
      42
      59
      38
      39
      45
      48
      49
      46
      39
      50
      42
      47
      50
      54
      55
      46
      48
      52
      52
      53
      54
      50
      51
      36
      49
      52
      47
      50
      59
      47
      50
      49
      49
      42
      45
      49
      31
      56
      47
      52
      46
      52
      47
      39
      50
      47
      53
      54
      41
      57
      40
      47
      50
      40
      49
      49
      53
      67
      60
      45
      48
      49
      56
      46
      45
      45
      42
      59
      46
      52
      43
      43
      46
      48
      61
      37
      37
      42
      58
      38
      41
      42
      51
      49
      43
      37
      44
      50
      44
      42
      60
      66
      47
      51
      56
      43
      55
      44
      49
      33
      61
      40
      51
      40
      50
      51
      71
      49
      43
      43
      51
      46
      57
      57
      53
      52
      47
      39
      48
      37
      51
      52
      37
      41
      61
      45
      49
      44
      45
      39
      53
      40
      53
      59
      50
      57
      48
      48
      48
      47
      34
      56
      42
      49
      50
      43
      44
      51
      57
      48
      44
      52
      49
      44
      48
      55
      54
      44
      45
      53
      62
      47
      48
      41
      38
      49
      53
      55
      48
      41
      39
      45
      55
      40
      42
      45
      48
      51
      49
      40
      57
      50
      52
      43
      31
      52
      53
      57
      36
      52
      47
      42
      46
      63
      43
      49
      45
      48
      51
      72
      36
      60
      55
      51
      59
      49
      54
      46
      52
      46
      51
      53
      45
      49
      41
      45
      45
      43
      44
      42
      48
      36
      47
      47
      52
      52
      60
      47
      43
      56
      49
      52
      49
      60
      51
      50
      48
      54
      58
      48
      54
      19
       0
       0
       0
       0
       0
       0
       0
       0
       0
       0
       0
       0
       0
       0
       0
       0
       0
       0
       0
       0
       0
       0
       0
       0
       0
       0
       0
       0
       0
       0
       0
       0
       0
       0
       0
       0
       0
       0
       0
       0
       0
       0
       0
       0
       0
       0
       0
       0
       0
       0
       0
       0
       0
       0
       0
       0
       0
       0
       0
       0
       0
       0
       0
       0
       0
       0
$ROI:
2
95 97
514 605
$PRESETS:
Real Time
200
0
$ENER_FIT:
-289.438599 1.280702
$MCA_CAL:
3
-2.894386E+002 1.280702E+000 0.000000E+000
$SHAPE_CAL:
3
0.000000E+000 0.000000E+000 0.000000E+000
