$SPEC_ID:
MEASURE 640.
$SPEC_REM:
DET# 1
DETDESC# MCB 25
AP# Maestro Version 6.05
$DATE_MEA:
03/17/2003 12:14:31
$MEAS_TIM:
192 200
$DATA:
0 1023
       0
       0
       0
       0
       0
       0
       0
       0
       0
       0
       0
       0
       0
       0
       0
       0
       0
     126
     231
     235
     244
     240
     264
     248
     249
     251
     246
     247
     254
     261
     236
     238
     277
     259
     272
     279
     266
     260
     255
     269
     289
     278
     282
     287
     287
     249
     297
     301
     289
     288
     273
     301
     280
     277
     311
     263
     303
     285
     270
     260
     290
     260
     280
     309
     278
     323
     280
     301
     288
     299
     314
     322
     333
     302
     346
     321
     329
     317
     332
     335
     353
     399
     350
     377
     334
     370
     381
     353
     378
     401
     408
     419
     407
     448
     392
     427
     457
     423
     443
     496
     447
     470
     422
     450
     475
     504
     494
     504
     505
     531
     522
     530
     525
     546
     520
     578
     549
     538
     535
     511
     579
     515
     552
     530
     567
     576
     573
     570
     591
     583
     556
     579
     556
     601
     618
     600
     587
     603
     593
     656
     607
     610
     614
     602
     651
     617
     610
     674
     628
     693
     587
     645
     626
     646
     655
     680
     684
     656
     701
     700
     677
     658
     683
     677
     667
     657
     620
     630
     646
     646
     654
     648
     622
     650
     678
     649
     643
     670
     639
     605
     664
     668
     639
     655
     657
     621
     611
     626
     661
     653
     674
     625
     694
     652
     647
     701
     699
     666
     632
     652
     697
     689
     691
     761
     708
     741
     731
     762
     696
     746
     770
     757
     759
     751
     743
     737
     770
     751
     788
     748
     766
     789
     785
     783
     730
     785
     711
     742
     737
     703
     732
     724
     718
     701
     681
     642
     694
     670
     658
     668
     625
     638
     667
     644
     648
     635
     663
     631
     580
     618
     643
     567
     595
     598
     533
     589
     639
     637
     600
     596
     573
     597
     566
     529
     525
     583
     603
     609
     588
     542
     576
     536
     567
     603
     503
     552
     536
     539
     547
     481
     559
     543
     546
     538
     532
     527
     506
     489
     524
     489
     505
     493
     484
     495
     481
     497
     489
     487
     465
     476
     488
     455
     459
     447
     435
     463
     433
     463
     420
     480
     458
     452
     436
     443
     423
     438
     438
     456
     442
     425
     423
     422
     424
     415
     391
     445
     394
     444
     417
     393
     380
     414
     380
     399
     444
     362
     399
     403
     382
     380
     391
     373
     392
     359
     408
     410
     375
     382
     390
     385
     364
     405
     368
     363
     375
     383
     366
     392
     346
     384
     350
     332
     359
     329
     379
     364
     346
     345
     342
     352
     354
     344
     354
     326
     349
     341
     334
     307
     320
     304
     325
     325
     305
     296
     300
     309
     297
     273
     298
     317
     280
     259
     268
     282
     299
     269
     270
     271
     234
     260
     233
     259
     223
     201
     214
     231
     221
     211
     229
     188
     236
     248
     215
     209
     229
     202
     182
     172
     193
     171
     201
     171
     206
     201
     174
     169
     162
     160
     187
     161
     170
     169
     168
     192
     168
     171
     174
     172
     168
     154
     156
     154
     149
     168
     156
     164
     152
     139
     177
     138
     160
     153
     161
     177
     150
     132
     166
     147
     148
     168
     145
     159
     135
     145
     136
     146
     144
     135
     144
     145
     132
     131
     148
     136
     131
     153
     131
     124
     164
     132
     117
     118
     131
     156
     161
     124
     129
     135
     112
     131
     134
     110
     133
     127
     145
     129
     140
     155
     130
     152
     133
     135
     136
     137
     131
     145
     122
     152
     123
     141
     122
     142
     128
     161
     127
     132
     111
     146
     134
     147
     151
     126
      95
     146
     136
     151
     127
     165
     151
     154
     149
     135
     163
     168
     196
     169
     175
     185
     189
     197
     181
     206
     214
     240
     226
     216
     249
     252
     256
     264
     265
     295
     336
     336
     354
     369
     439
     411
     435
     432
     487
     506
     560
     559
     584
     633
     669
     661
     713
     731
     773
     836
     851
     905
     960
     988
     967
    1021
    1015
    1066
    1151
    1194
    1211
    1218
    1236
    1304
    1329
    1374
    1331
    1421
    1395
    1390
    1360
    1379
    1366
    1368
    1376
    1374
    1432
    1373
    1314
    1309
    1317
    1335
    1262
    1206
    1260
    1233
    1118
    1104
    1033
    1012
     995
     986
     968
     875
     822
     781
     789
     696
     734
     667
     583
     547
     535
     496
     481
     459
     409
     369
     360
     342
     311
     290
     259
     264
     239
     232
     184
     188
     178
     142
     135
     150
     146
     126
      88
      78
     107
      93
      83
      82
      87
      63
      65
      64
      71
      59
      51
      67
      59
      55
      50
      47
      47
      61
      68
      45
      59
      49
      51
      52
      62
      41
      44
      61
      62
      52
      40
      63
      46
      59
      44
      55
      59
      65
      52
      48
      55
      48
      46
      44
      35
      47
      53
      45
      46
      61
      50
      65
      54
      58
      52
      42
      51
      60
      36
      62
      47
      53
      43
      55
      46
      51
      66
      45
      46
      48
      41
      55
      47
      45
      48
      44
      34
      42
      42
      41
      48
      38
      40
      47
      53
      45
      41
      45
      39
      49
      51
      66
      52
      59
      50
      39
      39
      50
      47
      47
      61
      39
      38
      57
      49
      47
      54
      47
      46
      48
      50
      44
      46
      48
      51
      49
      36
      46
      51
      39
      54
      47
      36
      44
      34
      49
      44
      46
      50
      43
      51
      45
      46
      36
      35
      51
      47
      44
      47
      33
      46
      44
      55
      38
      40
      42
      44
      44
      64
      55
      47
      58
      60
      45
      48
      45
      49
      49
      51
      51
      40
      48
      41
      54
      39
      41
      51
      52
      45
      39
      39
      50
      49
      48
      44
      47
      39
      58
      55
      33
      34
      42
      28
      33
      36
      42
      54
      35
      46
      49
      38
      34
      57
      48
      47
      47
      41
      31
      40
      47
      53
      38
      37
      42
      46
      47
      47
      47
      53
      46
      53
      47
      45
      41
      53
      45
      45
      43
      38
      42
      49
      45
      45
      43
      49
      41
      52
      58
      53
      50
      58
      52
      40
      38
      58
      41
      38
      45
      49
      60
      45
      46
      48
      64
      44
      52
      42
      44
      54
      44
      49
      44
      48
      38
      51
      54
      47
      50
      46
      45
      38
      46
      44
      53
      58
      48
      37
      39
      49
      44
      41
      38
      42
      45
      48
      42
      43
      49
      49
      54
      37
      38
      40
      49
      63
      51
      48
      53
      43
      33
      52
      38
      36
      35
      59
      36
      53
      52
      45
      44
      48
      48
      50
      47
      50
      52
      51
      47
      46
      39
       0
       0
       0
       0
       0
       0
       0
       0
       0
       0
       0
       0
       0
       0
       0
       0
       0
       0
       0
       0
       0
       0
       0
       0
       0
       0
       0
       0
       0
       0
       0
       0
       0
       0
       0
       0
       0
       0
       0
       0
       0
       0
       0
       0
       0
       0
       0
       0
       0
       0
       0
       0
       0
       0
       0
       0
       0
       0
       0
       0
       0
       0
       0
       0
       0
       0
$ROI:
2
95 97
514 605
$PRESETS:
Real Time
200
0
$ENER_FIT:
-289.438599 1.280702
$MCA_CAL:
3
-2.894386E+002 1.280702E+000 0.000000E+000
$SHAPE_CAL:
3
0.000000E+000 0.000000E+000 0.000000E+000
