$SPEC_ID:
MEASURE 122.
$SPEC_REM:
DET# 1
DETDESC# MCB 25
AP# Maestro Version 6.05
$DATE_MEA:
03/15/2003 17:04:31
$MEAS_TIM:
192 200
$DATA:
0 1023
       0
       0
       0
       0
       0
       0
       0
       0
       0
       0
       0
       0
       0
       0
       0
       0
       0
     123
     241
     254
     269
     288
     255
     262
     280
     258
     277
     240
     269
     252
     260
     264
     259
     275
     290
     270
     272
     294
     290
     282
     285
     294
     280
     296
     253
     275
     275
     310
     292
     290
     287
     298
     280
     312
     319
     298
     335
     289
     282
     303
     317
     276
     304
     275
     310
     321
     303
     304
     287
     332
     298
     337
     325
     357
     358
     339
     332
     361
     369
     355
     362
     344
     359
     338
     405
     390
     389
     424
     337
     422
     420
     409
     459
     472
     450
     451
     481
     457
     458
     486
     481
     511
     526
     487
     472
     495
     536
     502
     546
     551
     520
     497
     537
     537
     600
     543
     568
     560
     571
     581
     606
     583
     591
     575
     564
     629
     667
     598
     639
     633
     567
     669
     656
     634
     605
     613
     606
     638
     655
     583
     637
     652
     665
     666
     659
     617
     685
     650
     649
     671
     693
     729
     660
     661
     729
     697
     677
     673
     683
     700
     649
     715
     681
     710
     705
     652
     729
     651
     699
     695
     721
     666
     675
     670
     646
     668
     633
     646
     707
     674
     687
     726
     675
     668
     660
     695
     675
     642
     705
     700
     681
     700
     727
     733
     716
     644
     702
     770
     735
     734
     729
     807
     749
     761
     779
     766
     800
     727
     792
     798
     781
     753
     764
     780
     733
     761
     785
     726
     766
     769
     786
     770
     748
     685
     686
     693
     695
     739
     720
     694
     693
     697
     665
     589
     642
     633
     679
     688
     658
     668
     616
     616
     648
     571
     627
     654
     626
     606
     588
     616
     585
     582
     611
     581
     622
     612
     560
     589
     550
     640
     557
     583
     589
     579
     567
     596
     574
     531
     609
     577
     526
     593
     544
     543
     570
     532
     505
     520
     534
     520
     523
     534
     520
     452
     497
     510
     467
     467
     501
     488
     478
     438
     495
     503
     513
     512
     487
     492
     404
     482
     443
     443
     501
     432
     475
     465
     447
     398
     396
     426
     444
     410
     416
     447
     417
     464
     442
     394
     417
     458
     420
     462
     448
     407
     442
     431
     433
     405
     412
     424
     383
     418
     392
     414
     388
     352
     378
     374
     414
     408
     422
     378
     385
     370
     364
     408
     394
     362
     364
     409
     398
     329
     381
     365
     376
     364
     377
     371
     345
     375
     343
     365
     346
     328
     375
     359
     328
     339
     314
     325
     313
     298
     325
     293
     299
     297
     281
     286
     261
     260
     292
     304
     275
     293
     268
     270
     242
     244
     277
     263
     230
     217
     231
     216
     244
     235
     206
     215
     206
     219
     226
     194
     207
     221
     235
     204
     224
     206
     196
     200
     199
     174
     164
     179
     195
     166
     176
     169
     175
     179
     180
     168
     185
     182
     165
     197
     153
     165
     154
     187
     150
     161
     175
     169
     180
     179
     177
     138
     163
     154
     141
     148
     139
     145
     145
     175
     134
     159
     146
     154
     153
     123
     121
     158
     145
     149
     153
     151
     155
     161
     136
     154
     146
     146
     112
     145
     152
     143
     126
     145
     119
     135
     135
     143
     152
     147
     126
     142
     157
     149
     133
     149
     133
     143
     121
     153
     145
     147
     134
     145
     143
     146
     137
     120
     145
     123
     138
     153
     146
     149
     137
     171
     136
     162
     141
     151
     135
     124
     136
     159
     132
     145
     159
     166
     150
     180
     163
     166
     157
     148
     194
     198
     166
     182
     194
     192
     207
     238
     195
     223
     235
     227
     259
     274
     263
     268
     316
     329
     374
     386
     415
     453
     456
     464
     465
     530
     567
     568
     623
     642
     693
     703
     747
     810
     839
     846
     857
     941
     975
    1000
    1045
    1066
    1099
    1182
    1140
    1131
    1217
    1276
    1287
    1332
    1391
    1362
    1363
    1342
    1390
    1430
    1460
    1428
    1437
    1450
    1414
    1412
    1373
    1402
    1427
    1297
    1252
    1333
    1222
    1213
    1210
    1166
    1117
    1084
    1083
     969
     999
     891
     922
     778
     825
     772
     755
     644
     673
     574
     572
     520
     499
     441
     405
     427
     354
     330
     333
     290
     280
     272
     259
     196
     209
     178
     176
     147
     158
     118
     115
     121
     106
      98
      89
      84
      72
      80
      76
      76
      59
      64
      62
      59
      60
      49
      65
      67
      57
      55
      57
      61
      59
      58
      53
      50
      59
      57
      54
      55
      48
      61
      63
      56
      49
      66
      47
      56
      62
      54
      60
      52
      51
      36
      45
      45
      47
      57
      49
      48
      55
      57
      44
      63
      52
      47
      51
      62
      46
      48
      54
      60
      50
      51
      49
      33
      61
      51
      48
      42
      46
      57
      45
      44
      51
      54
      50
      58
      52
      42
      41
      46
      56
      55
      51
      53
      43
      41
      44
      39
      37
      53
      40
      49
      60
      50
      48
      45
      50
      44
      51
      43
      44
      55
      51
      58
      59
      49
      58
      43
      42
      43
      53
      47
      48
      50
      48
      41
      68
      46
      50
      41
      43
      52
      49
      49
      36
      46
      41
      50
      49
      44
      55
      42
      42
      48
      52
      50
      40
      46
      56
      50
      46
      40
      39
      54
      54
      61
      46
      52
      47
      42
      57
      48
      43
      46
      45
      41
      45
      53
      56
      45
      45
      47
      43
      54
      50
      55
      36
      50
      46
      52
      55
      61
      49
      61
      54
      55
      57
      55
      46
      45
      58
      53
      53
      36
      52
      39
      57
      46
      56
      44
      41
      44
      39
      44
      43
      48
      58
      55
      48
      41
      46
      52
      52
      47
      36
      65
      59
      51
      54
      52
      39
      41
      37
      43
      50
      45
      48
      47
      47
      53
      45
      51
      50
      59
      36
      50
      43
      56
      59
      48
      55
      57
      46
      50
      45
      50
      62
      56
      49
      44
      47
      53
      49
      36
      54
      48
      36
      39
      42
      42
      49
      46
      43
      58
      46
      42
      52
      45
      60
      50
      53
      50
      45
      48
      58
      60
      53
      37
      64
      45
      51
      52
      44
      50
      48
      44
      47
      44
      56
      52
      52
      50
      52
      55
      52
      52
      45
      49
      57
      51
      46
      49
      48
      51
      43
      38
      41
      45
      42
      67
      43
      53
      60
      44
      57
      40
      53
      52
      47
      53
      41
      50
      49
      53
      54
      53
      52
      48
      51
      46
      46
      43
      45
      53
      66
      49
      48
      53
      58
      25
       1
       0
       0
       0
       0
       0
       0
       0
       0
       0
       0
       0
       0
       0
       0
       0
       0
       0
       0
       0
       0
       0
       0
       0
       0
       0
       0
       0
       0
       0
       0
       0
       0
       0
       0
       0
       0
       0
       0
       0
       0
       0
       0
       0
       0
       0
       0
       0
       0
       0
       0
       0
       0
       0
       0
       0
       0
       0
       0
       0
       0
       0
       0
       0
       0
       0
$ROI:
2
95 97
514 605
$PRESETS:
Real Time
200
0
$ENER_FIT:
-289.438599 1.280702
$MCA_CAL:
3
-2.894386E+002 1.280702E+000 0.000000E+000
$SHAPE_CAL:
3
0.000000E+000 0.000000E+000 0.000000E+000
