$SPEC_ID:
MEASURE 179.
$SPEC_REM:
DET# 1
DETDESC# MCB 25
AP# Maestro Version 6.05
$DATE_MEA:
03/15/2003 21:49:31
$MEAS_TIM:
192 200
$DATA:
0 1023
       0
       0
       0
       0
       0
       0
       0
       0
       0
       0
       0
       0
       0
       0
       0
       0
       0
     117
     239
     246
     251
     228
     267
     253
     233
     253
     260
     280
     259
     257
     304
     273
     270
     281
     277
     276
     255
     299
     275
     275
     273
     269
     274
     269
     252
     253
     308
     279
     278
     292
     279
     286
     312
     330
     262
     307
     301
     331
     302
     322
     292
     291
     305
     263
     293
     298
     287
     303
     333
     318
     311
     324
     336
     340
     338
     310
     355
     339
     328
     384
     353
     399
     377
     389
     415
     370
     387
     413
     375
     385
     388
     427
     437
     449
     501
     440
     450
     469
     452
     479
     471
     469
     510
     527
     499
     560
     499
     504
     510
     525
     582
     534
     576
     555
     578
     523
     542
     595
     559
     567
     554
     526
     569
     624
     577
     583
     576
     640
     579
     597
     586
     679
     645
     597
     618
     641
     656
     643
     652
     648
     644
     668
     652
     676
     644
     655
     661
     640
     681
     626
     652
     613
     686
     645
     645
     676
     683
     732
     625
     664
     632
     633
     689
     659
     645
     691
     629
     657
     616
     729
     646
     695
     696
     675
     651
     693
     659
     694
     606
     669
     677
     693
     657
     642
     612
     653
     685
     701
     600
     690
     670
     756
     668
     682
     698
     697
     722
     719
     754
     738
     766
     769
     699
     756
     810
     807
     797
     757
     779
     791
     793
     728
     785
     769
     767
     781
     817
     852
     770
     798
     765
     719
     749
     757
     724
     707
     735
     744
     705
     698
     733
     700
     650
     670
     649
     656
     636
     649
     683
     688
     625
     698
     631
     642
     663
     654
     590
     608
     587
     611
     648
     565
     642
     639
     575
     594
     621
     620
     553
     597
     586
     566
     585
     579
     620
     541
     514
     597
     525
     529
     552
     522
     555
     573
     551
     577
     554
     525
     542
     563
     472
     491
     512
     474
     506
     500
     530
     479
     504
     471
     515
     519
     451
     499
     455
     477
     514
     420
     464
     483
     472
     484
     448
     467
     437
     450
     443
     468
     463
     447
     397
     412
     473
     461
     467
     416
     399
     408
     432
     423
     423
     433
     412
     403
     413
     415
     420
     433
     390
     439
     337
     385
     436
     433
     381
     413
     360
     352
     389
     378
     362
     357
     406
     346
     385
     363
     404
     359
     397
     386
     364
     382
     370
     380
     371
     367
     394
     363
     370
     357
     357
     336
     375
     376
     338
     322
     364
     365
     352
     322
     340
     349
     324
     342
     325
     319
     308
     297
     279
     298
     299
     305
     269
     288
     242
     282
     292
     264
     285
     266
     265
     271
     225
     281
     247
     251
     215
     237
     230
     213
     213
     208
     220
     212
     225
     200
     201
     183
     225
     195
     212
     209
     178
     207
     196
     189
     180
     173
     200
     175
     194
     182
     196
     179
     174
     169
     170
     188
     203
     176
     141
     178
     166
     172
     175
     155
     152
     180
     143
     185
     171
     157
     142
     165
     155
     157
     168
     148
     143
     142
     139
     163
     160
     142
     160
     151
     136
     140
     139
     130
     144
     136
     142
     132
     119
     138
     146
     144
     143
     145
     143
     140
     132
     140
     147
     120
     141
     120
     143
     139
     132
     129
     149
     146
     141
     135
     129
     167
     128
     115
     130
     134
     139
     104
     127
     121
     134
     132
     148
     120
     137
     144
     129
     143
     143
     147
     127
     154
     152
     136
     115
     150
     144
     138
     139
     123
     168
     165
     162
     150
     158
     155
     183
     170
     180
     203
     174
     183
     205
     188
     238
     226
     217
     243
     217
     284
     264
     295
     300
     332
     337
     358
     389
     379
     447
     430
     462
     478
     528
     486
     607
     602
     659
     647
     708
     741
     754
     803
     808
     862
     949
     956
     896
     940
    1051
    1032
    1146
    1091
    1185
    1219
    1291
    1272
    1320
    1320
    1358
    1384
    1322
    1348
    1369
    1396
    1378
    1442
    1407
    1440
    1380
    1481
    1434
    1345
    1351
    1368
    1314
    1324
    1209
    1200
    1183
    1127
    1107
    1119
     974
     979
     896
     929
     939
     820
     755
     742
     730
     720
     675
     576
     571
     559
     482
     425
     427
     420
     371
     294
     282
     312
     261
     262
     226
     224
     223
     176
     169
     176
     161
     133
     125
     108
      97
      97
      84
      70
      70
      78
      77
      64
      76
      69
      54
      66
      65
      57
      67
      67
      47
      51
      49
      50
      59
      62
      38
      67
      64
      55
      66
      53
      53
      48
      42
      63
      59
      59
      63
      50
      33
      51
      63
      67
      64
      59
      47
      51
      62
      61
      49
      48
      48
      54
      65
      54
      52
      47
      42
      39
      58
      50
      57
      42
      55
      49
      54
      58
      52
      51
      45
      58
      55
      55
      57
      57
      45
      42
      60
      61
      50
      56
      36
      58
      59
      51
      59
      36
      43
      39
      44
      49
      48
      44
      44
      48
      52
      49
      49
      43
      59
      41
      30
      45
      46
      49
      55
      45
      51
      50
      45
      57
      51
      51
      50
      44
      61
      36
      33
      46
      36
      45
      39
      45
      54
      61
      57
      47
      47
      50
      51
      67
      40
      49
      44
      52
      41
      41
      56
      40
      47
      43
      44
      55
      37
      52
      29
      49
      55
      52
      44
      50
      46
      50
      54
      53
      54
      55
      41
      43
      50
      40
      61
      59
      60
      43
      49
      54
      48
      52
      67
      47
      48
      50
      52
      43
      41
      49
      43
      34
      59
      46
      67
      43
      47
      59
      41
      39
      42
      49
      58
      56
      47
      40
      43
      47
      38
      45
      32
      69
      38
      47
      36
      47
      50
      61
      41
      57
      39
      40
      45
      40
      49
      39
      45
      49
      54
      52
      44
      43
      58
      55
      47
      45
      51
      36
      51
      47
      56
      46
      46
      60
      44
      47
      61
      56
      39
      54
      56
      45
      46
      46
      62
      46
      44
      46
      49
      54
      47
      54
      49
      44
      52
      37
      50
      43
      43
      56
      48
      50
      47
      67
      46
      58
      56
      42
      43
      37
      54
      54
      61
      55
      49
      53
      40
      40
      47
      59
      55
      43
      43
      49
      54
      47
      41
      39
      43
      40
      55
      49
      46
      47
      51
      42
      41
      54
      41
      55
      38
      44
      45
      47
      59
      55
      50
      50
      58
      56
      54
      41
      45
      49
      51
      40
      57
      44
      60
      52
      36
      56
      53
      48
      46
      63
      44
      63
      44
      53
      59
      36
       2
       0
       0
       0
       0
       0
       0
       0
       0
       0
       0
       0
       0
       0
       0
       0
       0
       0
       0
       0
       0
       0
       0
       0
       0
       0
       0
       0
       0
       0
       0
       0
       0
       0
       0
       0
       0
       0
       0
       0
       0
       0
       0
       0
       0
       0
       0
       0
       0
       0
       0
       0
       0
       0
       0
       0
       0
       0
       0
       0
       0
       0
       0
       0
       0
       0
$ROI:
2
95 97
514 605
$PRESETS:
Real Time
200
0
$ENER_FIT:
-289.438599 1.280702
$MCA_CAL:
3
-2.894386E+002 1.280702E+000 0.000000E+000
$SHAPE_CAL:
3
0.000000E+000 0.000000E+000 0.000000E+000
