$SPEC_ID:
MEASURE 367.
$SPEC_REM:
DET# 1
DETDESC# MCB 25
AP# Maestro Version 6.05
$DATE_MEA:
03/16/2003 13:29:31
$MEAS_TIM:
192 200
$DATA:
0 1023
       0
       0
       0
       0
       0
       0
       0
       0
       0
       0
       0
       0
       0
       0
       0
       0
       0
     115
     237
     214
     261
     254
     238
     241
     283
     237
     263
     254
     228
     240
     275
     242
     295
     288
     242
     273
     287
     268
     296
     285
     279
     286
     262
     242
     270
     271
     295
     274
     276
     300
     279
     279
     275
     261
     260
     281
     275
     277
     280
     317
     314
     303
     297
     311
     301
     308
     340
     318
     296
     319
     317
     292
     308
     303
     332
     354
     316
     321
     334
     345
     384
     350
     358
     378
     365
     362
     392
     391
     390
     409
     394
     417
     458
     446
     453
     442
     464
     448
     477
     459
     455
     445
     499
     474
     462
     527
     484
     495
     531
     512
     535
     529
     498
     519
     584
     569
     555
     564
     582
     538
     550
     556
     544
     608
     613
     594
     589
     623
     545
     598
     527
     602
     621
     567
     607
     633
     629
     616
     663
     649
     679
     634
     597
     651
     630
     610
     636
     656
     675
     692
     670
     687
     653
     609
     648
     637
     643
     660
     635
     664
     641
     668
     635
     680
     637
     689
     668
     663
     696
     646
     710
     684
     629
     646
     641
     644
     687
     659
     668
     683
     679
     669
     678
     640
     655
     701
     693
     699
     674
     656
     600
     681
     647
     734
     711
     710
     673
     695
     730
     743
     751
     716
     743
     681
     740
     721
     752
     795
     750
     784
     704
     765
     766
     813
     764
     766
     764
     820
     729
     772
     721
     770
     783
     706
     732
     740
     749
     665
     726
     695
     741
     719
     717
     702
     690
     664
     651
     613
     676
     667
     628
     654
     613
     629
     617
     660
     618
     607
     629
     602
     619
     584
     601
     591
     564
     663
     621
     584
     592
     592
     593
     640
     565
     531
     581
     583
     581
     559
     570
     564
     522
     554
     548
     550
     539
     556
     560
     510
     556
     570
     516
     563
     513
     480
     498
     486
     521
     529
     540
     492
     488
     463
     462
     490
     481
     479
     514
     506
     444
     489
     462
     439
     442
     447
     451
     462
     460
     439
     494
     408
     436
     467
     466
     449
     423
     463
     440
     455
     460
     391
     426
     454
     424
     413
     429
     409
     446
     416
     421
     397
     406
     418
     432
     403
     390
     382
     386
     384
     395
     397
     432
     393
     401
     397
     375
     409
     368
     367
     350
     432
     377
     350
     349
     370
     374
     406
     368
     368
     355
     355
     340
     387
     385
     341
     375
     366
     385
     359
     334
     378
     315
     351
     339
     347
     339
     325
     334
     301
     313
     313
     316
     315
     308
     328
     311
     281
     262
     293
     253
     274
     276
     258
     254
     247
     270
     260
     209
     249
     208
     243
     230
     228
     254
     246
     204
     231
     210
     193
     211
     217
     193
     200
     188
     206
     203
     221
     172
     201
     208
     187
     193
     183
     193
     194
     177
     166
     190
     159
     151
     152
     161
     174
     190
     149
     168
     171
     163
     166
     163
     149
     174
     165
     161
     164
     153
     148
     145
     168
     152
     152
     166
     166
     176
     169
     157
     156
     161
     113
     136
     130
     153
     138
     170
     150
     144
     119
     141
     130
     151
     140
     149
     149
     124
     126
     136
     146
     146
     157
     139
     115
     126
     142
     160
     130
     126
     136
     150
     120
     131
     122
     147
     142
     124
     158
     122
     136
     148
     126
     151
     138
     142
     122
     124
     144
     145
     134
     123
     125
     133
     126
     120
     156
     139
     131
     147
     128
     134
     126
     148
     154
     134
     134
     148
     138
     175
     159
     147
     156
     163
     176
     147
     171
     151
     210
     199
     180
     207
     219
     226
     249
     252
     255
     245
     277
     312
     281
     348
     340
     365
     376
     380
     420
     451
     448
     479
     539
     543
     555
     604
     609
     687
     657
     710
     734
     766
     849
     858
     887
     989
     978
     957
     998
    1051
    1116
    1239
    1180
    1224
    1168
    1249
    1330
    1261
    1385
    1291
    1347
    1356
    1312
    1377
    1409
    1444
    1453
    1354
    1328
    1406
    1403
    1348
    1330
    1347
    1293
    1269
    1297
    1147
    1115
    1176
    1111
    1075
    1005
    1065
     904
     922
     851
     788
     746
     795
     687
     633
     630
     581
     566
     542
     467
     450
     401
     387
     373
     363
     337
     324
     273
     227
     256
     231
     204
     182
     184
     158
     150
     150
     128
     126
     117
     102
      92
      85
      83
      85
      80
      85
      67
      66
      49
      74
      59
      68
      55
      63
      61
      67
      44
      51
      55
      54
      46
      63
      60
      57
      42
      56
      49
      40
      34
      53
      49
      52
      50
      56
      54
      62
      55
      57
      62
      42
      40
      51
      51
      52
      45
      46
      55
      56
      53
      49
      56
      41
      48
      45
      54
      59
      42
      45
      48
      41
      41
      43
      64
      47
      53
      59
      47
      48
      51
      38
      43
      60
      50
      60
      36
      38
      46
      63
      63
      39
      53
      55
      44
      51
      44
      43
      47
      52
      44
      45
      67
      49
      60
      44
      52
      40
      56
      53
      52
      48
      32
      46
      57
      50
      45
      48
      50
      50
      48
      33
      43
      52
      51
      42
      43
      39
      43
      40
      56
      33
      52
      41
      49
      50
      52
      42
      44
      41
      51
      59
      48
      46
      60
      45
      35
      49
      51
      65
      47
      57
      40
      39
      47
      48
      45
      61
      53
      55
      56
      36
      39
      46
      49
      43
      50
      61
      42
      44
      48
      55
      59
      50
      51
      45
      49
      49
      40
      44
      51
      52
      46
      52
      32
      45
      42
      42
      38
      42
      47
      43
      50
      45
      36
      50
      38
      38
      37
      41
      51
      57
      58
      39
      46
      55
      50
      41
      52
      34
      40
      45
      38
      49
      64
      59
      43
      50
      51
      60
      46
      44
      42
      53
      51
      51
      45
      41
      48
      50
      46
      43
      36
      48
      39
      42
      51
      62
      40
      45
      50
      51
      40
      51
      47
      60
      39
      56
      52
      40
      50
      52
      39
      58
      44
      56
      52
      37
      56
      52
      46
      48
      43
      41
      52
      44
      41
      48
      44
      50
      62
      36
      53
      52
      51
      48
      59
      47
      49
      48
      34
      45
      54
      47
      51
      52
      51
      54
      55
      58
      44
      53
      55
      42
      40
      36
      44
      42
      55
      42
      38
      50
      43
      42
      51
      59
      55
      40
      52
      41
      50
      47
      52
      49
      45
      51
      56
      43
      38
      49
      59
      47
      39
      42
      50
      42
      56
      53
      28
       1
       0
       0
       0
       0
       0
       0
       0
       0
       0
       0
       0
       0
       0
       0
       0
       0
       0
       0
       0
       0
       0
       0
       0
       0
       0
       0
       0
       0
       0
       0
       0
       0
       0
       0
       0
       0
       0
       0
       0
       0
       0
       0
       0
       0
       0
       0
       0
       0
       0
       0
       0
       0
       0
       0
       0
       0
       0
       0
       0
       0
       0
       0
       0
       0
       0
$ROI:
2
95 97
514 605
$PRESETS:
Real Time
200
0
$ENER_FIT:
-289.438599 1.280702
$MCA_CAL:
3
-2.894386E+002 1.280702E+000 0.000000E+000
$SHAPE_CAL:
3
0.000000E+000 0.000000E+000 0.000000E+000
