$SPEC_ID:
MEASURE 758.
$SPEC_REM:
DET# 1
DETDESC# MCB 25
AP# Maestro Version 6.05
$DATE_MEA:
03/17/2003 22:04:31
$MEAS_TIM:
192 200
$DATA:
0 1023
       0
       0
       0
       0
       0
       0
       0
       0
       0
       0
       0
       0
       0
       0
       0
       0
       0
      92
     249
     218
     229
     230
     251
     224
     259
     268
     231
     251
     240
     262
     222
     245
     233
     233
     247
     281
     248
     286
     264
     233
     268
     281
     263
     277
     251
     265
     274
     296
     272
     260
     278
     279
     294
     312
     261
     311
     282
     288
     319
     287
     262
     293
     315
     301
     291
     300
     294
     288
     319
     269
     319
     273
     305
     325
     306
     329
     343
     311
     357
     332
     344
     373
     348
     410
     328
     362
     367
     362
     387
     364
     381
     397
     397
     421
     428
     407
     398
     425
     433
     434
     460
     454
     468
     485
     458
     464
     503
     529
     500
     531
     547
     475
     491
     495
     561
     513
     522
     550
     562
     514
     534
     569
     556
     560
     539
     558
     591
     585
     588
     608
     590
     622
     569
     589
     612
     608
     643
     596
     619
     637
     665
     632
     608
     673
     639
     601
     639
     652
     652
     606
     680
     616
     597
     639
     635
     627
     635
     642
     657
     660
     654
     651
     649
     657
     647
     609
     666
     621
     711
     665
     672
     661
     642
     642
     645
     658
     646
     643
     647
     608
     601
     683
     622
     642
     676
     644
     663
     652
     655
     645
     604
     634
     664
     645
     648
     660
     664
     702
     640
     727
     730
     721
     694
     683
     693
     715
     728
     698
     736
     754
     700
     760
     749
     727
     793
     744
     770
     774
     752
     739
     723
     832
     761
     797
     767
     717
     787
     727
     742
     735
     712
     694
     714
     717
     701
     652
     725
     701
     717
     641
     676
     642
     602
     637
     632
     615
     591
     657
     635
     574
     614
     636
     575
     600
     605
     586
     644
     578
     566
     574
     569
     565
     581
     552
     596
     576
     556
     553
     573
     607
     517
     572
     561
     540
     587
     526
     543
     511
     520
     510
     539
     509
     497
     535
     509
     511
     504
     526
     526
     480
     515
     487
     513
     484
     501
     501
     465
     494
     464
     475
     461
     475
     467
     462
     472
     458
     478
     456
     453
     459
     429
     417
     439
     455
     386
     430
     422
     425
     418
     436
     431
     455
     399
     409
     415
     416
     418
     413
     417
     424
     398
     386
     379
     402
     399
     401
     406
     399
     419
     413
     413
     369
     367
     400
     401
     393
     353
     370
     379
     411
     390
     382
     359
     384
     367
     343
     366
     389
     363
     346
     378
     366
     378
     377
     374
     348
     364
     367
     344
     356
     338
     345
     364
     350
     336
     335
     345
     328
     312
     352
     317
     327
     313
     315
     324
     307
     282
     294
     287
     276
     315
     301
     290
     243
     275
     264
     272
     270
     234
     243
     240
     235
     256
     244
     246
     226
     232
     227
     208
     201
     215
     215
     211
     188
     213
     207
     210
     223
     213
     198
     199
     184
     186
     187
     173
     201
     174
     171
     169
     173
     177
     171
     182
     185
     174
     173
     165
     157
     160
     163
     155
     151
     171
     143
     158
     154
     147
     146
     178
     166
     184
     145
     184
     161
     157
     146
     155
     156
     134
     167
     132
     151
     176
     141
     148
     159
     116
     149
     134
     123
     140
     148
     135
     146
     160
     115
     140
     144
     129
     157
     149
     120
     135
     140
     129
     152
     140
     117
     134
     149
     123
     133
     154
     138
     144
     138
     137
     145
     145
     129
     138
     158
     135
     108
     132
     111
     147
     137
     103
     133
     119
     104
     137
     121
     158
     138
     140
     134
     148
     134
     121
     145
     159
     131
     116
     139
     136
     148
     150
     127
     144
     144
     143
     160
     157
     165
     152
     170
     166
     144
     183
     189
     191
     190
     212
     209
     226
     227
     222
     252
     270
     273
     294
     309
     309
     314
     313
     367
     380
     416
     443
     436
     498
     497
     485
     549
     578
     636
     654
     713
     709
     727
     715
     819
     850
     864
     907
     940
     989
     939
    1045
    1104
    1098
    1139
    1166
    1185
    1206
    1278
    1307
    1280
    1324
    1333
    1352
    1372
    1358
    1358
    1364
    1391
    1384
    1351
    1356
    1382
    1296
    1305
    1274
    1323
    1242
    1240
    1230
    1194
    1182
    1125
    1126
    1088
    1079
    1031
     982
     917
     891
     791
     748
     737
     673
     652
     650
     574
     580
     458
     490
     468
     441
     419
     374
     354
     287
     304
     278
     260
     231
     202
     196
     179
     175
     163
     143
     140
     108
     127
     102
      91
      95
      97
      86
      79
      79
      74
      63
      60
      66
      72
      56
      76
      55
      57
      70
      60
      71
      50
      53
      55
      54
      49
      59
      44
      52
      46
      47
      54
      46
      47
      42
      53
      52
      50
      57
      53
      47
      42
      56
      59
      55
      55
      52
      54
      54
      47
      59
      46
      47
      51
      51
      44
      60
      47
      49
      57
      49
      46
      59
      49
      47
      51
      51
      43
      43
      48
      47
      59
      37
      48
      53
      54
      45
      56
      55
      50
      39
      32
      48
      50
      43
      60
      41
      58
      57
      48
      43
      55
      41
      51
      62
      40
      58
      46
      56
      40
      35
      39
      36
      44
      46
      47
      61
      54
      40
      49
      50
      49
      61
      44
      49
      49
      40
      51
      42
      43
      40
      53
      40
      47
      42
      44
      69
      41
      49
      50
      27
      41
      44
      56
      44
      47
      45
      52
      47
      38
      49
      44
      46
      39
      43
      51
      56
      51
      41
      40
      50
      49
      46
      34
      66
      41
      38
      43
      54
      52
      41
      63
      49
      43
      54
      62
      46
      46
      43
      37
      47
      52
      42
      45
      46
      46
      42
      55
      46
      48
      42
      44
      58
      58
      43
      39
      39
      42
      43
      44
      40
      46
      45
      30
      41
      47
      53
      43
      46
      56
      55
      48
      40
      39
      46
      43
      56
      48
      42
      46
      50
      39
      47
      59
      55
      47
      37
      50
      43
      36
      44
      37
      45
      60
      54
      57
      56
      43
      44
      43
      40
      46
      52
      49
      45
      34
      52
      43
      38
      39
      56
      44
      49
      44
      48
      46
      50
      45
      41
      58
      41
      50
      68
      44
      33
      43
      41
      38
      49
      47
      46
      40
      39
      44
      55
      44
      43
      43
      47
      45
      45
      50
      48
      45
      50
      49
      57
      43
      54
      59
      34
      53
      46
      50
      60
      42
      36
      44
      59
      46
      40
      45
      46
      42
      50
      40
      31
      54
      57
      46
      31
      52
      47
      61
      45
      47
      46
      51
      38
      37
      49
      37
       3
       0
       0
       0
       0
       0
       0
       0
       0
       0
       0
       0
       0
       0
       0
       0
       0
       0
       0
       0
       0
       0
       0
       0
       0
       0
       0
       0
       0
       0
       0
       0
       0
       0
       0
       0
       0
       0
       0
       0
       0
       0
       0
       0
       0
       0
       0
       0
       0
       0
       0
       0
       0
       0
       0
       0
       0
       0
       0
       0
       0
       0
       0
       0
       0
       0
$ROI:
2
95 97
514 605
$PRESETS:
Real Time
200
0
$ENER_FIT:
-289.438599 1.280702
$MCA_CAL:
3
-2.894386E+002 1.280702E+000 0.000000E+000
$SHAPE_CAL:
3
0.000000E+000 0.000000E+000 0.000000E+000
