$SPEC_ID:
MEASURE 422.
$SPEC_REM:
DET# 1
DETDESC# MCB 25
AP# Maestro Version 6.05
$DATE_MEA:
03/16/2003 18:04:31
$MEAS_TIM:
192 200
$DATA:
0 1023
       0
       0
       0
       0
       0
       0
       0
       0
       0
       0
       0
       0
       0
       0
       0
       0
       0
     107
     251
     256
     247
     244
     234
     261
     261
     279
     256
     245
     249
     240
     250
     263
     295
     290
     265
     264
     258
     289
     290
     267
     255
     292
     244
     292
     282
     262
     267
     258
     291
     298
     299
     286
     271
     293
     315
     287
     316
     289
     297
     292
     310
     278
     273
     280
     284
     299
     324
     310
     316
     361
     321
     300
     326
     351
     343
     326
     350
     355
     346
     305
     353
     376
     387
     413
     355
     361
     354
     409
     390
     428
     435
     434
     412
     449
     440
     441
     444
     442
     448
     487
     470
     494
     466
     455
     506
     484
     490
     503
     489
     481
     490
     550
     524
     546
     538
     548
     531
     557
     572
     534
     595
     532
     634
     630
     608
     594
     571
     547
     539
     622
     566
     572
     584
     627
     583
     607
     614
     611
     628
     638
     638
     589
     626
     657
     662
     651
     620
     659
     605
     622
     631
     662
     631
     669
     652
     666
     647
     639
     658
     656
     636
     638
     679
     641
     653
     672
     662
     628
     615
     642
     651
     640
     669
     672
     634
     638
     661
     680
     649
     631
     658
     660
     648
     644
     703
     682
     691
     686
     670
     679
     673
     633
     676
     699
     686
     718
     703
     650
     729
     742
     744
     729
     746
     697
     742
     697
     741
     732
     714
     726
     736
     730
     788
     808
     814
     757
     752
     845
     765
     794
     751
     757
     743
     771
     718
     758
     771
     700
     772
     690
     670
     690
     700
     692
     700
     717
     674
     706
     686
     671
     664
     683
     628
     636
     648
     627
     638
     621
     588
     630
     629
     623
     599
     629
     579
     620
     606
     576
     571
     572
     582
     580
     579
     558
     598
     556
     594
     575
     567
     543
     542
     569
     508
     547
     514
     513
     574
     534
     551
     522
     486
     569
     523
     526
     509
     520
     554
     504
     537
     520
     465
     479
     508
     476
     477
     492
     506
     471
     481
     439
     443
     469
     461
     485
     463
     473
     490
     440
     452
     464
     447
     487
     422
     440
     434
     451
     403
     444
     415
     410
     434
     443
     397
     417
     422
     435
     408
     382
     410
     414
     363
     430
     391
     420
     400
     396
     423
     368
     401
     377
     411
     376
     389
     387
     387
     357
     402
     385
     411
     377
     353
     381
     375
     376
     372
     353
     396
     345
     349
     353
     364
     343
     362
     342
     373
     326
     349
     379
     354
     345
     363
     357
     312
     360
     294
     308
     304
     323
     295
     316
     306
     303
     304
     274
     287
     258
     300
     289
     273
     269
     248
     276
     284
     262
     257
     238
     248
     255
     222
     264
     220
     231
     222
     224
     205
     214
     214
     231
     225
     220
     230
     209
     186
     195
     223
     220
     198
     203
     190
     196
     211
     201
     203
     185
     179
     203
     165
     191
     188
     167
     182
     185
     167
     190
     161
     186
     169
     178
     154
     161
     151
     165
     162
     156
     179
     148
     157
     154
     163
     151
     151
     144
     146
     121
     155
     157
     131
     136
     153
     152
     170
     143
     154
     141
     154
     126
     164
     164
     146
     134
     156
     165
     124
     141
     140
     140
     118
     131
     130
     131
     128
     152
     139
     123
     125
     137
     154
     140
     136
     140
     161
     128
     116
     123
     119
     141
     133
     143
     157
     124
     138
     126
     131
     118
     125
     149
     153
     148
     136
     139
     138
     135
     123
     148
     121
     135
     136
     138
     145
     166
     154
     157
     127
     137
     140
     140
     161
     166
     159
     164
     163
     159
     172
     179
     171
     183
     208
     182
     232
     206
     259
     249
     257
     240
     293
     297
     316
     320
     339
     344
     353
     395
     397
     403
     436
     449
     474
     558
     508
     560
     646
     618
     654
     656
     716
     762
     815
     812
     832
     868
     934
     970
    1057
    1029
    1092
    1070
    1189
    1200
    1190
    1256
    1285
    1329
    1352
    1351
    1332
    1335
    1401
    1367
    1441
    1395
    1353
    1365
    1372
    1393
    1327
    1350
    1367
    1347
    1297
    1233
    1223
    1196
    1250
    1147
    1106
    1064
    1019
    1049
     932
     914
     888
     893
     850
     813
     768
     706
     606
     617
     571
     580
     525
     500
     443
     412
     407
     394
     324
     306
     329
     255
     236
     214
     185
     188
     166
     163
     177
     155
     126
     117
     112
      97
     122
      93
      76
      75
      91
      81
      58
      80
      79
      50
      64
      64
      45
      56
      64
      45
      74
      50
      61
      59
      51
      56
      45
      50
      55
      60
      47
      47
      47
      47
      54
      61
      39
      53
      52
      50
      49
      44
      43
      44
      61
      40
      53
      43
      39
      45
      67
      49
      54
      53
      48
      43
      45
      47
      51
      50
      46
      38
      42
      50
      54
      52
      45
      51
      55
      56
      39
      51
      47
      44
      48
      62
      38
      49
      58
      41
      51
      38
      51
      55
      49
      46
      46
      42
      42
      44
      45
      48
      46
      47
      46
      50
      34
      34
      48
      42
      45
      48
      61
      59
      40
      44
      46
      37
      54
      40
      51
      48
      57
      54
      39
      44
      46
      58
      53
      51
      40
      34
      46
      40
      41
      34
      49
      32
      39
      47
      55
      55
      49
      58
      41
      72
      43
      43
      41
      37
      36
      44
      45
      46
      39
      51
      44
      58
      34
      50
      50
      44
      51
      52
      46
      51
      57
      50
      48
      52
      50
      48
      45
      52
      41
      47
      51
      48
      49
      47
      49
      42
      47
      54
      48
      33
      47
      42
      50
      44
      43
      44
      46
      69
      55
      48
      47
      41
      39
      44
      42
      57
      32
      39
      54
      40
      40
      48
      44
      57
      45
      32
      55
      50
      46
      60
      48
      42
      56
      45
      49
      47
      45
      30
      35
      49
      35
      49
      45
      32
      41
      49
      44
      24
      57
      45
      47
      41
      41
      49
      54
      52
      50
      32
      58
      44
      55
      45
      39
      42
      51
      54
      42
      61
      52
      48
      49
      51
      36
      45
      39
      37
      60
      36
      48
      45
      53
      44
      43
      43
      49
      42
      49
      48
      37
      38
      43
      31
      45
      53
      40
      52
      49
      44
      61
      49
      54
      50
      44
      47
      36
      51
      45
      55
      50
      43
      50
      35
      63
      57
      42
      50
      54
      50
      46
      46
      51
      42
      59
      58
      54
      48
      43
      49
      53
      47
      48
      48
      41
      54
      52
      54
      48
      41
      40
      49
      54
      47
      46
      32
       1
       0
       0
       0
       0
       0
       0
       0
       0
       0
       0
       0
       0
       0
       0
       0
       0
       0
       0
       0
       0
       0
       0
       0
       0
       0
       0
       0
       0
       0
       0
       0
       0
       0
       0
       0
       0
       0
       0
       0
       0
       0
       0
       0
       0
       0
       0
       0
       0
       0
       0
       0
       0
       0
       0
       0
       0
       0
       0
       0
       0
       0
       0
       0
       0
       0
$ROI:
2
95 97
514 605
$PRESETS:
Real Time
200
0
$ENER_FIT:
-289.438599 1.280702
$MCA_CAL:
3
-2.894386E+002 1.280702E+000 0.000000E+000
$SHAPE_CAL:
3
0.000000E+000 0.000000E+000 0.000000E+000
