$SPEC_ID:
MEASURE 515.
$SPEC_REM:
DET# 1
DETDESC# MCB 25
AP# Maestro Version 6.05
$DATE_MEA:
03/17/2003 01:49:31
$MEAS_TIM:
192 200
$DATA:
0 1023
       0
       0
       0
       0
       0
       0
       0
       0
       0
       0
       0
       0
       0
       0
       0
       0
       0
     126
     208
     220
     259
     228
     270
     246
     229
     241
     246
     250
     266
     247
     251
     260
     243
     237
     276
     279
     259
     277
     274
     304
     290
     294
     260
     277
     271
     282
     292
     302
     270
     295
     252
     301
     250
     282
     292
     275
     272
     281
     275
     310
     286
     286
     282
     285
     340
     288
     276
     326
     292
     333
     321
     325
     315
     358
     335
     311
     309
     330
     351
     322
     315
     362
     395
     341
     340
     399
     387
     380
     367
     393
     407
     406
     397
     432
     438
     447
     414
     432
     458
     463
     428
     445
     467
     509
     491
     461
     483
     471
     492
     503
     487
     572
     526
     506
     525
     526
     575
     515
     534
     565
     568
     571
     568
     569
     596
     551
     543
     586
     593
     564
     566
     592
     575
     578
     602
     606
     594
     616
     606
     587
     584
     674
     584
     636
     620
     616
     636
     632
     650
     638
     675
     605
     671
     598
     683
     625
     638
     683
     666
     668
     654
     640
     647
     653
     643
     664
     640
     650
     660
     620
     624
     681
     640
     666
     653
     675
     665
     653
     647
     647
     660
     666
     649
     644
     684
     651
     652
     666
     676
     653
     660
     668
     680
     643
     681
     713
     636
     654
     684
     656
     747
     713
     703
     666
     675
     693
     756
     714
     814
     776
     787
     760
     774
     752
     759
     778
     736
     790
     744
     758
     808
     801
     747
     740
     738
     766
     736
     746
     710
     743
     698
     776
     725
     671
     666
     685
     724
     685
     680
     728
     692
     711
     611
     700
     673
     631
     628
     619
     617
     610
     620
     642
     579
     582
     568
     590
     547
     577
     585
     563
     595
     537
     581
     564
     566
     531
     576
     558
     503
     588
     568
     584
     560
     535
     518
     540
     521
     550
     566
     553
     561
     526
     502
     510
     522
     548
     528
     489
     541
     538
     511
     517
     507
     525
     492
     526
     482
     470
     456
     491
     465
     454
     440
     433
     441
     463
     443
     432
     455
     471
     421
     469
     427
     450
     425
     400
     460
     416
     463
     386
     430
     440
     413
     442
     420
     419
     389
     386
     414
     417
     390
     417
     386
     380
     381
     399
     408
     405
     378
     408
     385
     355
     374
     381
     411
     405
     419
     378
     393
     398
     355
     367
     407
     370
     392
     363
     385
     360
     340
     365
     342
     360
     347
     379
     369
     360
     325
     332
     335
     374
     326
     353
     368
     315
     331
     306
     302
     328
     338
     339
     326
     344
     304
     287
     308
     308
     263
     290
     319
     284
     270
     259
     288
     258
     282
     268
     277
     250
     265
     244
     225
     232
     202
     224
     230
     232
     252
     221
     212
     233
     204
     224
     222
     192
     199
     195
     196
     191
     180
     172
     193
     200
     195
     149
     188
     172
     185
     190
     177
     169
     178
     141
     167
     189
     151
     165
     175
     156
     184
     159
     184
     146
     173
     149
     154
     126
     159
     212
     146
     160
     158
     139
     144
     148
     138
     160
     165
     156
     156
     144
     134
     142
     150
     146
     148
     133
     139
     150
     145
     141
     118
     154
     133
     142
     134
     148
     122
     153
     125
     143
     135
     128
     145
     137
     152
     119
     155
     133
     136
     122
     141
     160
     145
     124
     134
     137
     132
     125
     114
     151
     134
     132
     151
     126
     139
     122
     120
     117
     134
     116
     125
     139
     148
     144
     134
     127
     109
     122
     130
     145
     134
     121
     135
     149
     116
     145
     160
     163
     144
     156
     174
     176
     151
     165
     161
     188
     160
     200
     189
     217
     218
     224
     220
     229
     243
     259
     274
     275
     293
     287
     313
     324
     351
     385
     421
     406
     452
     443
     470
     547
     552
     578
     556
     634
     633
     678
     751
     797
     747
     807
     874
     889
     924
     925
     982
    1060
    1079
    1172
    1058
    1214
    1133
    1229
    1240
    1248
    1200
    1243
    1356
    1340
    1350
    1413
    1352
    1311
    1439
    1411
    1416
    1356
    1367
    1371
    1386
    1375
    1324
    1301
    1232
    1245
    1158
    1117
    1120
    1077
    1054
    1081
    1026
     965
     954
     877
     853
     789
     791
     736
     679
     610
     629
     575
     535
     477
     413
     463
     389
     390
     379
     315
     295
     308
     250
     244
     194
     221
     201
     194
     168
     163
     144
     149
      99
     114
     119
      95
      90
      87
      85
      90
      79
      70
      67
      61
      75
      59
      47
      58
      52
      55
      57
      51
      65
      50
      60
      48
      50
      54
      50
      54
      61
      57
      65
      61
      52
      47
      53
      52
      48
      52
      40
      77
      49
      49
      52
      45
      43
      48
      54
      59
      45
      47
      49
      48
      42
      52
      53
      48
      43
      46
      48
      46
      41
      44
      48
      68
      58
      60
      49
      40
      41
      40
      45
      42
      39
      45
      45
      42
      58
      49
      53
      50
      52
      51
      59
      44
      44
      52
      50
      42
      40
      43
      35
      53
      42
      48
      46
      53
      50
      41
      41
      52
      53
      44
      55
      47
      45
      53
      63
      37
      37
      40
      39
      45
      51
      49
      48
      55
      50
      38
      45
      54
      61
      47
      55
      44
      40
      51
      43
      50
      50
      49
      57
      53
      51
      49
      57
      59
      44
      57
      44
      37
      44
      45
      36
      45
      56
      50
      46
      44
      40
      42
      43
      41
      40
      43
      40
      37
      38
      45
      61
      52
      52
      45
      49
      43
      45
      50
      38
      58
      51
      49
      37
      48
      42
      46
      52
      41
      40
      47
      48
      45
      43
      39
      57
      45
      52
      42
      47
      54
      56
      39
      43
      38
      41
      49
      48
      43
      41
      47
      45
      45
      55
      43
      50
      47
      39
      45
      47
      45
      41
      50
      40
      41
      48
      44
      44
      43
      45
      33
      46
      53
      48
      39
      50
      47
      48
      39
      45
      52
      39
      45
      40
      45
      59
      42
      58
      55
      46
      42
      43
      48
      39
      42
      44
      50
      54
      53
      45
      51
      41
      50
      55
      48
      49
      43
      51
      35
      49
      52
      48
      58
      55
      50
      50
      58
      49
      53
      40
      56
      54
      38
      48
      53
      54
      51
      40
      47
      47
      45
      46
      51
      61
      41
      44
      43
      46
      49
      52
      45
      58
      44
      54
      53
      46
      43
      52
      49
      42
      38
      58
      47
      52
      57
      62
      58
      50
      41
      44
      47
      42
      44
      41
      56
      45
      47
      47
      29
       0
       0
       0
       0
       0
       0
       0
       0
       0
       0
       0
       0
       0
       0
       0
       0
       0
       0
       0
       0
       0
       0
       0
       0
       0
       0
       0
       0
       0
       0
       0
       0
       0
       0
       0
       0
       0
       0
       0
       0
       0
       0
       0
       0
       0
       0
       0
       0
       0
       0
       0
       0
       0
       0
       0
       0
       0
       0
       0
       0
       0
       0
       0
       0
       0
       0
$ROI:
2
95 97
514 605
$PRESETS:
Real Time
200
0
$ENER_FIT:
-289.438599 1.280702
$MCA_CAL:
3
-2.894386E+002 1.280702E+000 0.000000E+000
$SHAPE_CAL:
3
0.000000E+000 0.000000E+000 0.000000E+000
