$SPEC_ID:
MEASURE 017.
$SPEC_REM:
DET# 1
DETDESC# MCB 25
AP# Maestro Version 6.05
$DATE_MEA:
03/15/2003 08:19:31
$MEAS_TIM:
192 200
$DATA:
0 1023
       0
       0
       0
       0
       0
       0
       0
       0
       0
       0
       0
       0
       0
       0
       0
       0
       0
     143
     242
     256
     234
     281
     277
     258
     289
     283
     298
     278
     248
     273
     275
     264
     297
     272
     268
     304
     298
     292
     282
     302
     261
     310
     282
     283
     289
     254
     260
     323
     260
     324
     294
     311
     310
     316
     288
     291
     300
     321
     312
     298
     300
     314
     320
     313
     334
     314
     343
     304
     323
     366
     339
     377
     349
     346
     353
     351
     387
     367
     376
     364
     413
     401
     380
     402
     406
     389
     434
     442
     447
     426
     443
     472
     472
     478
     496
     509
     521
     532
     532
     533
     523
     502
     544
     536
     589
     562
     545
     607
     524
     554
     568
     624
     557
     565
     573
     581
     590
     582
     605
     582
     594
     610
     618
     640
     603
     624
     627
     618
     703
     641
     680
     641
     667
     682
     648
     679
     639
     688
     662
     647
     668
     696
     666
     686
     701
     669
     644
     694
     668
     701
     701
     678
     705
     683
     686
     680
     708
     643
     709
     750
     794
     689
     693
     711
     619
     686
     662
     676
     701
     665
     671
     650
     668
     721
     690
     711
     728
     689
     664
     650
     713
     691
     695
     711
     726
     743
     711
     810
     709
     728
     793
     778
     749
     739
     740
     806
     750
     750
     793
     813
     806
     766
     802
     816
     812
     822
     801
     765
     842
     786
     826
     779
     803
     806
     767
     766
     750
     772
     742
     779
     831
     731
     706
     745
     761
     721
     684
     733
     655
     678
     690
     635
     654
     666
     681
     655
     627
     670
     627
     642
     663
     601
     660
     635
     642
     628
     637
     616
     622
     658
     683
     625
     620
     594
     582
     644
     611
     586
     570
     559
     581
     553
     534
     510
     570
     528
     541
     588
     548
     580
     565
     557
     523
     534
     550
     505
     526
     541
     553
     500
     492
     486
     519
     509
     516
     484
     461
     505
     508
     520
     474
     463
     487
     442
     501
     451
     453
     460
     420
     471
     451
     434
     447
     472
     432
     469
     448
     442
     426
     412
     413
     449
     420
     431
     443
     436
     425
     438
     414
     416
     415
     410
     425
     401
     390
     406
     389
     389
     408
     430
     406
     389
     408
     419
     402
     410
     422
     389
     381
     382
     372
     390
     362
     397
     375
     398
     361
     366
     340
     365
     367
     343
     344
     394
     379
     360
     352
     366
     391
     331
     310
     353
     360
     316
     320
     300
     338
     299
     292
     321
     306
     309
     284
     285
     279
     258
     297
     276
     255
     265
     247
     246
     248
     249
     243
     230
     231
     238
     227
     211
     243
     239
     223
     240
     216
     187
     201
     208
     210
     198
     190
     195
     193
     198
     207
     172
     178
     181
     217
     198
     206
     183
     166
     195
     182
     167
     185
     162
     159
     177
     163
     168
     158
     173
     175
     181
     168
     165
     209
     154
     162
     169
     165
     160
     159
     161
     162
     151
     151
     146
     150
     152
     151
     145
     132
     164
     148
     153
     141
     143
     156
     140
     149
     133
     144
     142
     193
     152
     170
     159
     153
     156
     149
     145
     154
     140
     157
     131
     133
     143
     110
     130
     132
     161
     131
     141
     143
     118
     150
     126
     137
     151
     138
     140
     124
     137
     137
     138
     154
     129
     134
     146
     152
     144
     129
     176
     154
     142
     152
     153
     165
     169
     162
     159
     143
     171
     184
     172
     188
     194
     163
     203
     217
     219
     215
     236
     232
     255
     242
     273
     281
     304
     325
     321
     351
     353
     408
     387
     418
     427
     472
     510
     512
     558
     554
     623
     627
     720
     711
     827
     792
     835
     824
     942
     910
     979
    1009
    1045
    1092
    1147
    1166
    1186
    1263
    1264
    1291
    1395
    1367
    1367
    1385
    1391
    1449
    1475
    1471
    1423
    1424
    1461
    1433
    1406
    1395
    1388
    1424
    1390
    1401
    1320
    1365
    1286
    1293
    1245
    1148
    1171
    1124
    1043
    1055
     982
     939
     829
     837
     815
     807
     763
     640
     620
     578
     573
     524
     502
     418
     411
     395
     363
     326
     280
     262
     242
     280
     202
     208
     198
     178
     155
     130
     138
     118
     118
      98
     105
     100
     105
      96
      64
      70
      66
      72
      63
      76
      60
      57
      65
      55
      56
      43
      53
      57
      58
      60
      52
      74
      50
      54
      46
      66
      62
      59
      64
      52
      58
      57
      46
      60
      50
      41
      65
      46
      73
      44
      64
      52
      57
      44
      58
      61
      49
      46
      41
      50
      56
      59
      38
      60
      52
      46
      40
      53
      55
      51
      42
      63
      50
      51
      57
      44
      53
      51
      52
      36
      45
      57
      45
      57
      46
      43
      44
      46
      45
      47
      54
      46
      48
      46
      50
      41
      56
      48
      53
      60
      58
      50
      50
      59
      48
      46
      47
      54
      45
      55
      50
      52
      44
      48
      39
      54
      42
      52
      47
      57
      41
      42
      46
      52
      47
      38
      47
      43
      38
      39
      52
      48
      45
      50
      41
      44
      50
      55
      44
      39
      41
      52
      50
      57
      64
      41
      44
      64
      55
      39
      52
      43
      49
      59
      48
      52
      36
      56
      53
      45
      51
      41
      49
      55
      45
      62
      47
      58
      52
      47
      43
      52
      56
      62
      53
      31
      63
      48
      52
      40
      51
      59
      55
      55
      55
      46
      41
      56
      43
      44
      51
      50
      46
      42
      60
      58
      38
      41
      49
      44
      43
      53
      43
      37
      47
      53
      64
      50
      51
      43
      56
      45
      48
      43
      49
      64
      50
      48
      51
      51
      46
      39
      48
      49
      53
      45
      59
      40
      51
      42
      56
      52
      46
      62
      55
      53
      46
      55
      46
      43
      64
      43
      51
      43
      46
      50
      48
      48
      50
      48
      50
      51
      41
      43
      42
      38
      61
      46
      48
      49
      53
      55
      63
      56
      57
      56
      57
      69
      53
      44
      53
      48
      51
      37
      41
      45
      51
      45
      42
      44
      48
      52
      43
      56
      38
      48
      69
      45
      47
      43
      50
      40
      41
      49
      60
      54
      56
      53
      48
      43
      45
      52
      48
      53
      46
      44
      40
      40
      56
      55
      66
      61
      57
      56
      48
      51
      38
      56
      57
      50
      51
      34
      60
      64
      41
      46
      47
      45
      50
      51
      42
      56
      43
      47
      58
      55
      51
      49
      49
      63
      40
      47
      51
      40
      43
      39
      45
      59
      43
      45
      68
      41
       0
       0
       0
       0
       0
       0
       0
       0
       0
       0
       0
       0
       0
       0
       0
       0
       0
       0
       0
       0
       0
       0
       0
       0
       0
       0
       0
       0
       0
       0
       0
       0
       0
       0
       0
       0
       0
       0
       0
       0
       0
       0
       0
       0
       0
       0
       0
       0
       0
       0
       0
       0
       0
       0
       0
       0
       0
       0
       0
       0
       0
       0
       0
       0
       0
       0
       0
$ROI:
2
95 97
514 605
$PRESETS:
Real Time
200
0
$ENER_FIT:
-289.438599 1.280702
$MCA_CAL:
3
-2.894386E+002 1.280702E+000 0.000000E+000
$SHAPE_CAL:
3
0.000000E+000 0.000000E+000 0.000000E+000
