$SPEC_ID:
MEASURE 770.
$SPEC_REM:
DET# 1
DETDESC# MCB 25
AP# Maestro Version 6.05
$DATE_MEA:
03/17/2003 23:04:31
$MEAS_TIM:
192 200
$DATA:
0 1023
       0
       0
       0
       0
       0
       0
       0
       0
       0
       0
       0
       0
       0
       0
       0
       0
       0
     110
     239
     268
     243
     250
     258
     265
     222
     261
     253
     253
     258
     245
     268
     238
     249
     279
     264
     261
     275
     277
     297
     271
     264
     268
     252
     257
     278
     288
     277
     295
     259
     289
     288
     271
     275
     259
     303
     292
     266
     259
     301
     305
     286
     303
     293
     266
     293
     298
     293
     316
     308
     293
     287
     307
     309
     301
     320
     351
     363
     318
     347
     334
     354
     359
     346
     392
     369
     343
     338
     405
     396
     405
     378
     410
     410
     415
     395
     452
     402
     420
     465
     459
     463
     457
     440
     470
     475
     464
     448
     514
     494
     500
     502
     495
     509
     535
     532
     527
     543
     538
     555
     523
     517
     560
     560
     605
     570
     579
     566
     559
     572
     616
     549
     594
     583
     651
     585
     668
     553
     616
     609
     611
     653
     626
     624
     578
     626
     589
     626
     621
     649
     650
     648
     622
     595
     666
     655
     638
     599
     666
     629
     634
     632
     613
     639
     638
     661
     657
     646
     633
     692
     627
     674
     613
     630
     634
     680
     652
     675
     672
     629
     687
     647
     653
     700
     648
     637
     676
     618
     627
     684
     661
     637
     643
     660
     645
     601
     710
     651
     698
     703
     651
     693
     690
     646
     718
     700
     724
     667
     716
     780
     773
     729
     768
     740
     766
     773
     751
     753
     712
     737
     733
     769
     737
     736
     781
     757
     755
     737
     724
     686
     722
     762
     668
     708
     690
     717
     658
     707
     657
     672
     663
     682
     644
     691
     646
     630
     616
     652
     610
     638
     625
     600
     615
     541
     630
     589
     610
     630
     614
     589
     583
     596
     607
     557
     597
     581
     574
     552
     590
     567
     525
     545
     570
     529
     528
     552
     645
     545
     571
     548
     566
     514
     501
     518
     519
     500
     505
     505
     528
     523
     539
     471
     465
     508
     465
     481
     514
     470
     463
     459
     472
     455
     486
     507
     443
     438
     436
     440
     431
     442
     438
     481
     409
     425
     428
     404
     470
     408
     447
     444
     432
     422
     417
     429
     397
     386
     443
     391
     406
     455
     412
     438
     390
     392
     387
     427
     395
     414
     431
     374
     400
     359
     413
     391
     418
     401
     385
     377
     385
     417
     364
     360
     379
     379
     370
     377
     343
     355
     390
     390
     368
     348
     392
     370
     341
     355
     343
     376
     345
     356
     319
     321
     328
     386
     317
     349
     359
     333
     350
     338
     312
     311
     340
     314
     308
     288
     308
     315
     289
     307
     306
     290
     263
     269
     256
     254
     260
     258
     268
     220
     263
     239
     252
     251
     214
     242
     196
     230
     218
     245
     241
     218
     211
     221
     208
     212
     212
     190
     207
     196
     187
     162
     178
     192
     190
     188
     177
     189
     175
     197
     188
     174
     184
     190
     161
     183
     177
     155
     163
     147
     178
     176
     162
     147
     149
     141
     152
     171
     165
     140
     152
     137
     140
     150
     145
     157
     169
     157
     123
     151
     164
     123
     127
     126
     151
     133
     126
     147
     134
     163
     141
     140
     142
     144
     124
     120
     148
     116
     131
     128
     135
     117
     140
     145
     138
     159
     109
     144
     129
     119
     129
     124
     134
     138
     128
     136
     124
     146
     134
     140
     129
     125
     118
     136
     137
     139
     143
     120
     120
     132
     140
     128
     117
     127
     137
     125
     150
     151
     128
     157
     132
     138
     128
     121
     141
     145
     128
     151
     143
     144
     149
     166
     144
     155
     152
     146
     166
     162
     168
     166
     175
     186
     199
     191
     193
     199
     218
     229
     220
     254
     255
     262
     252
     286
     312
     300
     335
     350
     384
     376
     395
     432
     456
     475
     490
     513
     547
     598
     618
     615
     681
     676
     714
     803
     759
     809
     897
     918
     917
     982
    1000
    1044
    1132
    1078
    1182
    1114
    1140
    1217
    1198
    1278
    1290
    1284
    1316
    1391
    1378
    1392
    1350
    1375
    1336
    1335
    1342
    1338
    1387
    1335
    1353
    1298
    1224
    1274
    1248
    1201
    1197
    1132
    1131
    1107
    1061
    1015
     946
     925
     892
     844
     821
     749
     761
     701
     704
     626
     596
     566
     509
     464
     511
     460
     432
     349
     377
     324
     311
     239
     272
     238
     202
     184
     205
     166
     147
     133
     138
     127
     116
     106
     123
     102
      91
      88
      97
      79
      76
      83
      71
      69
      70
      73
      62
      58
      59
      53
      50
      54
      50
      53
      51
      57
      46
      57
      47
      43
      55
      50
      37
      57
      48
      61
      58
      66
      51
      63
      49
      47
      51
      41
      45
      59
      42
      62
      50
      45
      46
      51
      68
      32
      57
      55
      48
      42
      52
      51
      47
      47
      66
      36
      39
      51
      53
      55
      54
      51
      40
      47
      47
      51
      40
      52
      46
      50
      48
      53
      51
      44
      60
      47
      48
      66
      50
      45
      44
      42
      47
      53
      49
      52
      44
      54
      45
      43
      43
      40
      40
      52
      36
      46
      43
      54
      47
      46
      49
      42
      41
      52
      51
      50
      48
      51
      63
      50
      45
      56
      41
      48
      49
      38
      41
      48
      37
      55
      50
      43
      49
      42
      46
      47
      64
      39
      33
      47
      58
      46
      43
      54
      47
      44
      59
      49
      55
      42
      48
      52
      59
      45
      54
      47
      48
      56
      34
      49
      47
      46
      36
      48
      39
      36
      39
      47
      44
      56
      42
      34
      50
      41
      41
      50
      48
      41
      38
      41
      62
      47
      44
      47
      45
      42
      43
      37
      54
      42
      58
      52
      43
      50
      33
      53
      49
      42
      42
      53
      52
      39
      56
      52
      36
      49
      54
      57
      41
      48
      48
      45
      39
      39
      61
      29
      40
      36
      42
      46
      42
      50
      40
      46
      51
      58
      45
      47
      47
      44
      50
      39
      50
      46
      46
      47
      58
      39
      42
      44
      38
      46
      52
      51
      49
      35
      62
      52
      39
      51
      40
      59
      42
      40
      47
      52
      30
      46
      42
      49
      47
      52
      54
      49
      55
      55
      52
      51
      62
      52
      56
      46
      51
      55
      43
      42
      55
      38
      39
      49
      47
      52
      48
      58
      47
      35
      42
      48
      46
      51
      52
      49
      54
      58
      38
      47
      44
      40
      47
      48
      52
      49
      51
      45
      42
      60
      48
      38
      49
      40
      39
      44
      53
      39
      30
       3
       0
       0
       0
       0
       0
       0
       0
       0
       0
       0
       0
       0
       0
       0
       0
       0
       0
       0
       0
       0
       0
       0
       0
       0
       0
       0
       0
       0
       0
       0
       0
       0
       0
       0
       0
       0
       0
       0
       0
       0
       0
       0
       0
       0
       0
       0
       0
       0
       0
       0
       0
       0
       0
       0
       0
       0
       0
       0
       0
       0
       0
       0
       0
       0
       0
$ROI:
2
95 97
514 605
$PRESETS:
Real Time
200
0
$ENER_FIT:
-289.438599 1.280702
$MCA_CAL:
3
-2.894386E+002 1.280702E+000 0.000000E+000
$SHAPE_CAL:
3
0.000000E+000 0.000000E+000 0.000000E+000
