$SPEC_ID:
MEASURE 215.
$SPEC_REM:
DET# 1
DETDESC# MCB 25
AP# Maestro Version 6.05
$DATE_MEA:
03/16/2003 00:49:31
$MEAS_TIM:
192 200
$DATA:
0 1023
       0
       0
       0
       0
       0
       0
       0
       0
       0
       0
       0
       0
       0
       0
       0
       0
       0
     107
     240
     233
     239
     236
     267
     251
     272
     225
     275
     265
     258
     261
     267
     236
     266
     301
     289
     277
     284
     263
     267
     303
     257
     285
     263
     277
     258
     283
     310
     283
     281
     297
     310
     325
     280
     288
     290
     273
     311
     276
     331
     287
     323
     293
     323
     313
     294
     313
     284
     318
     297
     306
     338
     340
     295
     347
     368
     337
     333
     329
     320
     331
     347
     363
     363
     360
     424
     377
     392
     405
     427
     420
     422
     445
     444
     429
     426
     450
     477
     462
     447
     495
     489
     474
     494
     479
     540
     510
     562
     520
     530
     498
     550
     562
     498
     574
     542
     561
     557
     550
     566
     566
     580
     582
     600
     614
     622
     598
     592
     588
     615
     659
     557
     614
     633
     656
     577
     660
     605
     643
     689
     636
     640
     566
     668
     693
     649
     644
     617
     675
     662
     604
     665
     630
     653
     646
     647
     645
     650
     676
     669
     700
     624
     660
     679
     647
     674
     651
     687
     695
     681
     691
     699
     637
     673
     694
     683
     650
     692
     679
     635
     684
     673
     615
     682
     614
     679
     626
     680
     660
     692
     677
     689
     667
     697
     684
     755
     704
     711
     701
     725
     761
     746
     737
     769
     779
     752
     755
     742
     808
     770
     750
     729
     782
     805
     788
     792
     785
     817
     759
     741
     756
     778
     757
     756
     709
     785
     767
     727
     770
     699
     677
     710
     712
     705
     623
     748
     687
     696
     715
     664
     639
     691
     683
     630
     630
     632
     646
     598
     591
     609
     628
     574
     592
     634
     616
     596
     594
     621
     564
     586
     544
     557
     546
     593
     585
     551
     596
     574
     562
     578
     563
     590
     560
     558
     544
     565
     538
     557
     542
     539
     525
     512
     558
     520
     454
     516
     522
     503
     486
     526
     472
     498
     472
     480
     467
     492
     481
     453
     487
     472
     459
     493
     465
     483
     479
     452
     435
     467
     448
     455
     414
     451
     459
     426
     412
     421
     442
     377
     400
     398
     396
     413
     429
     416
     433
     402
     412
     390
     390
     392
     391
     376
     435
     410
     416
     408
     390
     441
     369
     359
     373
     406
     434
     383
     373
     394
     344
     396
     351
     364
     401
     371
     374
     397
     391
     390
     373
     342
     362
     381
     362
     349
     324
     381
     354
     357
     328
     340
     351
     321
     357
     344
     356
     327
     340
     326
     321
     305
     330
     333
     282
     260
     269
     280
     278
     273
     303
     275
     253
     251
     246
     261
     264
     257
     273
     226
     260
     218
     204
     232
     221
     206
     226
     209
     227
     194
     211
     210
     190
     195
     207
     216
     177
     222
     194
     165
     190
     205
     213
     177
     184
     198
     180
     163
     181
     180
     180
     171
     155
     175
     165
     162
     143
     194
     169
     163
     166
     157
     178
     187
     179
     161
     172
     155
     151
     134
     180
     166
     122
     156
     139
     167
     152
     148
     146
     138
     157
     137
     132
     142
     160
     141
     129
     127
     147
     141
     116
     136
     127
     137
     153
     119
     150
     144
     121
     146
     129
     133
     137
     159
     137
     143
     128
     146
     136
     159
     145
     134
     123
     131
     135
     143
     125
     120
     119
     125
     124
     139
     123
     148
     126
     147
     138
     130
     147
     127
     130
     122
     147
     134
     146
     144
     152
     127
     139
     141
     159
     152
     151
     143
     149
     151
     164
     160
     163
     161
     146
     169
     191
     192
     174
     208
     206
     217
     229
     240
     264
     256
     277
     297
     297
     304
     319
     326
     327
     378
     404
     409
     467
     491
     449
     517
     536
     588
     620
     641
     668
     688
     705
     742
     822
     843
     910
     927
     888
     937
    1032
     982
    1086
    1096
    1085
    1218
    1260
    1236
    1205
    1331
    1358
    1345
    1378
    1391
    1375
    1355
    1427
    1399
    1396
    1431
    1384
    1408
    1355
    1311
    1325
    1263
    1259
    1270
    1239
    1211
    1209
    1133
    1227
    1058
    1086
    1007
     964
     989
     874
     893
     854
     762
     765
     704
     644
     643
     547
     553
     491
     453
     488
     428
     367
     358
     309
     318
     289
     294
     248
     187
     202
     190
     187
     151
     147
     134
     127
     108
     104
      90
      96
      76
      96
      79
      58
      69
      68
      77
      83
      67
      67
      58
      71
      62
      72
      61
      43
      56
      40
      58
      50
      48
      51
      63
      60
      70
      58
      41
      59
      52
      57
      53
      54
      48
      52
      69
      55
      56
      57
      64
      49
      54
      49
      45
      53
      53
      47
      49
      60
      61
      34
      41
      64
      37
      47
      50
      59
      47
      54
      38
      61
      43
      48
      58
      61
      48
      49
      45
      48
      52
      65
      45
      49
      49
      49
      55
      52
      52
      39
      61
      44
      57
      50
      36
      42
      55
      41
      55
      48
      49
      42
      42
      48
      50
      50
      44
      65
      69
      48
      54
      45
      37
      53
      42
      49
      37
      54
      45
      40
      44
      52
      50
      54
      48
      55
      46
      51
      48
      47
      49
      41
      42
      44
      43
      56
      46
      46
      50
      37
      39
      33
      40
      44
      47
      48
      47
      54
      41
      37
      50
      44
      39
      53
      48
      44
      44
      43
      39
      48
      42
      45
      53
      50
      43
      48
      52
      41
      41
      54
      44
      49
      45
      42
      49
      56
      48
      53
      47
      53
      46
      45
      45
      58
      44
      46
      45
      45
      51
      56
      56
      57
      53
      56
      48
      38
      49
      46
      49
      41
      50
      37
      50
      53
      55
      38
      55
      38
      48
      42
      43
      45
      38
      54
      46
      51
      46
      45
      40
      39
      42
      46
      44
      46
      42
      55
      52
      40
      41
      48
      44
      64
      42
      48
      42
      52
      53
      47
      45
      43
      49
      44
      45
      58
      38
      56
      50
      60
      65
      50
      46
      48
      45
      42
      55
      53
      52
      51
      42
      57
      54
      52
      53
      59
      62
      41
      57
      51
      45
      50
      44
      68
      49
      56
      42
      50
      35
      49
      47
      46
      45
      46
      45
      60
      42
      52
      47
      45
      48
      38
      51
      53
      43
      47
      50
      35
      50
      33
      48
      49
      33
      44
      43
      46
      47
      49
      39
      60
      46
      53
      48
      59
      48
      66
      55
      54
      46
      62
      47
      49
      48
      61
      44
      41
      59
      44
      53
      52
      45
      40
      46
      56
      55
      21
       1
       0
       0
       0
       0
       0
       0
       0
       0
       0
       0
       0
       0
       0
       0
       0
       0
       0
       0
       0
       0
       0
       0
       0
       0
       0
       0
       0
       0
       0
       0
       0
       0
       0
       0
       0
       0
       0
       0
       0
       0
       0
       0
       0
       0
       0
       0
       0
       0
       0
       0
       0
       0
       0
       0
       0
       0
       0
       0
       0
       0
       0
       0
       0
       0
       0
$ROI:
2
95 97
514 605
$PRESETS:
Real Time
200
0
$ENER_FIT:
-289.438599 1.280702
$MCA_CAL:
3
-2.894386E+002 1.280702E+000 0.000000E+000
$SHAPE_CAL:
3
0.000000E+000 0.000000E+000 0.000000E+000
