$SPEC_ID:
MEASURE 541.
$SPEC_REM:
DET# 1
DETDESC# MCB 25
AP# Maestro Version 6.05
$DATE_MEA:
03/17/2003 03:59:31
$MEAS_TIM:
192 200
$DATA:
0 1023
       0
       0
       0
       0
       0
       0
       0
       0
       0
       0
       0
       0
       0
       0
       0
       0
       0
     117
     244
     254
     252
     271
     259
     263
     228
     246
     273
     247
     260
     243
     252
     261
     255
     243
     269
     283
     266
     257
     271
     285
     289
     248
     290
     312
     268
     247
     289
     293
     283
     250
     272
     305
     270
     301
     282
     292
     306
     305
     282
     285
     287
     303
     317
     334
     301
     325
     280
     318
     308
     315
     314
     316
     322
     341
     339
     346
     340
     337
     349
     359
     323
     346
     407
     389
     372
     383
     375
     382
     384
     381
     418
     404
     384
     401
     446
     426
     475
     455
     478
     470
     461
     434
     471
     461
     481
     465
     488
     493
     486
     485
     558
     527
     524
     525
     558
     537
     524
     547
     544
     585
     592
     570
     580
     545
     609
     600
     543
     591
     592
     610
     588
     622
     615
     633
     587
     565
     649
     649
     629
     628
     587
     672
     627
     663
     620
     662
     597
     655
     641
     614
     695
     641
     668
     647
     667
     634
     632
     656
     729
     702
     647
     645
     674
     648
     718
     709
     653
     656
     650
     637
     705
     630
     678
     696
     653
     683
     669
     644
     684
     636
     649
     678
     657
     644
     686
     623
     631
     720
     702
     628
     697
     646
     709
     644
     626
     654
     644
     655
     671
     702
     690
     671
     702
     746
     739
     710
     751
     723
     757
     765
     758
     734
     767
     789
     785
     773
     795
     767
     802
     740
     735
     775
     774
     729
     762
     728
     718
     716
     684
     750
     718
     699
     696
     693
     663
     677
     664
     655
     718
     632
     685
     660
     612
     634
     632
     620
     633
     695
     596
     609
     642
     605
     624
     588
     592
     579
     579
     630
     566
     563
     552
     572
     559
     515
     596
     581
     576
     583
     548
     579
     573
     576
     534
     544
     511
     563
     573
     507
     508
     512
     541
     515
     553
     487
     482
     488
     510
     487
     495
     499
     493
     469
     485
     480
     468
     468
     469
     472
     438
     478
     482
     462
     434
     437
     426
     460
     391
     461
     426
     449
     443
     437
     465
     454
     439
     409
     464
     428
     423
     406
     434
     450
     432
     451
     401
     421
     414
     429
     396
     393
     408
     404
     395
     367
     407
     413
     389
     397
     402
     372
     388
     377
     384
     381
     369
     381
     384
     416
     393
     380
     362
     361
     386
     380
     373
     362
     397
     384
     396
     350
     381
     349
     331
     339
     368
     349
     354
     328
     340
     348
     365
     368
     352
     343
     357
     337
     329
     338
     329
     339
     312
     313
     296
     290
     297
     297
     292
     296
     305
     307
     315
     275
     239
     278
     268
     268
     277
     233
     258
     220
     275
     215
     232
     225
     201
     254
     196
     195
     218
     220
     214
     220
     191
     204
     219
     187
     206
     190
     189
     194
     200
     188
     195
     185
     201
     180
     185
     175
     155
     191
     198
     163
     159
     179
     184
     175
     167
     180
     134
     173
     187
     148
     185
     155
     168
     169
     181
     147
     154
     176
     150
     145
     148
     157
     150
     141
     138
     148
     151
     155
     159
     138
     137
     146
     128
     135
     162
     126
     149
     144
     126
     138
     143
     150
     120
     155
     136
     128
     150
     156
     147
     140
     131
     120
     131
     131
     128
     130
     139
     144
     115
     121
     129
     120
     134
     132
     103
     104
     128
     145
     139
     129
     147
     137
     133
     121
     129
     138
     138
     112
     135
     149
     129
     142
     137
     155
     136
     149
     137
     163
     144
     142
     139
     134
     141
     141
     150
     153
     155
     144
     140
     151
     158
     175
     178
     167
     174
     170
     174
     209
     173
     210
     227
     227
     240
     251
     287
     298
     295
     292
     299
     345
     389
     367
     401
     374
     438
     417
     466
     514
     500
     538
     561
     594
     650
     672
     691
     735
     783
     758
     853
     789
     855
     978
     986
    1081
    1053
    1099
    1128
    1138
    1196
    1183
    1230
    1297
    1219
    1363
    1291
    1344
    1318
    1404
    1391
    1378
    1378
    1463
    1410
    1338
    1357
    1390
    1320
    1353
    1278
    1325
    1226
    1271
    1180
    1219
    1118
    1115
    1030
    1048
    1004
     954
     947
     985
     856
     898
     814
     800
     700
     681
     620
     550
     565
     526
     489
     401
     421
     363
     383
     334
     329
     264
     264
     259
     230
     211
     205
     186
     151
     160
     145
     116
     117
     139
      90
     106
     105
      96
     108
      74
      83
      82
      66
      59
      66
      73
      70
      60
      53
      65
      56
      50
      72
      52
      63
      45
      52
      46
      50
      54
      46
      51
      54
      50
      43
      43
      60
      51
      50
      49
      49
      49
      47
      48
      53
      52
      40
      48
      65
      45
      37
      52
      49
      53
      40
      46
      49
      57
      47
      61
      49
      43
      39
      40
      52
      53
      42
      49
      56
      58
      52
      62
      48
      59
      47
      47
      39
      54
      54
      49
      57
      56
      49
      50
      44
      59
      55
      47
      37
      46
      65
      55
      38
      45
      59
      43
      47
      46
      44
      43
      38
      46
      44
      34
      45
      62
      45
      53
      42
      38
      52
      50
      47
      50
      43
      52
      37
      42
      51
      50
      42
      39
      45
      48
      43
      40
      47
      53
      51
      48
      50
      53
      35
      58
      39
      49
      40
      39
      49
      38
      48
      42
      45
      38
      38
      51
      35
      56
      50
      47
      54
      47
      45
      45
      45
      62
      70
      34
      60
      55
      53
      52
      49
      59
      42
      48
      46
      44
      39
      52
      40
      48
      40
      44
      44
      41
      51
      37
      43
      38
      43
      43
      51
      42
      57
      44
      39
      42
      44
      40
      50
      53
      48
      40
      41
      36
      51
      50
      46
      53
      52
      42
      45
      56
      37
      48
      56
      34
      52
      56
      43
      49
      47
      46
      34
      47
      39
      39
      44
      40
      40
      56
      49
      49
      47
      44
      42
      42
      66
      50
      48
      45
      35
      39
      41
      52
      44
      46
      50
      40
      49
      29
      57
      44
      47
      51
      50
      47
      54
      50
      47
      50
      43
      43
      39
      44
      47
      47
      56
      45
      48
      66
      62
      44
      39
      48
      36
      46
      54
      32
      37
      31
      46
      42
      49
      40
      52
      47
      53
      53
      45
      36
      43
      43
      55
      39
      45
      33
      47
      50
      35
      64
      46
      45
      38
      45
      37
      39
      41
      48
      56
      44
      38
      46
      64
      52
      43
      58
      36
      60
      39
      50
      42
      51
      55
      39
      57
      35
       2
       0
       0
       0
       0
       0
       0
       0
       0
       0
       0
       0
       0
       0
       0
       0
       0
       0
       0
       0
       0
       0
       0
       0
       0
       0
       0
       0
       0
       0
       0
       0
       0
       0
       0
       0
       0
       0
       0
       0
       0
       0
       0
       0
       0
       0
       0
       0
       0
       0
       0
       0
       0
       0
       0
       0
       0
       0
       0
       0
       0
       0
       0
       0
       0
       0
$ROI:
2
95 97
514 605
$PRESETS:
Real Time
200
0
$ENER_FIT:
-289.438599 1.280702
$MCA_CAL:
3
-2.894386E+002 1.280702E+000 0.000000E+000
$SHAPE_CAL:
3
0.000000E+000 0.000000E+000 0.000000E+000
