$SPEC_ID:
MEASURE 338.
$SPEC_REM:
DET# 1
DETDESC# MCB 25
AP# Maestro Version 6.05
$DATE_MEA:
03/16/2003 11:04:31
$MEAS_TIM:
192 200
$DATA:
0 1023
       0
       0
       0
       0
       0
       0
       0
       0
       0
       0
       0
       0
       0
       0
       0
       0
       0
     104
     238
     238
     229
     234
     218
     226
     263
     240
     236
     246
     260
     265
     278
     259
     254
     275
     277
     288
     277
     265
     292
     270
     271
     269
     305
     280
     284
     286
     290
     297
     256
     288
     305
     295
     268
     319
     284
     267
     277
     311
     266
     273
     270
     299
     306
     302
     299
     289
     293
     286
     294
     307
     304
     325
     320
     348
     310
     335
     311
     343
     344
     368
     369
     362
     341
     355
     334
     386
     381
     419
     411
     386
     411
     439
     448
     424
     429
     418
     485
     425
     463
     478
     463
     474
     480
     463
     474
     486
     502
     555
     542
     512
     502
     535
     515
     527
     541
     563
     519
     537
     536
     531
     556
     571
     548
     581
     595
     566
     572
     573
     607
     584
     656
     608
     607
     585
     608
     618
     597
     671
     626
     646
     640
     635
     632
     622
     653
     623
     617
     604
     689
     658
     701
     609
     614
     703
     633
     636
     620
     682
     662
     669
     663
     682
     700
     657
     614
     658
     658
     645
     657
     630
     683
     626
     679
     630
     655
     637
     693
     656
     662
     622
     678
     653
     685
     674
     699
     688
     671
     644
     635
     689
     667
     671
     667
     683
     704
     685
     736
     701
     664
     740
     699
     746
     713
     748
     724
     773
     726
     755
     805
     735
     772
     779
     785
     786
     753
     759
     773
     758
     788
     747
     785
     771
     742
     729
     737
     770
     727
     745
     715
     701
     711
     661
     727
     659
     690
     608
     655
     664
     675
     645
     656
     595
     656
     640
     614
     644
     604
     636
     644
     577
     610
     581
     587
     620
     604
     616
     560
     579
     591
     606
     564
     608
     559
     583
     645
     572
     560
     562
     571
     558
     591
     587
     578
     516
     573
     551
     619
     546
     542
     558
     525
     545
     508
     532
     518
     526
     489
     500
     517
     451
     501
     507
     471
     485
     490
     496
     463
     478
     459
     497
     445
     487
     459
     469
     471
     442
     484
     445
     452
     424
     438
     434
     452
     461
     395
     432
     415
     387
     415
     446
     423
     443
     396
     419
     427
     428
     411
     433
     393
     440
     408
     416
     388
     415
     377
     387
     395
     393
     391
     372
     349
     381
     386
     365
     406
     387
     429
     389
     363
     374
     373
     389
     343
     357
     342
     390
     360
     364
     373
     351
     363
     363
     356
     374
     355
     379
     353
     323
     357
     309
     342
     352
     360
     343
     331
     341
     329
     319
     341
     311
     332
     314
     319
     302
     288
     288
     278
     301
     298
     268
     275
     258
     265
     241
     221
     231
     253
     244
     250
     256
     250
     212
     252
     218
     216
     212
     216
     233
     230
     205
     203
     206
     196
     196
     182
     178
     193
     193
     189
     201
     211
     200
     186
     165
     175
     171
     177
     190
     175
     180
     167
     174
     183
     181
     182
     168
     172
     156
     174
     170
     157
     140
     168
     155
     127
     176
     139
     175
     150
     149
     131
     169
     149
     153
     151
     165
     147
     162
     173
     140
     153
     125
     131
     137
     145
     140
     126
     174
     134
     130
     102
     124
     141
     123
     139
     133
     142
     137
     154
     141
     150
     140
     132
     139
     131
     129
     134
     127
     135
     125
     127
     160
     136
     147
     126
     117
     138
     134
     116
     123
     143
     134
     117
     154
     145
     134
     135
     114
     117
     147
     122
     154
     155
     121
     117
     134
     138
     140
     143
     139
     140
     147
     153
     143
     188
     151
     164
     165
     165
     184
     171
     165
     193
     199
     198
     203
     166
     202
     222
     226
     224
     226
     270
     286
     278
     309
     367
     336
     372
     396
     399
     450
     484
     456
     531
     534
     635
     587
     613
     684
     722
     771
     748
     786
     851
     818
     902
     929
     945
    1013
    1044
    1074
    1089
    1178
    1196
    1189
    1185
    1245
    1333
    1301
    1353
    1348
    1394
    1400
    1343
    1414
    1419
    1426
    1403
    1474
    1379
    1322
    1436
    1273
    1327
    1372
    1297
    1285
    1243
    1260
    1184
    1147
    1144
    1064
    1008
    1008
     942
     906
     867
     869
     816
     775
     714
     668
     620
     638
     556
     501
     508
     488
     446
     414
     387
     351
     359
     318
     286
     225
     220
     216
     225
     160
     163
     159
     127
     124
     114
     114
     100
      91
      86
      83
      77
      80
      82
      72
      68
      52
      50
      61
      54
      59
      60
      55
      47
      48
      49
      46
      40
      49
      60
      52
      50
      39
      55
      70
      52
      48
      44
      62
      54
      56
      53
      55
      43
      50
      40
      58
      43
      43
      68
      41
      53
      48
      55
      50
      53
      51
      59
      58
      51
      49
      57
      50
      53
      59
      51
      58
      48
      41
      57
      62
      44
      46
      47
      50
      53
      44
      35
      50
      49
      42
      50
      45
      54
      53
      54
      41
      42
      50
      48
      48
      46
      44
      46
      46
      46
      47
      32
      55
      58
      37
      50
      40
      48
      35
      59
      46
      36
      51
      54
      44
      48
      71
      55
      49
      42
      54
      48
      46
      62
      36
      54
      49
      50
      54
      40
      46
      62
      50
      56
      47
      50
      40
      53
      49
      49
      52
      33
      41
      44
      53
      50
      54
      50
      38
      36
      34
      42
      43
      52
      39
      52
      50
      49
      46
      45
      40
      47
      51
      51
      44
      39
      49
      53
      51
      45
      39
      43
      57
      67
      41
      66
      53
      37
      46
      42
      53
      32
      45
      40
      42
      54
      40
      40
      49
      65
      63
      39
      39
      38
      52
      45
      47
      41
      60
      46
      60
      42
      34
      49
      35
      57
      55
      46
      52
      47
      28
      56
      46
      42
      40
      52
      49
      44
      42
      51
      36
      42
      43
      40
      37
      47
      51
      51
      50
      56
      54
      41
      30
      47
      46
      56
      54
      47
      57
      40
      62
      51
      43
      55
      46
      46
      31
      44
      47
      39
      51
      49
      42
      39
      55
      46
      53
      44
      41
      56
      52
      43
      64
      51
      45
      40
      40
      45
      52
      47
      38
      42
      56
      52
      39
      51
      60
      46
      47
      47
      46
      48
      54
      41
      46
      50
      43
      62
      53
      47
      57
      44
      37
      53
      56
      41
      42
      47
      58
      34
      45
      49
      48
      40
      43
      54
      54
      40
      57
      49
      44
      50
      63
      48
      56
      40
      48
      42
      52
      37
      56
      43
      42
      56
      54
      51
      46
      40
      57
      45
      30
       0
       0
       0
       0
       0
       0
       0
       0
       0
       0
       0
       0
       0
       0
       0
       0
       0
       0
       0
       0
       0
       0
       0
       0
       0
       0
       0
       0
       0
       0
       0
       0
       0
       0
       0
       0
       0
       0
       0
       0
       0
       0
       0
       0
       0
       0
       0
       0
       0
       0
       0
       0
       0
       0
       0
       0
       0
       0
       0
       0
       0
       0
       0
       0
       0
       0
$ROI:
2
95 97
514 605
$PRESETS:
Real Time
200
0
$ENER_FIT:
-289.438599 1.280702
$MCA_CAL:
3
-2.894386E+002 1.280702E+000 0.000000E+000
$SHAPE_CAL:
3
0.000000E+000 0.000000E+000 0.000000E+000
