$SPEC_ID:
MEASURE 608.
$SPEC_REM:
DET# 1
DETDESC# MCB 25
AP# Maestro Version 6.05
$DATE_MEA:
03/17/2003 09:34:31
$MEAS_TIM:
192 200
$DATA:
0 1023
       0
       0
       0
       0
       0
       0
       0
       0
       0
       0
       0
       0
       0
       0
       0
       0
       0
     117
     209
     205
     237
     267
     222
     259
     252
     254
     245
     262
     245
     282
     282
     286
     260
     243
     277
     250
     241
     260
     268
     277
     260
     278
     272
     287
     278
     312
     273
     252
     292
     270
     273
     295
     255
     278
     274
     286
     270
     252
     292
     288
     278
     308
     314
     344
     291
     292
     283
     273
     300
     303
     316
     334
     338
     317
     307
     348
     328
     283
     320
     317
     337
     396
     378
     350
     335
     373
     411
     385
     360
     364
     399
     413
     444
     426
     427
     451
     421
     443
     441
     472
     467
     461
     420
     501
     496
     449
     496
     492
     492
     488
     540
     510
     542
     506
     522
     525
     542
     520
     554
     548
     560
     537
     541
     557
     581
     587
     579
     572
     559
     576
     567
     573
     637
     627
     627
     621
     576
     586
     605
     627
     609
     611
     615
     636
     654
     621
     637
     656
     618
     626
     611
     664
     637
     638
     660
     676
     633
     643
     699
     663
     647
     652
     606
     620
     657
     650
     632
     617
     608
     660
     650
     648
     648
     660
     633
     629
     656
     720
     628
     676
     645
     667
     680
     606
     638
     639
     635
     638
     667
     713
     689
     630
     657
     669
     642
     662
     669
     695
     718
     665
     723
     697
     703
     702
     746
     747
     702
     753
     755
     756
     789
     746
     749
     739
     764
     798
     756
     764
     744
     796
     756
     752
     797
     762
     720
     708
     719
     751
     731
     722
     714
     748
     703
     718
     678
     729
     661
     665
     682
     680
     660
     685
     622
     636
     608
     651
     629
     624
     603
     594
     595
     586
     646
     607
     584
     622
     589
     585
     609
     587
     615
     580
     573
     605
     638
     587
     605
     553
     592
     596
     547
     584
     487
     568
     569
     533
     535
     529
     551
     549
     513
     548
     552
     518
     486
     535
     503
     499
     508
     466
     480
     461
     467
     512
     484
     500
     462
     459
     401
     491
     506
     425
     465
     472
     478
     428
     481
     437
     423
     441
     437
     455
     414
     415
     401
     415
     416
     445
     405
     453
     404
     402
     366
     417
     411
     413
     366
     426
     407
     385
     418
     408
     376
     415
     390
     404
     353
     396
     414
     339
     365
     371
     387
     372
     364
     382
     390
     388
     419
     342
     388
     395
     384
     399
     372
     384
     376
     367
     393
     364
     360
     346
     386
     370
     394
     350
     370
     362
     344
     365
     370
     354
     372
     353
     330
     319
     310
     306
     333
     318
     300
     336
     292
     280
     300
     303
     304
     291
     277
     256
     269
     283
     258
     256
     309
     278
     275
     264
     243
     217
     261
     270
     223
     245
     230
     225
     243
     235
     224
     232
     218
     230
     186
     202
     196
     213
     206
     188
     204
     201
     187
     206
     194
     190
     195
     175
     181
     143
     170
     191
     183
     158
     203
     174
     164
     180
     182
     185
     152
     174
     189
     172
     156
     166
     160
     179
     183
     160
     156
     131
     131
     153
     161
     151
     141
     150
     152
     141
     173
     150
     151
     138
     154
     144
     127
     129
     130
     140
     145
     123
     139
     138
     124
     137
     146
     132
     134
     148
     141
     130
     136
     126
     130
     134
     112
     139
     134
     129
     159
     124
     146
     138
     140
     154
     145
     146
     116
     145
     122
     130
     105
     122
     126
     138
     139
     138
     133
     123
     139
     145
     139
     139
     113
     140
     133
     143
     123
     137
     121
     134
     125
     130
     143
     120
     133
     127
     138
     137
     161
     136
     154
     168
     151
     180
     170
     161
     176
     164
     182
     171
     189
     200
     196
     224
     211
     226
     240
     268
     303
     301
     304
     313
     319
     334
     350
     364
     403
     415
     430
     475
     506
     547
     550
     562
     652
     649
     663
     748
     760
     778
     859
     864
     901
     963
     978
     946
    1051
    1094
    1129
    1071
    1152
    1189
    1210
    1277
    1219
    1273
    1278
    1321
    1359
    1346
    1476
    1432
    1449
    1333
    1403
    1388
    1416
    1354
    1408
    1275
    1350
    1313
    1221
    1238
    1221
    1144
    1168
    1137
    1151
    1112
    1084
    1075
     967
     925
     931
     899
     824
     757
     718
     705
     670
     635
     611
     572
     529
     509
     449
     408
     401
     370
     344
     328
     283
     255
     222
     219
     194
     196
     178
     175
     162
     136
     138
     107
     129
     121
      99
     104
      82
      73
      83
      70
      89
      59
      51
      75
      66
      75
      69
      74
      52
      60
      69
      62
      65
      59
      54
      60
      48
      52
      53
      61
      44
      53
      56
      52
      45
      64
      51
      48
      45
      51
      43
      48
      52
      49
      55
      33
      47
      41
      59
      57
      53
      60
      60
      49
      46
      62
      40
      58
      57
      63
      58
      50
      55
      58
      39
      42
      53
      44
      53
      49
      41
      55
      47
      53
      46
      50
      46
      63
      39
      46
      45
      46
      49
      44
      41
      49
      54
      51
      58
      49
      42
      37
      45
      55
      39
      42
      41
      46
      50
      54
      62
      45
      41
      55
      47
      57
      54
      41
      52
      49
      47
      34
      41
      43
      40
      50
      44
      33
      55
      51
      45
      51
      29
      42
      34
      42
      45
      47
      51
      51
      43
      38
      50
      54
      49
      67
      47
      55
      48
      46
      54
      38
      44
      29
      45
      41
      33
      46
      42
      51
      46
      64
      49
      44
      52
      53
      50
      38
      55
      47
      43
      60
      44
      45
      44
      36
      40
      37
      34
      52
      42
      48
      64
      42
      40
      46
      50
      34
      51
      36
      33
      49
      41
      54
      44
      49
      38
      51
      49
      45
      43
      48
      40
      32
      39
      38
      59
      50
      46
      38
      54
      46
      51
      50
      43
      42
      42
      37
      44
      54
      42
      52
      45
      59
      47
      32
      47
      42
      49
      41
      52
      47
      43
      47
      50
      55
      44
      44
      45
      59
      43
      46
      37
      32
      63
      37
      42
      39
      44
      52
      55
      36
      57
      37
      50
      45
      51
      43
      49
      41
      62
      47
      38
      57
      52
      46
      34
      48
      49
      39
      52
      46
      51
      37
      51
      46
      38
      40
      42
      50
      48
      52
      53
      50
      50
      41
      52
      42
      41
      50
      44
      50
      58
      40
      36
      38
      45
      44
      53
      54
      50
      33
      54
      56
      34
      54
      39
      47
      40
      51
      46
      49
      39
      53
      48
      47
      44
      46
      47
      51
      56
      39
      44
      54
      47
      40
       0
       0
       0
       0
       0
       0
       0
       0
       0
       0
       0
       0
       0
       0
       0
       0
       0
       0
       0
       0
       0
       0
       0
       0
       0
       0
       0
       0
       0
       0
       0
       0
       0
       0
       0
       0
       0
       0
       0
       0
       0
       0
       0
       0
       0
       0
       0
       0
       0
       0
       0
       0
       0
       0
       0
       0
       0
       0
       0
       0
       0
       0
       0
       0
       0
       0
$ROI:
2
95 97
514 605
$PRESETS:
Real Time
200
0
$ENER_FIT:
-289.438599 1.280702
$MCA_CAL:
3
-2.894386E+002 1.280702E+000 0.000000E+000
$SHAPE_CAL:
3
0.000000E+000 0.000000E+000 0.000000E+000
