$SPEC_ID:
MEASURE 164.
$SPEC_REM:
DET# 1
DETDESC# MCB 25
AP# Maestro Version 6.05
$DATE_MEA:
03/15/2003 20:34:31
$MEAS_TIM:
192 200
$DATA:
0 1023
       0
       0
       0
       0
       0
       0
       0
       0
       0
       0
       0
       0
       0
       0
       0
       0
       0
     101
     231
     255
     262
     241
     254
     235
     284
     296
     278
     273
     267
     270
     263
     250
     278
     269
     248
     273
     284
     296
     265
     275
     290
     265
     295
     278
     301
     271
     303
     273
     281
     274
     272
     300
     296
     284
     305
     279
     281
     302
     279
     300
     311
     284
     296
     287
     317
     317
     290
     322
     299
     300
     338
     343
     331
     313
     323
     344
     377
     355
     333
     338
     338
     404
     391
     374
     371
     400
     381
     414
     427
     427
     377
     451
     430
     480
     440
     450
     451
     472
     459
     494
     478
     528
     513
     520
     526
     533
     496
     489
     530
     464
     540
     543
     571
     555
     563
     524
     599
     574
     563
     537
     573
     567
     556
     544
     584
     574
     595
     628
     632
     594
     579
     634
     641
     648
     639
     643
     593
     626
     609
     626
     681
     612
     651
     655
     660
     636
     661
     637
     632
     696
     663
     672
     656
     634
     679
     660
     660
     643
     621
     619
     705
     651
     664
     674
     715
     719
     643
     645
     684
     676
     607
     661
     674
     675
     640
     670
     699
     635
     650
     670
     702
     677
     663
     691
     682
     675
     692
     687
     674
     690
     677
     691
     714
     692
     745
     711
     779
     696
     748
     693
     730
     743
     791
     769
     740
     757
     720
     783
     768
     818
     800
     789
     803
     778
     770
     763
     771
     783
     754
     757
     755
     767
     763
     749
     739
     699
     749
     761
     724
     681
     704
     738
     678
     701
     640
     657
     620
     637
     620
     647
     639
     633
     643
     666
     629
     570
     612
     604
     650
     602
     633
     606
     618
     605
     615
     588
     612
     622
     563
     584
     587
     599
     573
     582
     575
     596
     602
     551
     568
     556
     590
     567
     569
     520
     530
     536
     518
     542
     536
     509
     499
     484
     507
     520
     529
     544
     527
     494
     515
     513
     525
     479
     506
     519
     461
     528
     499
     449
     472
     513
     441
     467
     492
     456
     470
     445
     471
     424
     398
     451
     429
     483
     411
     432
     401
     439
     436
     424
     422
     457
     441
     374
     398
     450
     446
     398
     433
     401
     417
     417
     421
     404
     405
     420
     387
     432
     386
     425
     392
     424
     374
     349
     396
     388
     390
     392
     382
     381
     358
     378
     366
     389
     361
     373
     383
     366
     385
     318
     367
     395
     360
     328
     360
     347
     349
     361
     341
     347
     338
     350
     332
     325
     347
     367
     338
     327
     294
     301
     282
     304
     301
     318
     292
     269
     300
     261
     276
     266
     268
     228
     271
     247
     249
     237
     241
     205
     234
     228
     236
     232
     233
     218
     193
     200
     206
     195
     213
     221
     224
     224
     176
     221
     205
     210
     209
     191
     190
     177
     161
     181
     161
     184
     182
     169
     188
     170
     150
     191
     171
     185
     166
     168
     158
     153
     152
     162
     175
     151
     163
     152
     160
     173
     180
     152
     142
     156
     141
     147
     143
     127
     158
     129
     147
     151
     153
     138
     145
     150
     141
     135
     146
     143
     137
     157
     154
     136
     153
     162
     138
     134
     156
     133
     147
     129
     131
     137
     144
     135
     131
     124
     127
     122
     151
     123
     128
     113
     129
     141
     128
     141
     120
     133
     119
     137
     152
     141
     143
     141
     147
     137
     131
     128
     150
     108
     127
     131
     139
     157
     121
     136
     122
     141
     160
     150
     146
     159
     146
     136
     149
     149
     170
     151
     168
     150
     172
     181
     201
     197
     206
     209
     222
     246
     239
     228
     255
     262
     301
     282
     315
     341
     337
     400
     377
     439
     439
     429
     467
     530
     506
     549
     572
     575
     681
     705
     743
     773
     737
     831
     845
     922
     908
     948
    1016
    1097
    1103
    1126
    1140
    1184
    1225
    1204
    1256
    1262
    1325
    1338
    1372
    1372
    1306
    1438
    1415
    1406
    1442
    1395
    1366
    1415
    1385
    1357
    1494
    1356
    1362
    1363
    1283
    1233
    1184
    1167
    1118
    1152
    1078
    1044
     936
     944
     921
     864
     885
     829
     725
     709
     665
     641
     625
     559
     540
     483
     435
     436
     371
     352
     308
     291
     258
     266
     267
     215
     202
     200
     171
     157
     148
     145
     114
     140
     112
      92
     105
      86
      76
      86
      69
      65
      73
      63
      73
      49
      64
      59
      62
      59
      61
      72
      61
      52
      54
      51
      53
      60
      59
      62
      57
      53
      65
      62
      46
      47
      50
      59
      57
      66
      63
      39
      49
      57
      50
      50
      52
      51
      45
      60
      61
      47
      49
      46
      55
      52
      44
      59
      52
      52
      59
      44
      47
      40
      49
      52
      46
      47
      45
      66
      48
      37
      56
      51
      41
      48
      38
      41
      56
      54
      55
      54
      46
      57
      51
      51
      45
      45
      39
      51
      40
      44
      47
      49
      49
      57
      54
      49
      65
      36
      58
      41
      56
      44
      53
      49
      51
      54
      48
      57
      44
      44
      54
      55
      41
      48
      55
      59
      42
      46
      63
      42
      41
      41
      49
      48
      48
      37
      43
      51
      73
      39
      45
      45
      50
      53
      45
      50
      45
      45
      56
      54
      42
      49
      57
      46
      45
      44
      52
      47
      41
      49
      55
      56
      38
      39
      40
      48
      48
      51
      42
      42
      58
      46
      48
      45
      41
      48
      49
      44
      44
      62
      40
      56
      44
      54
      40
      51
      49
      39
      49
      50
      37
      54
      59
      48
      42
      53
      39
      45
      41
      41
      49
      70
      42
      46
      51
      47
      48
      51
      54
      45
      49
      42
      44
      44
      46
      47
      41
      44
      58
      39
      38
      46
      46
      55
      50
      43
      43
      51
      55
      58
      49
      40
      43
      48
      55
      56
      45
      34
      51
      36
      55
      35
      56
      52
      55
      52
      59
      43
      50
      39
      43
      42
      39
      53
      46
      47
      49
      53
      42
      57
      39
      48
      37
      41
      62
      54
      44
      42
      39
      49
      50
      66
      58
      40
      50
      43
      65
      48
      47
      49
      64
      55
      53
      49
      58
      52
      59
      36
      42
      36
      52
      52
      60
      45
      45
      50
      38
      52
      37
      42
      48
      58
      40
      56
      50
      60
      56
      49
      38
      41
      38
      45
      67
      28
      37
      54
      52
      40
      44
      53
      61
      50
      23
      50
      56
      50
      54
      68
      46
      51
      55
      47
      49
      49
      49
      41
      54
      48
      39
      23
       0
       0
       0
       0
       0
       0
       0
       0
       0
       0
       0
       0
       0
       0
       0
       0
       0
       0
       0
       0
       0
       0
       0
       0
       0
       0
       0
       0
       0
       0
       0
       0
       0
       0
       0
       0
       0
       0
       0
       0
       0
       0
       0
       0
       0
       0
       0
       0
       0
       0
       0
       0
       0
       0
       0
       0
       0
       0
       0
       0
       0
       0
       0
       0
       0
       0
$ROI:
2
95 97
514 605
$PRESETS:
Real Time
200
0
$ENER_FIT:
-289.438599 1.280702
$MCA_CAL:
3
-2.894386E+002 1.280702E+000 0.000000E+000
$SHAPE_CAL:
3
0.000000E+000 0.000000E+000 0.000000E+000
