$SPEC_ID:
MEASURE 333.
$SPEC_REM:
DET# 1
DETDESC# MCB 25
AP# Maestro Version 6.05
$DATE_MEA:
03/16/2003 10:39:31
$MEAS_TIM:
192 200
$DATA:
0 1023
       0
       0
       0
       0
       0
       0
       0
       0
       0
       0
       0
       0
       0
       0
       0
       0
       0
     116
     235
     248
     242
     254
     259
     267
     261
     262
     274
     264
     242
     266
     267
     238
     255
     266
     300
     257
     261
     278
     293
     297
     251
     254
     275
     279
     299
     273
     272
     319
     303
     286
     274
     250
     287
     298
     280
     300
     301
     291
     346
     273
     317
     305
     300
     301
     305
     282
     300
     283
     364
     286
     320
     309
     335
     290
     335
     332
     347
     335
     340
     369
     338
     365
     364
     397
     391
     366
     369
     378
     388
     401
     410
     399
     409
     428
     463
     466
     430
     469
     475
     450
     492
     448
     454
     494
     506
     483
     496
     522
     546
     457
     499
     535
     517
     544
     558
     579
     561
     562
     532
     536
     555
     520
     577
     554
     594
     539
     568
     617
     614
     589
     580
     592
     635
     636
     636
     646
     620
     638
     663
     665
     684
     598
     697
     643
     662
     670
     683
     665
     627
     668
     640
     690
     659
     644
     716
     641
     659
     667
     628
     688
     652
     685
     695
     654
     650
     689
     640
     600
     642
     694
     617
     682
     644
     656
     617
     633
     665
     661
     623
     648
     697
     655
     675
     652
     641
     672
     709
     680
     699
     650
     702
     657
     672
     688
     707
     700
     727
     673
     723
     712
     751
     715
     707
     760
     721
     773
     744
     747
     789
     762
     766
     736
     809
     796
     789
     788
     769
     764
     766
     801
     767
     729
     736
     712
     761
     696
     722
     740
     682
     738
     682
     654
     701
     734
     633
     672
     685
     654
     685
     692
     648
     678
     634
     637
     655
     716
     657
     690
     605
     624
     625
     574
     623
     544
     609
     583
     546
     634
     614
     587
     589
     573
     600
     587
     570
     560
     554
     553
     585
     572
     557
     571
     544
     565
     543
     520
     551
     531
     605
     519
     543
     538
     569
     512
     505
     475
     514
     440
     522
     496
     500
     493
     468
     488
     497
     492
     465
     451
     478
     475
     454
     472
     436
     475
     456
     443
     478
     460
     449
     455
     459
     437
     432
     431
     431
     436
     434
     403
     405
     453
     412
     399
     401
     428
     451
     406
     419
     407
     391
     399
     441
     376
     391
     434
     387
     395
     393
     406
     384
     378
     418
     385
     368
     420
     384
     378
     379
     366
     380
     369
     361
     415
     365
     388
     344
     375
     367
     358
     372
     349
     361
     334
     347
     356
     347
     373
     367
     345
     342
     326
     339
     333
     314
     294
     334
     299
     316
     307
     333
     336
     326
     299
     281
     280
     280
     298
     264
     320
     273
     321
     312
     244
     249
     251
     268
     262
     260
     232
     235
     221
     210
     222
     212
     213
     232
     187
     222
     220
     209
     256
     199
     194
     193
     220
     206
     213
     176
     193
     210
     188
     191
     184
     191
     164
     200
     194
     182
     174
     170
     198
     161
     183
     155
     184
     161
     140
     154
     158
     162
     176
     189
     167
     170
     165
     163
     152
     141
     157
     146
     134
     171
     164
     141
     145
     160
     158
     132
     141
     133
     139
     161
     138
     141
     132
     140
     152
     145
     167
     147
     140
     137
     145
     143
     146
     157
     152
     126
     125
     150
     129
     145
     138
     130
     160
     125
     134
     156
     142
     133
     114
     147
     139
     146
     110
     153
     132
     144
     133
     163
     148
     137
     129
     140
     128
     133
     144
     125
     162
     136
     114
     129
     122
     145
     162
     155
     140
     151
     137
     126
     154
     147
     140
     148
     139
     134
     153
     165
     154
     165
     172
     186
     192
     199
     192
     178
     221
     224
     258
     234
     256
     254
     262
     282
     319
     321
     317
     321
     379
     352
     395
     487
     428
     477
     472
     563
     570
     592
     607
     700
     656
     639
     745
     757
     786
     836
     870
     926
     984
     966
    1042
    1092
    1031
    1139
    1149
    1171
    1235
    1294
    1250
    1291
    1268
    1323
    1331
    1333
    1360
    1440
    1458
    1393
    1391
    1361
    1392
    1355
    1334
    1330
    1365
    1289
    1323
    1297
    1213
    1216
    1239
    1157
    1146
    1104
    1100
    1034
    1011
    1014
     910
     887
     852
     787
     758
     664
     635
     604
     615
     537
     528
     498
     489
     433
     383
     362
     365
     281
     282
     316
     265
     217
     204
     203
     211
     150
     156
     137
     121
     118
     122
     100
      90
     111
      78
      67
      72
      73
      72
      87
      67
      54
      52
      71
      62
      59
      58
      61
      68
      60
      60
      53
      44
      61
      53
      60
      52
      47
      41
      50
      52
      61
      67
      55
      70
      44
      55
      50
      41
      48
      49
      52
      47
      48
      56
      37
      48
      54
      55
      48
      47
      39
      38
      52
      60
      62
      41
      49
      63
      47
      50
      63
      48
      44
      49
      40
      57
      57
      51
      45
      44
      51
      54
      49
      51
      61
      51
      38
      45
      51
      46
      41
      61
      45
      50
      44
      53
      42
      45
      59
      34
      59
      59
      48
      56
      43
      38
      58
      52
      40
      39
      35
      37
      51
      47
      54
      54
      45
      46
      41
      40
      36
      53
      56
      51
      39
      43
      55
      53
      53
      45
      51
      48
      45
      45
      47
      42
      55
      51
      35
      55
      61
      59
      46
      53
      46
      42
      44
      55
      48
      50
      47
      47
      39
      46
      45
      46
      33
      38
      62
      42
      49
      39
      51
      52
      49
      43
      57
      38
      37
      48
      44
      46
      46
      47
      42
      56
      50
      43
      38
      45
      54
      45
      55
      59
      46
      49
      50
      41
      46
      42
      49
      56
      45
      43
      46
      55
      47
      34
      51
      49
      38
      44
      42
      45
      52
      40
      42
      40
      54
      66
      36
      50
      45
      44
      33
      45
      44
      43
      45
      39
      53
      46
      48
      51
      49
      61
      59
      60
      42
      54
      55
      46
      48
      40
      44
      44
      46
      49
      37
      42
      54
      63
      47
      56
      48
      47
      44
      40
      48
      42
      56
      49
      43
      57
      56
      50
      50
      56
      53
      40
      51
      60
      46
      45
      56
      37
      51
      51
      41
      51
      51
      58
      52
      57
      41
      35
      44
      57
      44
      49
      51
      54
      43
      58
      43
      56
      38
      64
      45
      36
      50
      55
      37
      61
      58
      55
      55
      50
      47
      47
      59
      56
      56
      51
      55
      47
      49
      45
      73
      44
      46
      39
      50
      41
      44
      43
      58
      31
      46
      52
      47
      44
      44
      44
      43
      40
      47
      50
      45
      31
       0
       0
       0
       0
       0
       0
       0
       0
       0
       0
       0
       0
       0
       0
       0
       0
       0
       0
       0
       0
       0
       0
       0
       0
       0
       0
       0
       0
       0
       0
       0
       0
       0
       0
       0
       0
       0
       0
       0
       0
       0
       0
       0
       0
       0
       0
       0
       0
       0
       0
       0
       0
       0
       0
       0
       0
       0
       0
       0
       0
       0
       0
       0
       0
       0
       0
$ROI:
2
95 97
514 605
$PRESETS:
Real Time
200
0
$ENER_FIT:
-289.438599 1.280702
$MCA_CAL:
3
-2.894386E+002 1.280702E+000 0.000000E+000
$SHAPE_CAL:
3
0.000000E+000 0.000000E+000 0.000000E+000
