$SPEC_ID:
MEASURE 400.
$SPEC_REM:
DET# 1
DETDESC# MCB 25
AP# Maestro Version 6.05
$DATE_MEA:
03/16/2003 16:14:31
$MEAS_TIM:
192 200
$DATA:
0 1023
       0
       0
       0
       0
       0
       0
       0
       0
       0
       0
       0
       0
       0
       0
       0
       0
       0
     111
     280
     253
     260
     242
     264
     238
     258
     265
     261
     227
     248
     222
     265
     258
     263
     262
     279
     305
     287
     246
     276
     245
     300
     244
     291
     292
     303
     279
     287
     311
     287
     298
     287
     272
     264
     308
     299
     281
     293
     293
     293
     293
     289
     324
     323
     316
     302
     287
     322
     326
     294
     338
     314
     304
     349
     329
     316
     357
     328
     300
     348
     329
     329
     335
     378
     352
     344
     391
     354
     384
     379
     361
     414
     421
     423
     447
     466
     467
     454
     433
     478
     473
     445
     475
     447
     467
     506
     452
     518
     522
     496
     526
     527
     494
     523
     524
     555
     589
     575
     581
     573
     514
     569
     639
     627
     565
     578
     611
     554
     602
     558
     585
     552
     562
     624
     610
     607
     678
     622
     613
     613
     596
     600
     630
     657
     631
     643
     633
     670
     672
     620
     670
     642
     645
     672
     662
     644
     665
     685
     681
     669
     654
     661
     687
     698
     655
     647
     666
     690
     688
     671
     671
     650
     677
     632
     647
     642
     650
     688
     638
     632
     684
     644
     639
     685
     662
     626
     692
     713
     656
     652
     672
     712
     653
     660
     666
     692
     652
     710
     655
     691
     764
     708
     730
     701
     685
     729
     690
     715
     745
     768
     767
     765
     792
     772
     781
     784
     725
     789
     782
     780
     799
     787
     761
     764
     843
     727
     712
     719
     731
     682
     702
     758
     696
     687
     630
     694
     696
     659
     665
     663
     706
     643
     670
     668
     621
     618
     599
     620
     574
     589
     566
     608
     598
     614
     615
     608
     586
     613
     632
     596
     617
     615
     548
     545
     604
     567
     579
     551
     554
     543
     509
     566
     575
     551
     563
     545
     554
     543
     526
     564
     512
     511
     501
     497
     508
     550
     518
     502
     506
     497
     505
     502
     477
     470
     486
     488
     473
     473
     503
     481
     432
     494
     450
     462
     447
     436
     492
     493
     420
     457
     422
     483
     446
     426
     467
     424
     402
     429
     443
     438
     415
     416
     434
     450
     430
     446
     409
     399
     386
     428
     381
     371
     407
     396
     416
     403
     372
     385
     392
     415
     404
     396
     403
     383
     353
     380
     372
     387
     405
     331
     375
     350
     416
     366
     375
     364
     369
     359
     360
     360
     362
     353
     373
     347
     335
     343
     306
     345
     325
     368
     366
     322
     308
     381
     353
     312
     280
     339
     344
     345
     348
     296
     296
     298
     288
     296
     303
     302
     303
     270
     274
     262
     254
     260
     261
     278
     246
     258
     251
     266
     224
     223
     228
     224
     243
     210
     210
     214
     238
     198
     188
     213
     196
     204
     214
     217
     221
     191
     196
     195
     202
     173
     177
     212
     192
     170
     172
     173
     166
     172
     174
     177
     149
     159
     165
     158
     161
     177
     165
     180
     161
     138
     167
     155
     186
     138
     160
     172
     150
     148
     143
     161
     161
     146
     156
     144
     139
     170
     142
     156
     170
     137
     125
     148
     145
     143
     170
     135
     134
     137
     148
     139
     149
     157
     142
     137
     129
     137
     126
     133
     122
     146
     140
     142
     120
     150
     154
     149
     130
     147
     151
     111
     135
     120
     126
     138
     142
     130
     118
     140
     130
     126
     144
     131
     130
     155
     130
     164
     150
     142
     133
     115
     137
     132
     157
     137
     152
     132
     145
     132
     111
     148
     137
     148
     150
     127
     161
     142
     182
     162
     160
     185
     164
     156
     163
     201
     208
     207
     199
     226
     226
     212
     239
     242
     274
     243
     270
     295
     320
     332
     397
     364
     386
     448
     415
     444
     473
     475
     518
     605
     596
     623
     656
     727
     698
     708
     780
     779
     843
     901
     926
     946
    1024
    1060
    1063
    1178
    1134
    1154
    1285
    1231
    1279
    1254
    1250
    1350
    1343
    1386
    1447
    1407
    1381
    1438
    1400
    1436
    1400
    1369
    1376
    1333
    1330
    1350
    1282
    1290
    1225
    1286
    1154
    1185
    1175
    1067
    1116
     987
    1008
     956
     861
     917
     820
     764
     723
     718
     711
     648
     626
     521
     496
     510
     469
     419
     400
     386
     318
     310
     274
     290
     272
     230
     216
     206
     182
     191
     153
     148
     158
     114
     130
     133
     108
      98
      83
      84
      76
      69
      77
      68
      76
      64
      78
      78
      54
      47
      44
      52
      45
      43
      54
      35
      63
      69
      45
      61
      40
      70
      49
      48
      48
      52
      47
      57
      41
      50
      51
      52
      42
      44
      42
      45
      57
      46
      56
      38
      61
      47
      66
      52
      51
      49
      52
      53
      64
      50
      51
      65
      46
      45
      62
      53
      48
      49
      58
      46
      59
      44
      57
      49
      50
      49
      57
      47
      58
      57
      41
      48
      66
      58
      62
      50
      45
      43
      49
      41
      36
      45
      45
      48
      52
      53
      45
      43
      42
      58
      54
      44
      49
      43
      51
      52
      42
      48
      51
      37
      53
      49
      48
      37
      44
      38
      49
      38
      47
      49
      53
      37
      35
      35
      45
      39
      55
      52
      44
      38
      41
      49
      47
      29
      44
      36
      47
      58
      46
      42
      59
      41
      42
      52
      47
      47
      38
      44
      54
      37
      42
      42
      47
      35
      36
      59
      38
      41
      43
      38
      46
      38
      55
      46
      53
      48
      51
      50
      53
      49
      61
      42
      54
      50
      51
      54
      38
      36
      58
      56
      49
      47
      46
      49
      41
      40
      41
      51
      52
      34
      42
      50
      50
      42
      44
      58
      53
      38
      41
      45
      50
      43
      49
      45
      45
      54
      65
      40
      47
      40
      53
      37
      56
      47
      40
      52
      47
      48
      39
      54
      35
      37
      57
      48
      43
      53
      44
      51
      42
      38
      46
      57
      49
      43
      43
      48
      42
      44
      43
      46
      43
      44
      38
      30
      50
      58
      48
      41
      38
      57
      48
      56
      66
      49
      44
      33
      45
      43
      43
      57
      53
      42
      49
      54
      52
      57
      46
      52
      45
      32
      55
      56
      46
      49
      48
      42
      45
      44
      45
      42
      40
      53
      43
      47
      38
      44
      40
      46
      54
      53
      52
      46
      34
      41
      56
      55
      35
      38
      60
      58
      57
      55
      31
      46
      42
      48
      61
      48
      59
      43
      60
      54
      63
      40
      43
      48
      66
      44
      44
      56
      46
      43
      25
       1
       0
       0
       0
       0
       0
       0
       0
       0
       0
       0
       0
       0
       0
       0
       0
       0
       0
       0
       0
       0
       0
       0
       0
       0
       0
       0
       0
       0
       0
       0
       0
       0
       0
       0
       0
       0
       0
       0
       0
       0
       0
       0
       0
       0
       0
       0
       0
       0
       0
       0
       0
       0
       0
       0
       0
       0
       0
       0
       0
       0
       0
       0
       0
       0
       0
$ROI:
2
95 97
514 605
$PRESETS:
Real Time
200
0
$ENER_FIT:
-289.438599 1.280702
$MCA_CAL:
3
-2.894386E+002 1.280702E+000 0.000000E+000
$SHAPE_CAL:
3
0.000000E+000 0.000000E+000 0.000000E+000
