$SPEC_ID:
MEASURE 226.
$SPEC_REM:
DET# 1
DETDESC# MCB 25
AP# Maestro Version 6.05
$DATE_MEA:
03/16/2003 01:44:31
$MEAS_TIM:
192 200
$DATA:
0 1023
       0
       0
       0
       0
       0
       0
       0
       0
       0
       0
       0
       0
       0
       0
       0
       0
       0
     103
     249
     226
     236
     266
     272
     247
     258
     269
     281
     252
     271
     258
     285
     263
     282
     297
     265
     271
     316
     272
     276
     278
     276
     285
     313
     271
     277
     323
     256
     283
     310
     271
     293
     262
     292
     319
     278
     320
     288
     309
     289
     283
     272
     305
     291
     331
     273
     291
     324
     279
     319
     322
     300
     293
     345
     323
     351
     311
     330
     358
     370
     335
     356
     368
     399
     395
     383
     390
     413
     373
     384
     412
     406
     399
     422
     425
     420
     446
     464
     441
     420
     440
     487
     476
     477
     514
     479
     537
     502
     486
     530
     541
     523
     528
     537
     539
     565
     565
     562
     565
     590
     566
     536
     587
     575
     568
     568
     588
     583
     633
     601
     590
     620
     638
     641
     621
     610
     605
     630
     663
     665
     648
     639
     662
     668
     617
     651
     627
     653
     662
     667
     640
     686
     663
     647
     661
     642
     663
     643
     722
     638
     688
     689
     646
     656
     620
     684
     716
     642
     704
     698
     646
     638
     675
     672
     662
     663
     678
     664
     690
     696
     644
     661
     661
     687
     722
     676
     667
     684
     665
     701
     697
     666
     690
     654
     701
     679
     712
     717
     707
     675
     747
     722
     733
     710
     792
     763
     747
     723
     764
     765
     800
     810
     792
     794
     759
     759
     774
     792
     821
     759
     780
     757
     785
     741
     736
     763
     739
     770
     746
     731
     754
     696
     705
     704
     701
     652
     674
     685
     634
     678
     595
     607
     653
     619
     642
     645
     657
     596
     657
     620
     644
     585
     617
     588
     593
     606
     589
     596
     650
     560
     582
     599
     583
     551
     546
     568
     569
     573
     542
     559
     569
     554
     530
     561
     580
     528
     542
     519
     563
     526
     525
     520
     539
     537
     491
     470
     489
     525
     474
     479
     477
     518
     520
     468
     498
     466
     482
     469
     475
     460
     458
     484
     456
     444
     519
     432
     457
     415
     459
     428
     447
     446
     451
     462
     432
     392
     453
     458
     463
     444
     394
     446
     433
     471
     409
     436
     426
     409
     389
     387
     383
     408
     387
     418
     411
     412
     378
     395
     389
     400
     416
     398
     385
     348
     408
     360
     407
     427
     406
     407
     386
     359
     341
     375
     384
     359
     369
     364
     408
     345
     377
     370
     374
     348
     346
     342
     384
     331
     353
     319
     345
     327
     313
     316
     329
     329
     330
     330
     311
     313
     307
     292
     308
     325
     273
     296
     290
     285
     270
     264
     284
     273
     219
     238
     246
     243
     249
     262
     233
     247
     235
     255
     209
     213
     217
     209
     227
     207
     200
     215
     210
     209
     206
     205
     201
     166
     185
     207
     202
     197
     192
     163
     183
     176
     207
     192
     169
     153
     172
     159
     155
     170
     160
     161
     159
     151
     169
     150
     172
     155
     167
     151
     159
     156
     154
     142
     155
     123
     166
     151
     152
     149
     159
     173
     172
     136
     135
     148
     138
     140
     159
     127
     146
     165
     167
     141
     140
     135
     138
     150
     133
     124
     132
     139
     150
     124
     146
     149
     139
     130
     131
     127
     135
     104
     134
     135
     137
     128
     139
     157
     137
     144
     131
     138
     149
     133
     146
     140
     123
     120
     130
     134
     150
     120
     157
     128
     143
     121
     132
     125
     151
     133
     145
     151
     118
     153
     160
     136
     146
     137
     129
     179
     161
     157
     147
     160
     192
     171
     174
     203
     186
     205
     209
     197
     232
     272
     228
     239
     245
     272
     282
     308
     304
     352
     335
     368
     384
     456
     431
     445
     455
     510
     543
     537
     588
     627
     657
     724
     717
     722
     792
     814
     853
     874
     966
     933
     948
    1051
    1009
    1075
    1214
    1190
    1195
    1234
    1270
    1297
    1284
    1263
    1367
    1295
    1341
    1382
    1360
    1394
    1482
    1445
    1403
    1332
    1417
    1346
    1373
    1336
    1333
    1353
    1394
    1250
    1209
    1148
    1128
    1143
    1074
    1085
    1042
     958
     881
     901
     860
     837
     758
     704
     685
     677
     606
     550
     502
     497
     471
     419
     442
     373
     335
     307
     291
     295
     251
     242
     214
     212
     177
     147
     137
     150
     130
     134
     127
      98
      95
      91
      88
      85
      76
      79
      63
      68
      69
      73
      59
      50
      48
      55
      54
      68
      64
      49
      45
      62
      57
      37
      44
      57
      51
      54
      54
      62
      51
      43
      43
      63
      60
      49
      49
      57
      54
      49
      47
      58
      42
      48
      58
      46
      42
      67
      57
      52
      64
      56
      50
      55
      49
      45
      52
      39
      45
      64
      52
      61
      55
      47
      47
      57
      41
      65
      47
      41
      45
      50
      53
      54
      61
      37
      58
      47
      62
      52
      57
      38
      67
      47
      40
      44
      52
      61
      56
      44
      41
      49
      46
      38
      59
      61
      44
      41
      54
      57
      62
      52
      56
      57
      36
      50
      33
      48
      39
      34
      52
      48
      34
      36
      46
      36
      50
      75
      38
      46
      41
      56
      57
      51
      58
      48
      45
      55
      48
      50
      50
      46
      38
      53
      52
      38
      47
      51
      60
      52
      50
      51
      63
      51
      52
      54
      49
      44
      41
      36
      42
      47
      52
      44
      54
      39
      51
      53
      40
      32
      58
      57
      43
      51
      40
      54
      51
      46
      29
      27
      44
      51
      46
      40
      49
      53
      41
      32
      40
      49
      41
      54
      37
      49
      52
      43
      49
      49
      36
      49
      46
      46
      46
      41
      49
      52
      39
      54
      36
      51
      50
      45
      57
      37
      56
      63
      49
      47
      43
      39
      44
      59
      35
      41
      37
      43
      45
      47
      47
      50
      52
      45
      49
      42
      52
      54
      43
      45
      58
      46
      53
      51
      49
      37
      49
      56
      52
      46
      52
      42
      46
      47
      43
      46
      42
      33
      50
      33
      56
      69
      46
      41
      58
      44
      57
      31
      45
      44
      46
      55
      58
      42
      46
      46
      30
      50
      54
      46
      45
      44
      47
      42
      50
      54
      43
      57
      52
      49
      44
      46
      43
      44
      49
      56
      52
      45
      42
      52
      46
      60
      47
      49
      54
      47
      52
      40
      49
      48
      50
      57
      40
      53
      46
      49
      53
      49
      47
      62
      48
      60
      40
      53
      52
      65
      49
      49
      77
      50
      35
      47
      47
      37
      49
      53
      22
       1
       0
       0
       0
       0
       0
       0
       0
       0
       0
       0
       0
       0
       0
       0
       0
       0
       0
       0
       0
       0
       0
       0
       0
       0
       0
       0
       0
       0
       0
       0
       0
       0
       0
       0
       0
       0
       0
       0
       0
       0
       0
       0
       0
       0
       0
       0
       0
       0
       0
       0
       0
       0
       0
       0
       0
       0
       0
       0
       0
       0
       0
       0
       0
       0
       0
$ROI:
2
95 97
514 605
$PRESETS:
Real Time
200
0
$ENER_FIT:
-289.438599 1.280702
$MCA_CAL:
3
-2.894386E+002 1.280702E+000 0.000000E+000
$SHAPE_CAL:
3
0.000000E+000 0.000000E+000 0.000000E+000
