$SPEC_ID:
MEASURE 075.
$SPEC_REM:
DET# 1
DETDESC# MCB 25
AP# Maestro Version 6.05
$DATE_MEA:
03/15/2003 13:09:31
$MEAS_TIM:
192 200
$DATA:
0 1023
       0
       0
       0
       0
       0
       0
       0
       0
       0
       0
       0
       0
       0
       0
       0
       0
       0
     115
     246
     240
     273
     230
     238
     275
     258
     262
     252
     281
     260
     264
     304
     276
     292
     289
     287
     302
     282
     293
     266
     269
     298
     285
     276
     266
     273
     292
     285
     268
     294
     273
     265
     276
     280
     311
     297
     305
     286
     272
     288
     334
     307
     278
     304
     302
     301
     288
     316
     297
     333
     329
     313
     325
     308
     326
     348
     348
     388
     352
     381
     385
     369
     357
     397
     400
     394
     418
     412
     379
     401
     436
     460
     469
     456
     441
     480
     478
     458
     480
     473
     499
     482
     497
     542
     543
     502
     524
     555
     549
     537
     576
     538
     556
     546
     536
     536
     560
     579
     611
     588
     625
     574
     631
     591
     578
     659
     642
     627
     615
     647
     627
     631
     619
     655
     643
     634
     670
     615
     677
     675
     621
     655
     638
     695
     645
     707
     698
     691
     680
     678
     640
     719
     660
     711
     682
     680
     677
     680
     695
     705
     702
     675
     661
     657
     684
     710
     643
     692
     640
     651
     732
     677
     646
     664
     672
     695
     666
     679
     690
     640
     659
     694
     687
     737
     729
     685
     692
     708
     659
     714
     682
     699
     715
     726
     720
     726
     754
     741
     782
     747
     726
     710
     767
     784
     773
     816
     814
     772
     799
     769
     779
     770
     791
     865
     801
     726
     778
     773
     758
     772
     755
     759
     781
     747
     729
     697
     651
     711
     699
     710
     721
     686
     666
     649
     682
     684
     721
     644
     663
     648
     650
     678
     638
     614
     629
     615
     578
     613
     625
     595
     613
     601
     583
     633
     620
     616
     599
     615
     626
     605
     615
     607
     571
     577
     627
     558
     539
     565
     546
     575
     541
     576
     547
     566
     543
     536
     503
     548
     511
     505
     507
     522
     496
     494
     490
     532
     523
     512
     500
     525
     500
     490
     488
     499
     469
     497
     473
     491
     468
     473
     457
     430
     465
     436
     428
     502
     460
     474
     437
     388
     409
     471
     378
     421
     430
     425
     426
     451
     433
     396
     433
     398
     398
     426
     455
     407
     405
     398
     384
     439
     396
     391
     419
     413
     400
     395
     421
     378
     382
     382
     389
     397
     405
     404
     392
     404
     381
     371
     384
     402
     415
     358
     364
     388
     373
     350
     363
     363
     341
     381
     377
     333
     342
     320
     354
     335
     343
     324
     296
     358
     316
     335
     359
     295
     307
     281
     296
     312
     258
     292
     307
     285
     267
     277
     271
     270
     273
     259
     238
     232
     211
     211
     273
     216
     221
     226
     224
     211
     208
     216
     209
     216
     235
     192
     193
     216
     222
     198
     218
     190
     199
     212
     198
     183
     209
     177
     194
     162
     195
     183
     178
     165
     143
     181
     187
     171
     190
     174
     180
     165
     165
     158
     150
     168
     149
     155
     138
     160
     156
     173
     137
     153
     140
     159
     178
     143
     161
     133
     154
     167
     139
     159
     156
     133
     160
     163
     131
     148
     167
     134
     138
     154
     156
     150
     137
     173
     146
     122
     117
     135
     137
     140
     129
     140
     150
     135
     136
     130
     148
     162
     135
     127
     129
     119
     148
     155
     130
     123
     134
     142
     142
     144
     158
     133
     140
     133
     142
     119
     135
     136
     129
     142
     145
     132
     166
     142
     140
     145
     141
     158
     162
     177
     155
     160
     158
     159
     169
     173
     202
     186
     199
     204
     230
     204
     210
     227
     249
     263
     246
     264
     294
     291
     348
     335
     326
     370
     369
     443
     401
     423
     492
     522
     524
     579
     591
     646
     634
     665
     725
     772
     774
     830
     918
     963
     909
     985
     954
    1149
    1083
    1107
    1188
    1216
    1234
    1232
    1287
    1263
    1320
    1347
    1284
    1429
    1368
    1427
    1396
    1417
    1530
    1434
    1484
    1444
    1366
    1355
    1362
    1310
    1336
    1345
    1291
    1342
    1178
    1185
    1168
    1053
    1074
    1103
    1021
     897
     913
     874
     839
     742
     755
     709
     678
     603
     563
     536
     509
     483
     440
     383
     377
     380
     297
     290
     285
     258
     261
     230
     178
     213
     167
     166
     161
     140
     146
     105
     110
      99
     108
      90
      90
      75
      86
      76
      64
      69
      58
      56
      50
      68
      48
      50
      55
      56
      60
      53
      50
      52
      51
      57
      63
      61
      58
      61
      49
      53
      56
      64
      41
      57
      58
      44
      53
      61
      54
      50
      51
      67
      52
      54
      49
      48
      51
      55
      47
      43
      43
      43
      56
      57
      55
      56
      68
      54
      48
      55
      48
      58
      56
      49
      55
      49
      62
      46
      59
      37
      54
      49
      48
      44
      55
      41
      48
      62
      50
      57
      51
      56
      56
      47
      55
      54
      42
      50
      47
      45
      48
      60
      33
      53
      49
      51
      40
      48
      51
      52
      51
      40
      49
      46
      52
      50
      47
      41
      66
      54
      53
      47
      45
      48
      43
      40
      38
      50
      54
      60
      45
      51
      60
      45
      48
      37
      46
      43
      45
      52
      43
      42
      58
      50
      35
      45
      49
      49
      57
      62
      51
      55
      53
      45
      50
      54
      50
      54
      54
      57
      58
      52
      54
      41
      59
      66
      41
      43
      39
      43
      43
      47
      73
      44
      50
      45
      55
      42
      51
      49
      55
      52
      47
      60
      48
      44
      45
      47
      48
      47
      37
      51
      42
      42
      48
      41
      50
      47
      53
      42
      52
      40
      45
      47
      40
      49
      49
      47
      46
      46
      44
      49
      68
      54
      54
      35
      45
      42
      45
      55
      49
      33
      41
      45
      58
      48
      41
      55
      43
      47
      46
      41
      38
      27
      57
      59
      54
      49
      62
      46
      49
      47
      52
      47
      57
      45
      44
      55
      53
      52
      51
      47
      48
      37
      59
      52
      46
      46
      55
      40
      38
      53
      61
      44
      40
      40
      46
      52
      52
      51
      51
      39
      53
      55
      52
      64
      47
      52
      39
      44
      58
      51
      63
      58
      43
      47
      48
      43
      40
      47
      38
      43
      65
      56
      53
      51
      61
      63
      53
      54
      55
      55
      48
      67
      59
      52
      54
      50
      51
      39
      49
      76
      33
      58
      55
      42
      54
      56
      51
      38
      54
      49
      39
      44
      43
      51
      52
      63
      38
      60
      44
      56
      52
      45
      53
      52
      59
      39
      53
      53
      51
      49
      48
      55
      15
       0
       0
       0
       0
       0
       0
       0
       0
       0
       0
       0
       0
       0
       0
       0
       0
       0
       0
       0
       0
       0
       0
       0
       0
       0
       0
       0
       0
       0
       0
       0
       0
       0
       0
       0
       0
       0
       0
       0
       0
       0
       0
       0
       0
       0
       0
       0
       0
       0
       0
       0
       0
       0
       0
       0
       0
       0
       0
       0
       0
       0
       0
       0
       0
       0
       0
$ROI:
2
95 97
514 605
$PRESETS:
Real Time
200
0
$ENER_FIT:
-289.438599 1.280702
$MCA_CAL:
3
-2.894386E+002 1.280702E+000 0.000000E+000
$SHAPE_CAL:
3
0.000000E+000 0.000000E+000 0.000000E+000
