$SPEC_ID:
MEASURE 084.
$SPEC_REM:
DET# 1
DETDESC# MCB 25
AP# Maestro Version 6.05
$DATE_MEA:
03/15/2003 13:54:31
$MEAS_TIM:
192 200
$DATA:
0 1023
       0
       0
       0
       0
       0
       0
       0
       0
       0
       0
       0
       0
       0
       0
       0
       0
       0
     126
     255
     248
     250
     237
     255
     252
     277
     265
     264
     265
     276
     253
     268
     231
     261
     263
     262
     289
     293
     297
     283
     289
     287
     282
     279
     289
     274
     323
     273
     284
     283
     305
     308
     302
     319
     325
     325
     288
     253
     279
     293
     315
     326
     311
     306
     300
     345
     307
     314
     346
     332
     304
     312
     335
     355
     345
     345
     356
     360
     349
     353
     390
     366
     411
     371
     394
     380
     357
     402
     388
     389
     471
     423
     434
     423
     448
     441
     455
     469
     470
     459
     468
     509
     529
     491
     519
     531
     527
     529
     550
     596
     562
     546
     572
     499
     522
     540
     606
     602
     605
     582
     549
     594
     604
     590
     586
     619
     636
     609
     604
     623
     619
     588
     634
     640
     641
     643
     669
     692
     636
     675
     710
     653
     649
     684
     645
     671
     713
     671
     667
     707
     652
     657
     672
     682
     699
     654
     694
     659
     678
     653
     685
     692
     677
     682
     681
     676
     741
     637
     697
     686
     687
     719
     680
     693
     664
     698
     651
     702
     689
     695
     670
     672
     660
     726
     654
     674
     680
     684
     652
     683
     712
     673
     687
     741
     689
     762
     709
     781
     808
     759
     790
     788
     691
     763
     750
     766
     779
     805
     820
     867
     757
     795
     768
     767
     788
     813
     771
     761
     725
     803
     806
     755
     788
     787
     713
     679
     752
     757
     747
     705
     692
     657
     700
     679
     684
     652
     718
     650
     621
     684
     659
     664
     647
     669
     624
     632
     625
     621
     624
     589
     616
     582
     601
     583
     581
     595
     573
     589
     620
     551
     558
     563
     588
     589
     518
     598
     572
     570
     549
     599
     579
     602
     548
     530
     560
     523
     527
     537
     545
     507
     524
     495
     529
     557
     498
     506
     495
     472
     501
     525
     495
     449
     460
     491
     467
     474
     518
     453
     445
     419
     478
     484
     454
     444
     464
     450
     431
     446
     409
     446
     414
     411
     443
     429
     430
     448
     404
     404
     457
     446
     388
     385
     432
     439
     396
     385
     405
     413
     433
     394
     394
     375
     425
     385
     426
     395
     403
     422
     396
     406
     387
     415
     397
     401
     379
     407
     397
     395
     404
     385
     393
     359
     352
     364
     333
     394
     334
     352
     359
     381
     358
     311
     344
     332
     346
     354
     313
     386
     335
     342
     304
     315
     332
     307
     299
     316
     293
     288
     319
     257
     293
     289
     283
     276
     262
     249
     250
     251
     252
     247
     233
     234
     249
     245
     233
     246
     221
     233
     202
     217
     238
     205
     227
     207
     209
     205
     206
     195
     190
     210
     200
     210
     207
     175
     225
     159
     151
     181
     170
     182
     174
     183
     184
     177
     167
     171
     171
     163
     158
     158
     187
     167
     156
     156
     167
     145
     172
     162
     175
     148
     155
     134
     148
     177
     135
     146
     172
     150
     135
     154
     148
     139
     143
     163
     132
     160
     154
     147
     127
     151
     152
     131
     144
     127
     128
     129
     132
     177
     135
     131
     127
     141
     121
     140
     148
     157
     139
     143
     128
     139
     133
     131
     143
     121
     129
     129
     141
     142
     123
     138
     131
     129
     127
     136
     135
     152
     123
     139
     131
     135
     144
     118
     160
     136
     135
     159
     132
     172
     133
     133
     164
     154
     154
     148
     169
     156
     141
     177
     170
     197
     160
     203
     198
     203
     198
     214
     230
     254
     257
     269
     282
     297
     270
     340
     313
     352
     359
     375
     400
     427
     462
     451
     512
     534
     504
     577
     648
     651
     712
     707
     790
     852
     862
     839
     899
     953
    1018
    1021
    1012
    1087
    1112
    1196
    1187
    1210
    1268
    1313
    1283
    1302
    1422
    1329
    1393
    1360
    1390
    1435
    1438
    1372
    1463
    1432
    1461
    1351
    1344
    1395
    1382
    1369
    1359
    1280
    1236
    1259
    1220
    1196
    1157
    1089
     951
     985
     921
     912
     848
     817
     803
     722
     661
     690
     594
     592
     540
     496
     459
     482
     415
     397
     371
     313
     301
     272
     241
     229
     237
     197
     172
     162
     156
     137
     133
     134
     114
      98
     103
      93
      94
      92
      87
      81
      71
      59
      74
      70
      66
      60
      55
      58
      57
      45
      54
      60
      59
      65
      46
      42
      52
      52
      42
      66
      65
      46
      51
      59
      67
      58
      58
      65
      41
      62
      58
      56
      49
      64
      43
      62
      57
      50
      50
      43
      48
      55
      51
      53
      51
      70
      61
      43
      41
      52
      50
      59
      54
      45
      58
      52
      47
      46
      46
      53
      45
      43
      44
      61
      50
      51
      48
      60
      47
      44
      56
      61
      55
      49
      50
      55
      48
      56
      45
      47
      40
      47
      56
      54
      41
      45
      44
      48
      53
      50
      48
      44
      49
      56
      50
      44
      49
      52
      54
      54
      48
      55
      45
      45
      54
      50
      37
      48
      43
      61
      56
      61
      52
      37
      42
      46
      53
      53
      54
      42
      61
      46
      53
      36
      53
      39
      52
      55
      44
      39
      37
      54
      58
      38
      46
      50
      57
      51
      43
      46
      62
      57
      54
      61
      34
      37
      49
      42
      62
      53
      40
      47
      56
      51
      54
      40
      56
      53
      48
      46
      50
      47
      48
      50
      46
      40
      43
      64
      52
      42
      42
      43
      61
      42
      42
      54
      47
      58
      48
      53
      59
      48
      35
      59
      61
      45
      40
      50
      52
      58
      49
      40
      37
      46
      49
      45
      52
      44
      42
      53
      48
      44
      59
      39
      51
      53
      47
      51
      42
      48
      51
      42
      42
      57
      51
      56
      46
      54
      52
      52
      50
      52
      54
      61
      45
      50
      70
      54
      42
      55
      58
      67
      48
      56
      51
      45
      55
      44
      47
      23
      52
      37
      55
      42
      47
      49
      39
      45
      45
      62
      57
      57
      35
      39
      48
      42
      46
      46
      48
      54
      49
      41
      55
      53
      43
      48
      44
      59
      46
      61
      58
      55
      43
      55
      48
      49
      49
      47
      47
      36
      47
      60
      46
      49
      49
      46
      46
      53
      41
      54
      47
      60
      58
      45
      42
      54
      54
      65
      49
      55
      53
      36
      53
      44
      53
      54
      42
      48
      43
      48
      65
      52
      59
      59
      53
      40
      61
      50
      35
      60
      50
      52
      35
      61
      45
      54
      20
       0
       0
       0
       0
       0
       0
       0
       0
       0
       0
       0
       0
       0
       0
       0
       0
       0
       0
       0
       0
       0
       0
       0
       0
       0
       0
       0
       0
       0
       0
       0
       0
       0
       0
       0
       0
       0
       0
       0
       0
       0
       0
       0
       0
       0
       0
       0
       0
       0
       0
       0
       0
       0
       0
       0
       0
       0
       0
       0
       0
       0
       0
       0
       0
       0
       0
$ROI:
2
95 97
514 605
$PRESETS:
Real Time
200
0
$ENER_FIT:
-289.438599 1.280702
$MCA_CAL:
3
-2.894386E+002 1.280702E+000 0.000000E+000
$SHAPE_CAL:
3
0.000000E+000 0.000000E+000 0.000000E+000
