$SPEC_ID:
MEASURE 648.
$SPEC_REM:
DET# 1
DETDESC# MCB 25
AP# Maestro Version 6.05
$DATE_MEA:
03/17/2003 12:54:31
$MEAS_TIM:
192 200
$DATA:
0 1023
       0
       0
       0
       0
       0
       0
       0
       0
       0
       0
       0
       0
       0
       0
       0
       0
       0
     107
     244
     192
     229
     210
     250
     265
     235
     256
     270
     272
     285
     252
     226
     247
     270
     255
     255
     267
     280
     302
     301
     263
     269
     245
     267
     285
     267
     260
     283
     247
     282
     283
     303
     306
     286
     286
     268
     265
     279
     324
     309
     272
     287
     267
     301
     292
     293
     307
     347
     295
     302
     313
     281
     336
     341
     307
     340
     313
     325
     288
     342
     335
     362
     401
     382
     381
     375
     395
     399
     400
     348
     383
     402
     410
     451
     433
     463
     435
     444
     453
     477
     464
     492
     466
     456
     474
     508
     483
     477
     489
     513
     515
     484
     555
     521
     535
     543
     549
     527
     513
     574
     598
     562
     573
     591
     561
     585
     565
     547
     612
     579
     602
     579
     585
     610
     599
     621
     607
     636
     591
     592
     622
     591
     597
     632
     623
     575
     624
     613
     640
     675
     663
     662
     692
     626
     623
     647
     651
     703
     628
     606
     681
     613
     622
     701
     661
     643
     651
     659
     618
     663
     609
     691
     607
     638
     633
     663
     576
     658
     646
     629
     618
     661
     626
     679
     650
     604
     654
     660
     686
     684
     693
     616
     688
     700
     666
     674
     688
     668
     679
     695
     700
     682
     712
     685
     735
     673
     778
     733
     789
     719
     763
     732
     783
     760
     783
     761
     763
     764
     757
     805
     758
     752
     752
     702
     776
     783
     754
     747
     766
     747
     757
     780
     710
     685
     687
     682
     693
     722
     693
     650
     690
     636
     612
     669
     639
     650
     674
     651
     633
     660
     568
     594
     627
     655
     587
     585
     583
     619
     594
     582
     564
     595
     587
     624
     546
     536
     589
     571
     539
     585
     560
     499
     583
     577
     507
     548
     552
     508
     521
     576
     537
     540
     491
     572
     533
     471
     541
     536
     504
     543
     526
     487
     472
     502
     515
     443
     492
     459
     462
     444
     452
     475
     471
     477
     461
     409
     456
     476
     444
     446
     448
     414
     415
     458
     434
     411
     441
     452
     459
     420
     443
     392
     408
     407
     436
     411
     431
     377
     403
     419
     377
     444
     407
     399
     407
     383
     422
     392
     388
     390
     408
     428
     411
     412
     396
     357
     361
     382
     379
     350
     409
     377
     392
     367
     370
     382
     437
     339
     390
     355
     384
     347
     386
     389
     350
     365
     361
     373
     334
     385
     343
     344
     351
     328
     352
     351
     302
     346
     327
     333
     313
     352
     305
     309
     327
     319
     304
     322
     334
     311
     282
     286
     286
     285
     289
     283
     271
     279
     262
     230
     231
     226
     240
     262
     219
     268
     206
     231
     222
     231
     211
     210
     201
     212
     215
     195
     193
     195
     194
     185
     173
     198
     187
     184
     187
     182
     164
     184
     164
     184
     185
     187
     193
     157
     155
     181
     167
     181
     163
     173
     158
     169
     148
     182
     184
     172
     179
     134
     167
     149
     169
     155
     154
     146
     149
     162
     151
     138
     138
     137
     154
     139
     135
     141
     143
     159
     151
     156
     135
     172
     148
     132
     152
     122
     141
     124
     141
     113
     139
     127
     121
     130
     139
     134
     132
     116
     149
     137
     135
     129
     145
     125
     144
     141
     145
     146
     137
     136
     130
     127
     150
     156
     143
     117
     142
     119
     127
     134
     108
     117
     129
     145
     119
     113
     144
     145
     133
     143
     135
     140
     127
     133
     144
     130
     151
     160
     134
     154
     132
     153
     157
     129
     161
     182
     164
     153
     177
     167
     162
     168
     191
     178
     232
     200
     219
     236
     194
     256
     236
     265
     267
     295
     308
     311
     356
     318
     382
     416
     444
     400
     446
     515
     474
     609
     562
     612
     572
     648
     668
     735
     789
     762
     853
     831
     868
     968
     883
     938
    1034
    1098
    1059
    1118
    1148
    1151
    1204
    1194
    1196
    1213
    1283
    1303
    1286
    1326
    1380
    1443
    1394
    1435
    1418
    1293
    1381
    1327
    1432
    1417
    1333
    1328
    1331
    1249
    1231
    1239
    1151
    1129
    1123
    1071
    1041
    1005
     935
     960
     860
     902
     846
     789
     757
     699
     721
     614
     590
     521
     531
     474
     420
     370
     376
     334
     294
     304
     310
     280
     260
     242
     216
     182
     179
     163
     143
     144
     129
     127
     125
     108
      98
     107
      83
      87
      86
      80
      84
      65
      72
      60
      60
      56
      64
      67
      70
      64
      49
      42
      44
      52
      50
      53
      41
      58
      50
      56
      46
      44
      59
      71
      56
      57
      51
      49
      51
      69
      63
      50
      43
      50
      55
      69
      52
      44
      62
      54
      54
      44
      47
      46
      55
      49
      46
      41
      51
      46
      48
      54
      41
      46
      47
      69
      46
      44
      47
      54
      49
      47
      60
      52
      39
      45
      51
      41
      46
      45
      44
      50
      47
      44
      50
      46
      62
      45
      39
      50
      54
      53
      54
      52
      52
      56
      47
      46
      52
      51
      40
      46
      57
      47
      38
      39
      41
      43
      44
      47
      45
      36
      53
      42
      43
      50
      57
      45
      46
      42
      40
      48
      43
      41
      42
      40
      50
      58
      39
      52
      38
      48
      41
      46
      60
      45
      46
      54
      43
      35
      41
      51
      43
      52
      48
      58
      47
      49
      37
      49
      50
      44
      48
      55
      45
      48
      42
      43
      51
      49
      39
      30
      52
      40
      47
      44
      49
      53
      53
      36
      38
      41
      39
      54
      56
      41
      52
      47
      47
      32
      48
      38
      55
      47
      48
      55
      43
      37
      46
      52
      39
      57
      46
      44
      40
      47
      53
      57
      40
      47
      42
      43
      52
      50
      43
      42
      50
      49
      49
      43
      34
      31
      59
      36
      42
      46
      44
      52
      33
      41
      41
      46
      56
      44
      54
      52
      50
      45
      43
      42
      47
      41
      41
      44
      49
      55
      50
      51
      51
      44
      49
      41
      43
      53
      53
      56
      46
      42
      45
      48
      50
      47
      56
      56
      47
      52
      54
      54
      49
      53
      44
      50
      49
      51
      37
      51
      53
      47
      55
      58
      48
      35
      39
      46
      47
      43
      45
      43
      47
      51
      48
      41
      50
      50
      45
      45
      42
      52
      51
      48
      43
      39
      45
      45
      37
      38
      42
      54
      51
      41
      46
      34
      44
      47
      43
      51
      26
      51
      48
      42
      44
      40
      33
      54
      41
       1
       0
       0
       0
       0
       0
       0
       0
       0
       0
       0
       0
       0
       0
       0
       0
       0
       0
       0
       0
       0
       0
       0
       0
       0
       0
       0
       0
       0
       0
       0
       0
       0
       0
       0
       0
       0
       0
       0
       0
       0
       0
       0
       0
       0
       0
       0
       0
       0
       0
       0
       0
       0
       0
       0
       0
       0
       0
       0
       0
       0
       0
       0
       0
       0
       0
$ROI:
2
95 97
514 605
$PRESETS:
Real Time
200
0
$ENER_FIT:
-289.438599 1.280702
$MCA_CAL:
3
-2.894386E+002 1.280702E+000 0.000000E+000
$SHAPE_CAL:
3
0.000000E+000 0.000000E+000 0.000000E+000
