$SPEC_ID:
MEASURE 256.
$SPEC_REM:
DET# 1
DETDESC# MCB 25
AP# Maestro Version 6.05
$DATE_MEA:
03/16/2003 04:14:31
$MEAS_TIM:
192 200
$DATA:
0 1023
       0
       0
       0
       0
       0
       0
       0
       0
       0
       0
       0
       0
       0
       0
       0
       0
       0
     138
     241
     255
     227
     237
     246
     263
     260
     266
     250
     276
     265
     267
     285
     230
     294
     311
     281
     268
     262
     274
     277
     271
     253
     286
     307
     285
     285
     281
     281
     290
     266
     295
     287
     304
     317
     298
     298
     293
     303
     311
     264
     285
     281
     316
     304
     300
     266
     312
     287
     304
     311
     299
     301
     307
     319
     351
     325
     363
     348
     337
     369
     363
     359
     381
     369
     364
     381
     403
     327
     382
     412
     430
     383
     383
     451
     427
     464
     427
     425
     497
     463
     480
     505
     455
     524
     510
     522
     483
     503
     489
     524
     509
     517
     553
     581
     499
     592
     518
     556
     563
     580
     570
     561
     591
     605
     582
     619
     591
     589
     619
     593
     576
     590
     589
     655
     625
     592
     628
     655
     614
     631
     614
     683
     668
     636
     684
     614
     664
     660
     687
     663
     680
     616
     690
     650
     662
     706
     674
     685
     671
     691
     664
     683
     653
     624
     653
     712
     703
     676
     690
     669
     642
     671
     650
     704
     684
     676
     655
     675
     640
     673
     679
     713
     667
     666
     691
     657
     659
     656
     668
     647
     691
     677
     648
     703
     707
     708
     734
     656
     731
     742
     736
     758
     744
     754
     727
     758
     751
     786
     772
     799
     792
     753
     783
     791
     757
     762
     787
     767
     807
     771
     771
     747
     778
     693
     766
     786
     740
     727
     706
     652
     690
     696
     696
     715
     675
     666
     651
     676
     676
     681
     617
     617
     686
     622
     604
     626
     591
     639
     581
     601
     628
     615
     616
     588
     605
     603
     633
     582
     571
     579
     630
     565
     601
     595
     571
     565
     570
     543
     602
     553
     575
     552
     555
     523
     527
     538
     544
     560
     531
     511
     445
     532
     527
     541
     503
     527
     526
     514
     555
     525
     500
     471
     515
     461
     446
     483
     491
     475
     442
     464
     440
     469
     444
     469
     472
     432
     446
     446
     419
     448
     444
     501
     425
     398
     430
     440
     439
     413
     417
     448
     484
     381
     435
     456
     403
     402
     406
     389
     422
     438
     398
     414
     406
     421
     384
     367
     422
     384
     404
     426
     410
     416
     378
     388
     358
     395
     401
     390
     385
     398
     392
     391
     360
     334
     381
     365
     383
     339
     364
     328
     342
     374
     380
     360
     393
     400
     345
     317
     350
     318
     294
     349
     348
     270
     317
     313
     331
     322
     330
     299
     288
     294
     291
     280
     322
     246
     286
     260
     280
     303
     248
     280
     254
     272
     267
     266
     233
     232
     220
     239
     224
     209
     202
     215
     198
     230
     191
     213
     221
     200
     233
     223
     168
     187
     178
     201
     196
     187
     223
     187
     183
     186
     178
     185
     174
     169
     168
     188
     189
     167
     163
     188
     152
     153
     171
     141
     137
     146
     163
     174
     154
     174
     141
     172
     179
     166
     168
     166
     160
     172
     124
     145
     147
     138
     137
     160
     166
     153
     137
     163
     126
     148
     127
     142
     138
     135
     135
     126
     138
     125
     139
     142
     154
     128
     153
     132
     167
     162
     131
     150
     128
     124
     147
     130
     148
     134
     137
     142
     125
     146
     137
     112
     113
     117
     130
     133
     126
     134
     128
     143
     139
     149
     121
     123
     135
     146
     131
     125
     120
     128
     145
     155
     152
     126
     119
     143
     165
     149
     152
     138
     133
     165
     150
     167
     175
     174
     148
     176
     182
     182
     181
     207
     198
     212
     196
     216
     279
     255
     259
     293
     259
     293
     316
     316
     347
     372
     341
     362
     402
     440
     472
     468
     501
     515
     563
     595
     651
     656
     689
     690
     735
     778
     778
     850
     893
     935
     915
     957
    1078
    1012
    1104
    1160
    1200
    1196
    1242
    1294
    1258
    1268
    1308
    1322
    1409
    1428
    1385
    1413
    1397
    1284
    1367
    1340
    1454
    1363
    1391
    1414
    1377
    1365
    1313
    1223
    1232
    1188
    1138
    1139
    1086
    1092
    1038
    1035
     992
     919
     894
     884
     829
     785
     742
     704
     658
     591
     585
     496
     492
     437
     421
     391
     386
     343
     302
     309
     280
     240
     247
     201
     200
     169
     157
     149
     146
     155
     132
     116
      89
      71
      90
      87
      79
      83
      54
      57
      48
      82
      72
      86
      67
      60
      62
      61
      60
      54
      50
      60
      52
      55
      58
      49
      50
      58
      52
      59
      64
      48
      49
      46
      54
      48
      51
      46
      41
      47
      48
      58
      46
      58
      46
      39
      56
      45
      66
      48
      60
      54
      43
      41
      40
      54
      51
      38
      45
      55
      49
      45
      57
      45
      54
      47
      49
      49
      44
      52
      45
      37
      37
      58
      43
      58
      50
      46
      43
      44
      51
      58
      45
      42
      57
      41
      42
      55
      45
      54
      50
      50
      49
      38
      50
      47
      59
      38
      53
      46
      36
      42
      33
      34
      58
      47
      45
      37
      50
      51
      50
      49
      63
      37
      44
      48
      54
      45
      45
      46
      38
      50
      44
      55
      69
      49
      41
      39
      40
      45
      42
      46
      65
      43
      49
      40
      48
      57
      44
      58
      59
      49
      37
      57
      47
      54
      44
      39
      42
      48
      47
      49
      60
      50
      43
      42
      47
      51
      46
      48
      58
      39
      43
      50
      55
      48
      46
      51
      47
      48
      48
      47
      54
      56
      49
      40
      48
      47
      48
      59
      42
      47
      36
      48
      56
      54
      54
      41
      54
      52
      52
      61
      48
      52
      36
      41
      52
      60
      34
      53
      49
      63
      49
      46
      30
      45
      45
      59
      43
      53
      44
      44
      35
      45
      50
      45
      45
      64
      33
      49
      44
      47
      44
      45
      54
      54
      42
      50
      49
      45
      37
      39
      56
      52
      41
      50
      38
      48
      55
      34
      43
      55
      49
      53
      53
      41
      45
      48
      56
      50
      63
      40
      56
      48
      40
      42
      47
      44
      49
      50
      55
      37
      47
      53
      46
      49
      57
      57
      42
      53
      43
      59
      57
      48
      57
      43
      50
      53
      48
      40
      42
      37
      57
      43
      47
      62
      54
      46
      35
      47
      50
      33
      48
      43
      58
      47
      47
      47
      58
      57
      50
      44
      45
      41
      46
      54
      52
      45
      47
      57
      59
      55
      52
      55
      39
      53
      49
      53
      47
      56
      51
      44
      42
      50
      22
       0
       0
       0
       0
       0
       0
       0
       0
       0
       0
       0
       0
       0
       0
       0
       0
       0
       0
       0
       0
       0
       0
       0
       0
       0
       0
       0
       0
       0
       0
       0
       0
       0
       0
       0
       0
       0
       0
       0
       0
       0
       0
       0
       0
       0
       0
       0
       0
       0
       0
       0
       0
       0
       0
       0
       0
       0
       0
       0
       0
       0
       0
       0
       0
       0
       0
$ROI:
2
95 97
514 605
$PRESETS:
Real Time
200
0
$ENER_FIT:
-289.438599 1.280702
$MCA_CAL:
3
-2.894386E+002 1.280702E+000 0.000000E+000
$SHAPE_CAL:
3
0.000000E+000 0.000000E+000 0.000000E+000
