$SPEC_ID:
MEASURE 572.
$SPEC_REM:
DET# 1
DETDESC# MCB 25
AP# Maestro Version 6.05
$DATE_MEA:
03/17/2003 06:34:31
$MEAS_TIM:
192 200
$DATA:
0 1023
       0
       0
       0
       0
       0
       0
       0
       0
       0
       0
       0
       0
       0
       0
       0
       0
       0
     104
     243
     278
     240
     275
     282
     227
     282
     243
     273
     259
     254
     266
     264
     245
     250
     237
     283
     242
     300
     250
     257
     255
     269
     272
     240
     297
     281
     288
     268
     276
     288
     294
     255
     272
     258
     305
     267
     267
     273
     277
     295
     271
     282
     277
     305
     313
     287
     288
     312
     285
     279
     325
     327
     314
     322
     321
     330
     331
     321
     324
     336
     344
     336
     355
     368
     336
     371
     395
     357
     412
     419
     366
     410
     401
     405
     429
     414
     445
     453
     423
     431
     443
     444
     503
     466
     467
     506
     508
     524
     502
     520
     521
     499
     521
     524
     541
     514
     513
     509
     504
     546
     550
     537
     541
     569
     566
     570
     577
     581
     578
     629
     586
     655
     544
     556
     577
     643
     617
     609
     625
     586
     593
     680
     602
     623
     629
     657
     646
     629
     636
     631
     619
     649
     684
     614
     657
     675
     622
     658
     637
     642
     643
     617
     636
     655
     663
     639
     665
     654
     675
     640
     657
     663
     665
     652
     659
     649
     664
     667
     652
     638
     667
     667
     607
     639
     683
     660
     625
     666
     644
     688
     688
     674
     655
     672
     722
     639
     646
     667
     673
     667
     655
     699
     694
     711
     661
     711
     719
     713
     767
     740
     727
     738
     754
     775
     758
     756
     750
     780
     817
     784
     700
     711
     779
     769
     722
     718
     750
     735
     755
     757
     755
     781
     759
     694
     636
     666
     697
     698
     697
     662
     679
     646
     660
     645
     624
     630
     633
     625
     614
     642
     673
     657
     600
     580
     610
     597
     586
     580
     586
     649
     603
     576
     531
     573
     557
     598
     573
     603
     601
     584
     588
     594
     566
     520
     506
     579
     541
     533
     526
     578
     523
     504
     506
     544
     521
     558
     496
     527
     479
     500
     526
     523
     564
     464
     478
     488
     490
     438
     431
     492
     497
     492
     458
     448
     436
     451
     477
     460
     430
     440
     447
     437
     450
     387
     427
     425
     442
     431
     428
     460
     410
     395
     440
     469
     414
     410
     419
     411
     388
     425
     383
     388
     410
     390
     430
     411
     417
     368
     385
     389
     395
     365
     389
     431
     364
     379
     379
     360
     412
     401
     373
     377
     369
     357
     387
     384
     349
     344
     382
     374
     367
     350
     348
     357
     358
     374
     356
     372
     347
     319
     360
     336
     357
     364
     362
     347
     335
     331
     289
     291
     348
     336
     318
     321
     320
     293
     308
     282
     314
     279
     334
     315
     268
     257
     246
     278
     282
     259
     262
     261
     230
     233
     249
     267
     228
     223
     253
     236
     205
     226
     198
     208
     218
     242
     174
     212
     200
     216
     196
     228
     169
     180
     185
     215
     204
     184
     201
     190
     188
     203
     169
     148
     169
     173
     168
     155
     155
     186
     151
     162
     153
     164
     149
     157
     162
     156
     190
     157
     160
     149
     146
     166
     145
     158
     165
     147
     168
     147
     134
     160
     163
     160
     141
     147
     157
     151
     125
     138
     147
     125
     146
     130
     148
     129
     141
     143
     143
     120
     134
     132
     141
     130
     125
     127
     149
     139
     151
     145
     135
     147
     131
     138
     152
     156
     137
     131
     158
     153
     148
     117
     127
     131
     128
     144
     116
     123
     122
     106
     148
     133
     124
     128
     135
     135
     109
     140
     140
     140
     128
     117
     144
     139
     144
     141
     147
     150
     134
     159
     150
     149
     140
     152
     172
     174
     173
     150
     178
     177
     190
     179
     184
     180
     228
     215
     253
     223
     258
     255
     269
     277
     277
     332
     277
     349
     339
     396
     387
     412
     451
     509
     465
     517
     547
     618
     587
     623
     645
     668
     688
     738
     780
     789
     777
     889
     951
     943
     997
    1008
    1041
    1144
    1118
    1212
    1184
    1211
    1229
    1305
    1294
    1290
    1374
    1353
    1343
    1425
    1367
    1361
    1412
    1359
    1323
    1419
    1383
    1353
    1343
    1364
    1347
    1273
    1222
    1262
    1228
    1200
    1178
    1088
    1051
    1024
     933
     984
     953
     868
     799
     795
     806
     719
     666
     661
     625
     565
     576
     482
     460
     462
     418
     361
     346
     310
     292
     274
     269
     257
     215
     212
     193
     158
     159
     153
     164
     117
     120
      98
     105
      98
      95
      73
      81
      77
      57
      63
      80
      67
      59
      61
      57
      51
      49
      48
      50
      62
      44
      54
      50
      54
      61
      58
      51
      57
      53
      57
      46
      40
      53
      39
      42
      45
      50
      44
      56
      39
      48
      62
      53
      52
      54
      51
      59
      41
      57
      49
      69
      41
      54
      59
      59
      58
      44
      46
      50
      41
      52
      49
      53
      53
      53
      51
      41
      45
      44
      47
      45
      36
      56
      38
      41
      61
      52
      42
      54
      49
      43
      44
      47
      55
      53
      55
      46
      48
      52
      51
      50
      47
      41
      49
      51
      47
      39
      39
      42
      41
      46
      41
      35
      44
      40
      56
      60
      58
      48
      53
      41
      36
      46
      49
      43
      48
      48
      40
      51
      49
      33
      51
      48
      38
      52
      42
      56
      33
      51
      42
      48
      42
      40
      42
      59
      45
      43
      49
      49
      39
      40
      51
      49
      38
      34
      44
      47
      38
      54
      48
      38
      49
      36
      50
      44
      50
      51
      46
      38
      50
      60
      60
      49
      21
      45
      33
      45
      46
      37
      36
      43
      55
      56
      41
      30
      51
      47
      46
      56
      38
      54
      37
      44
      45
      39
      50
      49
      43
      49
      48
      32
      50
      56
      49
      42
      46
      38
      48
      48
      43
      46
      48
      53
      53
      57
      50
      52
      36
      42
      43
      38
      44
      40
      44
      55
      56
      35
      43
      44
      46
      43
      34
      52
      41
      48
      51
      44
      47
      44
      52
      43
      38
      44
      43
      44
      51
      52
      35
      53
      46
      60
      43
      36
      42
      46
      43
      52
      47
      64
      61
      53
      48
      58
      52
      42
      50
      54
      62
      53
      48
      40
      62
      43
      47
      48
      41
      42
      44
      47
      44
      38
      44
      51
      48
      47
      50
      52
      38
      48
      47
      42
      36
      35
      39
      46
      48
      42
      47
      28
      39
      50
      59
      45
      56
      37
      55
      54
      65
      51
      58
      32
      31
      46
      56
      58
      52
      46
      61
      50
      52
      42
      58
      46
      49
      37
       1
       0
       0
       0
       0
       0
       0
       0
       0
       0
       0
       0
       0
       0
       0
       0
       0
       0
       0
       0
       0
       0
       0
       0
       0
       0
       0
       0
       0
       0
       0
       0
       0
       0
       0
       0
       0
       0
       0
       0
       0
       0
       0
       0
       0
       0
       0
       0
       0
       0
       0
       0
       0
       0
       0
       0
       0
       0
       0
       0
       0
       0
       0
       0
       0
       0
$ROI:
2
95 97
514 605
$PRESETS:
Real Time
200
0
$ENER_FIT:
-289.438599 1.280702
$MCA_CAL:
3
-2.894386E+002 1.280702E+000 0.000000E+000
$SHAPE_CAL:
3
0.000000E+000 0.000000E+000 0.000000E+000
