$SPEC_ID:
MEASURE 283.
$SPEC_REM:
DET# 1
DETDESC# MCB 25
AP# Maestro Version 6.05
$DATE_MEA:
03/16/2003 06:29:31
$MEAS_TIM:
192 200
$DATA:
0 1023
       0
       0
       0
       0
       0
       0
       0
       0
       0
       0
       0
       0
       0
       0
       0
       0
       0
     127
     236
     267
     226
     257
     266
     261
     260
     252
     263
     268
     265
     272
     292
     282
     255
     254
     306
     261
     296
     260
     265
     286
     277
     277
     276
     265
     306
     306
     283
     283
     301
     254
     272
     280
     292
     272
     312
     282
     290
     301
     253
     304
     306
     301
     312
     293
     340
     336
     298
     307
     307
     317
     311
     305
     340
     317
     313
     319
     351
     337
     337
     361
     362
     344
     351
     350
     376
     392
     399
     373
     401
     421
     405
     373
     426
     476
     415
     478
     454
     457
     426
     495
     487
     463
     473
     497
     486
     501
     544
     532
     547
     546
     532
     520
     534
     583
     558
     547
     544
     556
     555
     562
     564
     600
     584
     570
     564
     560
     603
     567
     649
     576
     616
     615
     620
     604
     635
     622
     643
     626
     618
     635
     648
     599
     639
     657
     672
     688
     671
     655
     654
     684
     662
     645
     668
     678
     641
     677
     658
     658
     663
     685
     689
     689
     707
     667
     652
     629
     686
     639
     673
     701
     719
     700
     665
     646
     610
     675
     695
     627
     723
     671
     700
     726
     680
     663
     640
     645
     715
     665
     642
     686
     678
     675
     662
     690
     670
     717
     706
     709
     759
     705
     736
     727
     773
     748
     796
     771
     799
     750
     774
     754
     733
     805
     798
     742
     761
     716
     781
     782
     816
     716
     773
     764
     760
     727
     653
     710
     698
     704
     679
     728
     637
     668
     659
     690
     699
     624
     696
     712
     616
     689
     628
     641
     677
     590
     657
     649
     651
     664
     621
     609
     615
     583
     582
     592
     596
     605
     620
     573
     616
     592
     602
     617
     603
     603
     550
     600
     576
     563
     580
     572
     570
     525
     608
     585
     501
     549
     550
     560
     504
     535
     538
     507
     475
     534
     517
     528
     550
     500
     478
     517
     462
     522
     486
     485
     461
     474
     487
     478
     473
     464
     435
     452
     455
     468
     487
     466
     427
     477
     478
     438
     424
     401
     433
     431
     402
     432
     405
     468
     433
     431
     428
     415
     431
     403
     414
     403
     422
     438
     403
     374
     396
     408
     425
     409
     407
     409
     412
     386
     374
     418
     358
     363
     378
     389
     347
     434
     372
     393
     388
     385
     346
     383
     384
     384
     362
     373
     363
     387
     350
     355
     354
     397
     372
     375
     333
     309
     342
     320
     343
     324
     323
     341
     336
     310
     347
     320
     311
     307
     274
     328
     273
     295
     319
     283
     230
     288
     270
     292
     283
     269
     277
     291
     251
     273
     232
     255
     269
     227
     221
     249
     238
     252
     227
     205
     245
     222
     236
     235
     202
     216
     215
     211
     209
     212
     207
     197
     184
     193
     184
     198
     193
     215
     185
     163
     169
     168
     171
     177
     180
     199
     166
     203
     180
     161
     176
     179
     173
     173
     182
     167
     161
     159
     153
     149
     136
     155
     186
     144
     136
     146
     150
     142
     153
     154
     147
     148
     136
     146
     177
     145
     123
     151
     147
     151
     157
     156
     158
     137
     148
     135
     117
     147
     135
     127
     146
     147
     146
     131
     135
     141
     135
     121
     119
     122
     124
     133
     131
     133
     120
     135
     131
     159
     162
     134
     115
     132
     133
     138
     121
     145
     137
     125
     116
     139
     142
     123
     154
     137
     133
     134
     148
     135
     148
     144
     137
     132
     180
     166
     142
     134
     147
     153
     150
     172
     144
     150
     149
     184
     186
     188
     181
     181
     194
     180
     207
     238
     225
     252
     263
     285
     251
     308
     302
     320
     347
     359
     383
     375
     420
     460
     468
     494
     479
     535
     612
     628
     684
     676
     731
     711
     691
     790
     819
     822
     828
     924
     954
    1039
    1026
    1052
    1097
    1137
    1192
    1227
    1231
    1273
    1264
    1329
    1385
    1367
    1347
    1372
    1412
    1423
    1383
    1449
    1410
    1416
    1403
    1339
    1397
    1429
    1367
    1351
    1358
    1258
    1246
    1202
    1193
    1139
    1153
    1057
     989
    1005
     995
     935
     944
     865
     805
     756
     701
     642
     662
     609
     581
     545
     478
     454
     480
     419
     334
     367
     332
     265
     269
     235
     240
     205
     193
     181
     161
     139
     152
     123
     121
     118
      92
      96
     108
      84
      92
      72
      79
      74
      61
      62
      71
      43
      55
      63
      58
      59
      62
      51
      55
      57
      45
      53
      54
      53
      55
      56
      52
      72
      47
      49
      56
      55
      51
      52
      42
      54
      38
      50
      49
      52
      37
      48
      56
      42
      46
      44
      61
      60
      55
      62
      56
      42
      53
      47
      63
      57
      52
      45
      51
      53
      50
      54
      55
      48
      57
      50
      51
      51
      47
      39
      55
      41
      59
      32
      55
      36
      48
      51
      45
      61
      41
      39
      57
      43
      45
      55
      57
      52
      50
      39
      41
      44
      52
      53
      39
      51
      48
      50
      43
      38
      54
      47
      49
      41
      46
      42
      47
      44
      42
      47
      43
      48
      53
      51
      55
      57
      39
      43
      45
      45
      43
      43
      46
      48
      56
      48
      37
      42
      41
      42
      41
      45
      49
      58
      38
      51
      54
      46
      36
      49
      39
      46
      47
      42
      52
      36
      47
      46
      30
      45
      43
      50
      53
      46
      49
      44
      51
      52
      47
      45
      48
      46
      41
      36
      40
      33
      63
      50
      47
      37
      58
      41
      58
      40
      52
      33
      41
      39
      37
      48
      48
      49
      41
      53
      50
      40
      35
      56
      51
      48
      38
      47
      53
      64
      56
      48
      48
      44
      45
      37
      41
      48
      45
      68
      53
      56
      44
      46
      48
      47
      43
      55
      43
      49
      39
      42
      51
      51
      46
      53
      55
      44
      35
      49
      56
      57
      47
      57
      57
      40
      40
      51
      49
      55
      62
      36
      43
      43
      29
      39
      52
      49
      48
      45
      42
      42
      46
      39
      41
      45
      49
      61
      45
      40
      50
      56
      40
      41
      49
      47
      53
      45
      55
      57
      45
      49
      46
      46
      46
      47
      44
      45
      50
      52
      57
      55
      47
      50
      50
      52
      41
      59
      55
      66
      48
      67
      62
      54
      44
      31
      47
      46
      52
      46
      46
      33
      52
      54
      39
      57
      48
      53
      37
      56
      42
      56
      60
      58
      46
      51
      47
      48
      55
      46
      43
      66
      34
      48
      51
      41
      66
      24
       0
       0
       0
       0
       0
       0
       0
       0
       0
       0
       0
       0
       0
       0
       0
       0
       0
       0
       0
       0
       0
       0
       0
       0
       0
       0
       0
       0
       0
       0
       0
       0
       0
       0
       0
       0
       0
       0
       0
       0
       0
       0
       0
       0
       0
       0
       0
       0
       0
       0
       0
       0
       0
       0
       0
       0
       0
       0
       0
       0
       0
       0
       0
       0
       0
       0
$ROI:
2
95 97
514 605
$PRESETS:
Real Time
200
0
$ENER_FIT:
-289.438599 1.280702
$MCA_CAL:
3
-2.894386E+002 1.280702E+000 0.000000E+000
$SHAPE_CAL:
3
0.000000E+000 0.000000E+000 0.000000E+000
