$SPEC_ID:
MEASURE 658.
$SPEC_REM:
DET# 1
DETDESC# MCB 25
AP# Maestro Version 6.05
$DATE_MEA:
03/17/2003 13:44:31
$MEAS_TIM:
192 200
$DATA:
0 1023
       0
       0
       0
       0
       0
       0
       0
       0
       0
       0
       0
       0
       0
       0
       0
       0
       0
     111
     251
     231
     246
     252
     243
     222
     265
     266
     246
     274
     256
     249
     263
     259
     292
     288
     280
     286
     271
     278
     262
     272
     278
     249
     254
     272
     299
     278
     277
     257
     301
     290
     271
     301
     282
     281
     300
     291
     325
     265
     292
     287
     277
     305
     306
     320
     270
     283
     326
     278
     307
     297
     316
     289
     326
     333
     330
     296
     302
     359
     328
     340
     331
     362
     383
     354
     357
     347
     374
     427
     432
     394
     376
     393
     432
     457
     407
     452
     451
     476
     468
     437
     476
     435
     467
     506
     439
     492
     516
     528
     469
     540
     484
     533
     477
     519
     539
     550
     515
     503
     518
     542
     552
     541
     549
     571
     591
     623
     600
     567
     561
     594
     575
     585
     634
     557
     638
     590
     628
     616
     605
     621
     641
     658
     578
     649
     623
     602
     669
     628
     625
     646
     692
     624
     654
     589
     660
     630
     662
     663
     670
     666
     663
     648
     663
     688
     631
     627
     689
     657
     644
     658
     635
     623
     665
     648
     655
     657
     662
     687
     640
     644
     656
     660
     701
     642
     654
     667
     675
     663
     709
     675
     642
     655
     676
     600
     670
     682
     703
     667
     676
     731
     671
     711
     688
     669
     758
     743
     705
     689
     727
     751
     740
     762
     740
     793
     739
     795
     774
     797
     739
     781
     802
     767
     770
     736
     706
     696
     724
     756
     774
     764
     712
     780
     767
     638
     645
     668
     632
     697
     682
     685
     658
     670
     668
     592
     649
     606
     665
     654
     665
     639
     588
     584
     634
     618
     579
     591
     561
     660
     566
     576
     595
     576
     542
     612
     562
     564
     574
     591
     581
     552
     511
     566
     506
     562
     569
     568
     541
     529
     536
     521
     555
     573
     521
     518
     522
     481
     509
     522
     509
     526
     504
     469
     477
     485
     513
     460
     500
     487
     500
     467
     446
     482
     439
     450
     406
     446
     472
     447
     452
     450
     433
     428
     433
     435
     412
     445
     432
     411
     425
     397
     434
     437
     407
     422
     401
     442
     433
     425
     393
     398
     402
     394
     430
     398
     400
     390
     366
     377
     393
     383
     416
     386
     384
     347
     377
     348
     391
     374
     372
     398
     358
     359
     366
     340
     368
     351
     384
     378
     359
     327
     342
     374
     349
     349
     348
     362
     367
     374
     376
     324
     326
     337
     325
     383
     335
     298
     342
     329
     348
     321
     351
     289
     313
     271
     308
     270
     277
     323
     298
     298
     291
     293
     274
     249
     264
     213
     267
     284
     244
     251
     254
     228
     258
     239
     227
     212
     194
     225
     227
     208
     217
     229
     226
     200
     202
     186
     207
     174
     199
     191
     181
     177
     193
     189
     199
     200
     178
     185
     191
     202
     189
     156
     159
     161
     165
     153
     151
     170
     153
     158
     133
     179
     163
     176
     157
     156
     169
     156
     158
     151
     149
     138
     132
     157
     154
     157
     153
     149
     143
     161
     149
     159
     144
     138
     151
     136
     150
     152
     144
     149
     151
     131
     141
     146
     164
     144
     152
     143
     135
     136
     142
     124
     142
     139
     144
     123
     135
     115
     134
     135
     160
     122
     140
     151
     148
     144
     115
     127
     121
     131
     128
     131
     110
     132
      91
     128
     126
     127
     118
     122
     136
     139
     153
     138
     100
     103
     141
     141
     124
     134
     135
     141
     165
     139
     141
     130
     148
     139
     158
     155
     131
     138
     162
     145
     153
     166
     169
     172
     160
     183
     197
     210
     201
     213
     224
     212
     241
     259
     248
     253
     281
     348
     323
     350
     359
     364
     377
     414
     433
     484
     466
     489
     548
     556
     620
     594
     647
     712
     707
     743
     758
     764
     776
     857
     913
     943
     953
    1015
    1086
    1082
    1150
    1182
    1166
    1182
    1242
    1271
    1316
    1269
    1396
    1343
    1335
    1384
    1306
    1316
    1380
    1441
    1398
    1374
    1368
    1354
    1339
    1276
    1320
    1245
    1251
    1198
    1178
    1185
    1136
    1111
    1037
    1079
    1007
     998
     899
     896
     798
     788
     797
     734
     705
     622
     652
     584
     543
     530
     521
     436
     428
     410
     358
     364
     320
     273
     234
     259
     218
     220
     211
     189
     172
     167
     153
     132
     127
     126
      97
     107
     103
     106
      82
      74
      77
      79
      76
      56
      78
      57
      63
      66
      52
      51
      46
      63
      57
      52
      74
      54
      63
      67
      55
      48
      68
      41
      55
      63
      59
      53
      49
      56
      56
      65
      54
      46
      51
      64
      52
      54
      46
      35
      43
      46
      52
      66
      36
      46
      54
      52
      42
      51
      67
      49
      41
      44
      61
      59
      58
      49
      50
      55
      70
      50
      39
      58
      53
      69
      46
      50
      58
      39
      47
      44
      49
      53
      52
      44
      44
      53
      42
      50
      44
      45
      40
      46
      39
      55
      40
      57
      35
      51
      48
      44
      44
      49
      40
      44
      52
      49
      40
      56
      40
      55
      55
      46
      51
      42
      38
      37
      55
      48
      52
      50
      41
      47
      44
      49
      38
      40
      44
      49
      54
      44
      45
      45
      54
      43
      47
      38
      44
      48
      44
      43
      42
      49
      46
      51
      40
      41
      44
      41
      53
      39
      48
      52
      40
      37
      36
      34
      54
      44
      57
      46
      41
      48
      45
      40
      41
      37
      48
      56
      46
      45
      48
      52
      45
      52
      49
      44
      48
      44
      48
      51
      57
      47
      40
      44
      42
      53
      50
      62
      41
      46
      50
      48
      59
      39
      40
      48
      50
      44
      43
      43
      49
      59
      48
      40
      43
      50
      47
      31
      47
      39
      47
      51
      48
      41
      49
      44
      41
      40
      52
      43
      39
      44
      41
      53
      47
      51
      53
      53
      45
      63
      44
      55
      51
      42
      52
      35
      59
      48
      32
      43
      54
      36
      57
      42
      57
      46
      48
      51
      52
      45
      45
      41
      48
      53
      59
      39
      50
      46
      47
      52
      47
      34
      50
      48
      45
      44
      54
      57
      43
      41
      42
      55
      50
      47
      47
      43
      54
      44
      43
      35
      57
      34
      36
      47
      42
      41
      49
      46
      46
      43
      44
      63
      50
      58
      39
      51
      40
      63
      55
      59
      46
      57
      38
      41
      46
      35
      54
      42
      57
      49
      31
      50
      45
      47
      49
      29
       0
       0
       0
       0
       0
       0
       0
       0
       0
       0
       0
       0
       0
       0
       0
       0
       0
       0
       0
       0
       0
       0
       0
       0
       0
       0
       0
       0
       0
       0
       0
       0
       0
       0
       0
       0
       0
       0
       0
       0
       0
       0
       0
       0
       0
       0
       0
       0
       0
       0
       0
       0
       0
       0
       0
       0
       0
       0
       0
       0
       0
       0
       0
       0
       0
       0
$ROI:
2
95 97
514 605
$PRESETS:
Real Time
200
0
$ENER_FIT:
-289.438599 1.280702
$MCA_CAL:
3
-2.894386E+002 1.280702E+000 0.000000E+000
$SHAPE_CAL:
3
0.000000E+000 0.000000E+000 0.000000E+000
