$SPEC_ID:
MEASURE 584.
$SPEC_REM:
DET# 1
DETDESC# MCB 25
AP# Maestro Version 6.05
$DATE_MEA:
03/17/2003 07:34:31
$MEAS_TIM:
192 200
$DATA:
0 1023
       0
       0
       0
       0
       0
       0
       0
       0
       0
       0
       0
       0
       0
       0
       0
       0
       0
     108
     231
     247
     255
     228
     251
     249
     252
     202
     264
     251
     272
     236
     256
     284
     280
     261
     245
     267
     273
     259
     260
     250
     251
     308
     256
     290
     242
     299
     301
     268
     283
     292
     268
     282
     266
     268
     336
     285
     266
     277
     265
     238
     309
     278
     318
     277
     313
     270
     325
     297
     293
     307
     321
     282
     305
     313
     318
     353
     314
     334
     352
     323
     377
     383
     339
     381
     382
     353
     381
     374
     388
     400
     416
     397
     417
     418
     428
     480
     438
     428
     464
     443
     450
     452
     501
     473
     455
     474
     488
     522
     530
     499
     522
     513
     543
     555
     484
     522
     541
     557
     561
     543
     528
     544
     573
     586
     627
     578
     570
     572
     592
     595
     583
     561
     617
     645
     592
     610
     648
     664
     567
     603
     606
     653
     586
     676
     615
     677
     647
     648
     615
     635
     719
     651
     703
     676
     651
     691
     697
     649
     653
     661
     626
     696
     634
     635
     696
     607
     636
     674
     667
     693
     630
     718
     651
     666
     666
     646
     629
     695
     672
     672
     696
     624
     606
     639
     681
     643
     650
     653
     624
     618
     617
     657
     679
     683
     651
     675
     688
     672
     645
     693
     707
     720
     730
     742
     712
     760
     695
     765
     680
     710
     739
     754
     742
     711
     796
     745
     799
     733
     764
     715
     702
     796
     708
     732
     774
     738
     717
     713
     726
     728
     706
     706
     683
     677
     702
     697
     679
     687
     699
     690
     630
     651
     601
     683
     629
     670
     612
     621
     601
     618
     651
     606
     622
     590
     636
     574
     649
     575
     573
     589
     600
     556
     576
     589
     609
     577
     584
     572
     595
     566
     520
     516
     514
     570
     505
     534
     507
     551
     489
     517
     519
     515
     550
     494
     526
     512
     518
     542
     523
     480
     502
     528
     494
     478
     526
     463
     431
     442
     480
     452
     458
     466
     440
     448
     495
     492
     450
     436
     456
     464
     465
     399
     435
     418
     422
     436
     395
     412
     433
     408
     431
     407
     438
     442
     439
     408
     407
     402
     411
     417
     412
     397
     385
     413
     383
     383
     382
     373
     381
     378
     416
     393
     397
     357
     377
     396
     401
     409
     385
     393
     389
     360
     392
     403
     363
     367
     418
     391
     338
     348
     346
     368
     354
     373
     363
     349
     350
     338
     338
     361
     336
     350
     351
     358
     353
     336
     365
     304
     313
     310
     326
     313
     299
     310
     306
     280
     284
     290
     278
     298
     270
     290
     265
     277
     281
     245
     258
     254
     222
     254
     221
     233
     235
     216
     217
     208
     242
     205
     229
     202
     205
     219
     226
     202
     209
     188
     225
     209
     188
     195
     200
     182
     199
     187
     193
     187
     184
     197
     190
     166
     163
     169
     162
     152
     169
     201
     175
     162
     156
     166
     180
     149
     169
     174
     162
     164
     151
     177
     157
     164
     171
     158
     149
     156
     140
     153
     135
     136
     170
     154
     158
     138
     131
     135
     153
     126
     154
     141
     139
     138
     163
     136
     142
     138
     139
     176
     144
     136
     152
     146
     128
     138
     148
     129
     141
     133
     156
     149
     134
     128
     133
     136
     138
     129
     149
     130
     133
     126
     142
     140
     144
     118
     122
     145
     135
     131
     138
     143
     122
     128
     132
     118
     135
     133
     144
     164
     120
     145
     128
     124
     154
     150
     133
     151
     132
     150
     140
     145
     151
     146
     174
     136
     182
     161
     177
     163
     164
     158
     167
     182
     204
     216
     217
     235
     240
     223
     266
     260
     304
     264
     303
     320
     318
     348
     387
     386
     422
     406
     462
     495
     529
     552
     580
     586
     640
     668
     720
     732
     785
     746
     803
     852
     869
     983
     955
     992
    1050
    1013
    1111
    1102
    1162
    1226
    1143
    1246
    1294
    1317
    1303
    1325
    1304
    1398
    1330
    1367
    1390
    1455
    1411
    1355
    1345
    1402
    1354
    1429
    1363
    1278
    1338
    1233
    1176
    1172
    1190
    1168
    1147
    1123
    1033
     977
     962
     901
     872
     847
     823
     826
     805
     694
     642
     585
     552
     512
     462
     457
     449
     417
     355
     336
     342
     308
     285
     269
     239
     219
     235
     204
     162
     164
     162
     159
     131
     118
      98
     114
     111
      91
      89
      78
      82
      71
      89
      76
      53
      57
      69
      62
      68
      46
      58
      55
      53
      60
      53
      48
      48
      49
      49
      62
      48
      43
      61
      53
      52
      59
      55
      54
      44
      54
      50
      56
      51
      48
      63
      49
      42
      56
      42
      45
      59
      52
      47
      56
      41
      52
      52
      57
      44
      37
      40
      52
      47
      34
      44
      39
      46
      44
      43
      41
      59
      43
      56
      42
      39
      60
      40
      56
      64
      45
      52
      41
      33
      51
      34
      49
      31
      49
      56
      63
      57
      47
      52
      43
      48
      47
      45
      44
      42
      43
      41
      44
      45
      49
      53
      52
      50
      43
      61
      48
      52
      42
      41
      51
      41
      45
      47
      38
      41
      23
      52
      46
      47
      48
      51
      46
      43
      50
      41
      33
      40
      46
      51
      40
      45
      40
      55
      52
      42
      39
      47
      42
      50
      33
      48
      48
      51
      50
      47
      36
      39
      40
      57
      46
      37
      53
      51
      48
      42
      58
      41
      51
      58
      38
      54
      38
      46
      47
      43
      43
      48
      52
      50
      43
      52
      47
      28
      45
      42
      48
      45
      52
      53
      51
      51
      49
      37
      45
      45
      45
      56
      48
      52
      36
      46
      40
      59
      44
      45
      48
      44
      53
      61
      58
      54
      54
      39
      44
      46
      52
      46
      50
      36
      40
      49
      46
      47
      48
      37
      64
      46
      46
      46
      63
      47
      46
      47
      48
      47
      39
      42
      51
      48
      40
      42
      41
      45
      43
      44
      55
      45
      51
      49
      32
      44
      45
      53
      46
      51
      52
      51
      48
      52
      46
      39
      32
      52
      47
      51
      48
      47
      44
      46
      44
      59
      45
      60
      49
      44
      44
      47
      52
      37
      56
      42
      47
      43
      35
      35
      50
      38
      45
      43
      58
      43
      50
      50
      59
      40
      49
      57
      39
      46
      35
      55
      60
      46
      43
      53
      51
      41
      54
      55
      51
      44
      40
      49
      44
      52
      52
      47
      52
      42
      42
      53
      60
      33
      31
       2
       0
       0
       0
       0
       0
       0
       0
       0
       0
       0
       0
       0
       0
       0
       0
       0
       0
       0
       0
       0
       0
       0
       0
       0
       0
       0
       0
       0
       0
       0
       0
       0
       0
       0
       0
       0
       0
       0
       0
       0
       0
       0
       0
       0
       0
       0
       0
       0
       0
       0
       0
       0
       0
       0
       0
       0
       0
       0
       0
       0
       0
       0
       0
       0
       0
$ROI:
2
95 97
514 605
$PRESETS:
Real Time
200
0
$ENER_FIT:
-289.438599 1.280702
$MCA_CAL:
3
-2.894386E+002 1.280702E+000 0.000000E+000
$SHAPE_CAL:
3
0.000000E+000 0.000000E+000 0.000000E+000
