$SPEC_ID:
MEASURE 187.
$SPEC_REM:
DET# 1
DETDESC# MCB 25
AP# Maestro Version 6.05
$DATE_MEA:
03/15/2003 22:29:31
$MEAS_TIM:
192 200
$DATA:
0 1023
       0
       0
       0
       0
       0
       0
       0
       0
       0
       0
       0
       0
       0
       0
       0
       0
       0
     117
     247
     236
     247
     232
     261
     269
     242
     253
     261
     234
     259
     261
     275
     279
     270
     268
     256
     280
     274
     264
     305
     284
     273
     280
     280
     292
     252
     303
     292
     290
     269
     283
     289
     275
     296
     283
     307
     305
     268
     282
     295
     309
     294
     291
     270
     307
     300
     303
     326
     313
     310
     297
     322
     327
     342
     321
     310
     342
     366
     348
     341
     370
     369
     365
     369
     399
     359
     403
     398
     397
     417
     436
     364
     433
     439
     426
     472
     474
     476
     427
     480
     487
     488
     484
     451
     492
     520
     513
     519
     525
     533
     496
     533
     528
     530
     563
     571
     531
     617
     548
     517
     577
     595
     597
     574
     604
     562
     598
     608
     605
     612
     660
     651
     643
     615
     684
     640
     648
     645
     623
     680
     669
     667
     647
     629
     661
     666
     666
     688
     641
     679
     662
     689
     657
     650
     654
     683
     677
     642
     700
     676
     658
     649
     672
     593
     694
     659
     705
     644
     627
     703
     664
     611
     682
     706
     679
     702
     681
     659
     660
     608
     700
     681
     677
     654
     671
     632
     666
     655
     667
     655
     667
     667
     720
     685
     683
     768
     724
     737
     725
     734
     753
     737
     705
     761
     740
     735
     720
     767
     732
     749
     770
     806
     805
     835
     745
     778
     780
     779
     745
     800
     822
     792
     714
     755
     713
     750
     718
     732
     688
     708
     677
     710
     718
     677
     660
     711
     645
     684
     667
     675
     665
     626
     620
     687
     634
     596
     638
     637
     627
     610
     595
     625
     619
     606
     564
     614
     614
     567
     617
     617
     586
     606
     579
     595
     617
     612
     595
     537
     563
     570
     561
     569
     572
     523
     538
     542
     510
     548
     518
     518
     530
     490
     476
     528
     521
     477
     495
     518
     512
     525
     480
     458
     501
     469
     472
     469
     452
     494
     492
     458
     459
     491
     436
     443
     493
     455
     436
     424
     440
     439
     436
     448
     446
     445
     411
     430
     418
     426
     417
     386
     385
     430
     407
     430
     424
     413
     401
     422
     377
     416
     399
     418
     393
     397
     384
     351
     385
     383
     363
     349
     402
     386
     379
     370
     376
     405
     394
     367
     383
     383
     394
     407
     405
     402
     398
     368
     376
     354
     331
     326
     360
     371
     414
     353
     350
     337
     365
     343
     328
     319
     315
     326
     351
     297
     296
     313
     295
     297
     286
     296
     295
     296
     278
     292
     282
     267
     310
     264
     269
     269
     255
     276
     253
     252
     253
     262
     232
     231
     244
     244
     233
     227
     207
     221
     244
     247
     188
     209
     189
     206
     200
     189
     186
     217
     197
     195
     195
     192
     185
     216
     192
     170
     155
     182
     188
     177
     196
     186
     153
     166
     181
     148
     158
     162
     162
     160
     175
     171
     153
     161
     159
     176
     155
     167
     146
     162
     161
     148
     153
     141
     146
     161
     159
     155
     136
     147
     148
     152
     176
     147
     165
     136
     114
     151
     151
     162
     138
     152
     158
     137
     166
     140
     125
     114
     131
     139
     149
     116
     133
     139
     157
     129
     148
     123
     143
     133
     135
     160
     168
     129
     142
     126
     135
     139
     137
     133
     152
     122
     133
     148
     153
     135
     158
     124
     148
     129
     142
     165
     142
     152
     141
     142
     147
     131
     173
     162
     150
     147
     147
     167
     162
     162
     170
     153
     166
     173
     177
     202
     195
     220
     176
     214
     235
     237
     265
     281
     239
     255
     273
     321
     314
     325
     307
     386
     359
     419
     415
     429
     501
     503
     524
     554
     601
     621
     667
     693
     697
     741
     774
     759
     845
     905
     888
     932
     943
    1021
    1067
    1080
    1174
    1183
    1223
    1217
    1292
    1251
    1341
    1261
    1371
    1355
    1424
    1406
    1425
    1440
    1471
    1451
    1397
    1335
    1392
    1386
    1387
    1358
    1376
    1388
    1271
    1252
    1226
    1169
    1159
    1184
    1098
    1063
     981
    1028
     995
     861
     854
     823
     808
     756
     730
     637
     621
     604
     544
     504
     469
     434
     434
     376
     350
     326
     276
     264
     250
     245
     227
     201
     171
     162
     141
     148
     132
     127
     126
      93
      96
     100
     104
      80
      89
      70
      75
      71
      61
      68
      48
      67
      54
      47
      54
      73
      54
      56
      50
      59
      48
      66
      54
      54
      63
      50
      42
      54
      65
      43
      52
      55
      52
      48
      59
      56
      52
      43
      48
      54
      72
      45
      52
      42
      42
      62
      41
      58
      65
      52
      55
      58
      60
      57
      41
      45
      40
      54
      53
      51
      51
      43
      41
      42
      37
      56
      46
      62
      43
      45
      46
      56
      59
      44
      38
      45
      45
      47
      40
      48
      61
      44
      61
      41
      51
      49
      43
      40
      52
      52
      40
      42
      52
      52
      42
      50
      36
      45
      40
      59
      45
      57
      61
      47
      46
      58
      42
      45
      41
      39
      45
      52
      42
      38
      53
      50
      38
      44
      57
      59
      49
      55
      60
      39
      46
      52
      53
      33
      45
      45
      59
      34
      48
      49
      47
      50
      55
      51
      52
      57
      57
      41
      46
      49
      47
      37
      44
      45
      59
      40
      38
      53
      39
      49
      48
      46
      54
      43
      57
      45
      39
      39
      58
      47
      56
      55
      47
      45
      35
      47
      44
      46
      34
      47
      46
      56
      61
      50
      42
      43
      54
      59
      49
      37
      60
      46
      55
      43
      51
      43
      43
      48
      34
      44
      50
      48
      49
      53
      44
      57
      45
      44
      54
      58
      49
      58
      46
      31
      54
      60
      46
      50
      61
      55
      39
      63
      58
      52
      38
      44
      56
      43
      56
      59
      44
      43
      46
      56
      43
      54
      56
      44
      42
      58
      50
      54
      56
      39
      45
      58
      50
      44
      69
      51
      49
      41
      49
      46
      45
      49
      60
      56
      40
      48
      38
      50
      53
      49
      51
      48
      42
      44
      65
      54
      48
      48
      54
      44
      44
      51
      43
      54
      39
      46
      44
      48
      52
      51
      53
      57
      43
      48
      39
      57
      59
      49
      63
      49
      46
      64
      45
      45
      46
      58
      46
      44
      49
      42
      62
      50
      58
      50
      47
      50
      53
      47
      65
      48
      57
      51
      51
      70
      49
      46
      58
      51
      38
      50
      53
      46
      54
      45
      62
      55
      23
       0
       0
       0
       0
       0
       0
       0
       0
       0
       0
       0
       0
       0
       0
       0
       0
       0
       0
       0
       0
       0
       0
       0
       0
       0
       0
       0
       0
       0
       0
       0
       0
       0
       0
       0
       0
       0
       0
       0
       0
       0
       0
       0
       0
       0
       0
       0
       0
       0
       0
       0
       0
       0
       0
       0
       0
       0
       0
       0
       0
       0
       0
       0
       0
       0
       0
$ROI:
2
95 97
514 605
$PRESETS:
Real Time
200
0
$ENER_FIT:
-289.438599 1.280702
$MCA_CAL:
3
-2.894386E+002 1.280702E+000 0.000000E+000
$SHAPE_CAL:
3
0.000000E+000 0.000000E+000 0.000000E+000
