$SPEC_ID:
MEASURE 123.
$SPEC_REM:
DET# 1
DETDESC# MCB 25
AP# Maestro Version 6.05
$DATE_MEA:
03/15/2003 17:09:31
$MEAS_TIM:
192 200
$DATA:
0 1023
       0
       0
       0
       0
       0
       0
       0
       0
       0
       0
       0
       0
       0
       0
       0
       0
       0
     148
     247
     281
     252
     232
     241
     247
     256
     246
     259
     236
     262
     288
     249
     289
     256
     255
     260
     265
     268
     257
     259
     267
     269
     292
     299
     305
     274
     273
     274
     315
     301
     301
     277
     273
     301
     308
     285
     300
     296
     283
     325
     315
     291
     313
     322
     299
     323
     309
     302
     323
     305
     305
     300
     315
     351
     346
     356
     364
     353
     350
     336
     342
     377
     351
     367
     361
     417
     420
     400
     416
     435
     425
     414
     445
     426
     434
     442
     406
     455
     489
     477
     526
     475
     535
     464
     504
     541
     528
     535
     563
     487
     514
     560
     579
     579
     593
     617
     562
     534
     499
     512
     602
     576
     573
     591
     590
     631
     562
     579
     637
     631
     618
     636
     586
     630
     629
     641
     630
     669
     680
     652
     627
     614
     630
     627
     648
     647
     658
     695
     675
     627
     636
     669
     645
     666
     630
     632
     708
     660
     668
     673
     660
     677
     657
     683
     613
     665
     628
     723
     642
     675
     670
     689
     682
     713
     645
     661
     659
     669
     675
     686
     729
     696
     635
     683
     687
     656
     661
     687
     680
     701
     674
     721
     673
     727
     681
     683
     719
     711
     734
     747
     779
     768
     806
     779
     804
     753
     806
     807
     783
     776
     792
     785
     736
     773
     798
     765
     766
     778
     745
     772
     754
     716
     779
     746
     711
     749
     756
     718
     703
     638
     763
     665
     741
     651
     696
     639
     674
     646
     682
     638
     664
     609
     646
     660
     588
     623
     595
     584
     606
     639
     619
     617
     588
     581
     625
     621
     628
     613
     594
     576
     567
     586
     560
     570
     586
     583
     584
     600
     566
     535
     535
     540
     589
     546
     550
     552
     501
     523
     539
     505
     529
     500
     479
     508
     512
     515
     512
     504
     484
     501
     487
     484
     470
     458
     540
     488
     450
     487
     476
     491
     450
     486
     456
     459
     434
     457
     452
     477
     418
     454
     463
     514
     450
     402
     444
     449
     418
     437
     384
     411
     423
     417
     436
     400
     428
     381
     406
     396
     412
     398
     396
     403
     431
     409
     414
     397
     404
     381
     391
     382
     414
     403
     390
     386
     408
     391
     380
     418
     407
     373
     373
     366
     372
     343
     423
     387
     365
     335
     371
     385
     355
     334
     335
     377
     335
     367
     339
     366
     341
     320
     330
     329
     330
     333
     316
     310
     318
     311
     263
     315
     273
     262
     287
     286
     284
     262
     266
     256
     234
     253
     226
     219
     226
     236
     259
     251
     240
     255
     228
     233
     239
     227
     210
     224
     226
     224
     211
     203
     208
     219
     202
     198
     198
     197
     196
     142
     210
     179
     176
     188
     183
     199
     173
     172
     161
     180
     159
     157
     164
     179
     164
     173
     159
     154
     164
     163
     148
     176
     153
     160
     156
     173
     182
     141
     165
     167
     170
     181
     159
     161
     168
     165
     129
     139
     139
     155
     141
     133
     126
     143
     137
     145
     153
     151
     152
     155
     158
     138
     154
     130
     133
     144
     168
     137
     133
     130
     142
     150
     134
     134
     160
     145
     137
     125
     134
     166
     135
     110
     138
     149
     134
     152
     136
     138
     145
     113
     147
     134
     136
     135
     143
     139
     143
     129
     135
     138
     147
     125
     158
     150
     154
     150
     142
     151
     143
     165
     157
     173
     152
     185
     152
     162
     176
     214
     184
     200
     194
     217
     201
     204
     241
     265
     247
     287
     297
     259
     315
     355
     330
     384
     391
     404
     445
     427
     476
     501
     525
     549
     604
     657
     687
     648
     742
     737
     751
     835
     857
     865
     896
    1008
    1029
    1063
    1134
    1105
    1140
    1145
    1201
    1255
    1316
    1219
    1331
    1343
    1341
    1369
    1450
    1378
    1400
    1488
    1493
    1495
    1449
    1465
    1409
    1344
    1397
    1362
    1326
    1403
    1362
    1251
    1253
    1228
    1121
    1126
    1084
    1063
    1034
     906
     858
     857
     875
     808
     767
     742
     698
     698
     620
     571
     518
     474
     459
     431
     420
     358
     347
     314
     233
     271
     270
     201
     201
     198
     187
     145
     165
     156
     131
     133
     118
     105
     112
     111
      94
      78
      70
      67
      69
      71
      79
      59
      73
      63
      59
      58
      61
      64
      61
      47
      65
      59
      54
      45
      52
      53
      53
      59
      58
      50
      54
      50
      58
      50
      55
      44
      62
      48
      51
      66
      60
      57
      41
      49
      58
      46
      46
      47
      56
      61
      59
      44
      54
      40
      47
      48
      60
      51
      45
      74
      46
      44
      29
      65
      57
      42
      55
      56
      56
      50
      37
      51
      51
      50
      41
      63
      40
      61
      61
      52
      56
      37
      57
      41
      44
      47
      58
      48
      58
      44
      49
      58
      44
      58
      42
      41
      40
      53
      46
      48
      41
      54
      44
      46
      46
      51
      49
      50
      43
      36
      51
      48
      46
      46
      55
      56
      49
      51
      47
      43
      48
      47
      57
      46
      43
      49
      50
      47
      47
      44
      49
      37
      37
      40
      51
      40
      51
      50
      52
      43
      41
      50
      46
      42
      49
      44
      54
      51
      53
      50
      37
      55
      48
      53
      48
      50
      46
      57
      54
      52
      54
      52
      55
      52
      55
      41
      31
      52
      45
      58
      40
      42
      52
      50
      44
      42
      48
      51
      44
      48
      51
      49
      69
      36
      52
      39
      45
      44
      45
      41
      52
      45
      32
      44
      51
      52
      49
      40
      46
      56
      58
      40
      44
      48
      57
      57
      45
      42
      44
      53
      37
      45
      43
      42
      38
      54
      49
      44
      45
      40
      37
      57
      51
      58
      40
      52
      50
      48
      50
      53
      50
      60
      45
      44
      50
      56
      38
      53
      37
      43
      45
      48
      58
      50
      41
      50
      52
      42
      46
      54
      48
      37
      40
      53
      57
      51
      57
      53
      61
      50
      55
      47
      53
      51
      51
      41
      56
      59
      46
      42
      47
      39
      47
      59
      47
      65
      51
      39
      58
      54
      59
      39
      42
      43
      46
      49
      54
      51
      49
      51
      48
      54
      55
      63
      52
      55
      57
      59
      40
      45
      48
      51
      50
      42
      48
      46
      51
      46
      59
      63
      51
      48
      50
      50
      42
      41
      55
      57
      61
      40
      35
      50
      54
      47
      53
      50
      57
      47
      45
      48
      21
       0
       0
       0
       0
       0
       0
       0
       0
       0
       0
       0
       0
       0
       0
       0
       0
       0
       0
       0
       0
       0
       0
       0
       0
       0
       0
       0
       0
       0
       0
       0
       0
       0
       0
       0
       0
       0
       0
       0
       0
       0
       0
       0
       0
       0
       0
       0
       0
       0
       0
       0
       0
       0
       0
       0
       0
       0
       0
       0
       0
       0
       0
       0
       0
       0
       0
$ROI:
2
95 97
514 605
$PRESETS:
Real Time
200
0
$ENER_FIT:
-289.438599 1.280702
$MCA_CAL:
3
-2.894386E+002 1.280702E+000 0.000000E+000
$SHAPE_CAL:
3
0.000000E+000 0.000000E+000 0.000000E+000
