$SPEC_ID:
MEASURE 709.
$SPEC_REM:
DET# 1
DETDESC# MCB 25
AP# Maestro Version 6.05
$DATE_MEA:
03/17/2003 17:59:31
$MEAS_TIM:
192 200
$DATA:
0 1023
       0
       0
       0
       0
       0
       0
       0
       0
       0
       0
       0
       0
       0
       0
       0
       0
       0
     106
     244
     267
     237
     224
     231
     250
     202
     254
     252
     285
     239
     232
     298
     248
     288
     254
     265
     284
     280
     290
     275
     237
     249
     289
     261
     263
     275
     303
     282
     284
     272
     273
     246
     278
     270
     291
     270
     322
     264
     271
     285
     299
     279
     292
     281
     293
     291
     324
     297
     322
     314
     331
     304
     331
     299
     321
     335
     298
     360
     330
     344
     325
     316
     344
     350
     390
     386
     396
     365
     386
     366
     378
     381
     416
     390
     390
     423
     431
     443
     448
     434
     470
     465
     445
     449
     458
     480
     472
     480
     507
     551
     534
     485
     498
     524
     536
     557
     524
     532
     509
     514
     525
     555
     504
     513
     561
     576
     562
     573
     571
     576
     551
     582
     601
     584
     616
     588
     643
     651
     574
     571
     587
     637
     606
     624
     642
     682
     633
     629
     630
     662
     661
     604
     637
     635
     662
     594
     636
     635
     607
     630
     652
     690
     649
     660
     665
     637
     642
     619
     660
     645
     630
     641
     673
     632
     647
     619
     678
     604
     688
     616
     628
     620
     650
     658
     665
     638
     648
     689
     673
     642
     676
     640
     712
     680
     633
     705
     670
     644
     661
     723
     702
     690
     662
     687
     668
     742
     721
     697
     762
     742
     785
     779
     718
     745
     719
     819
     752
     757
     748
     763
     784
     747
     768
     754
     702
     769
     715
     736
     709
     737
     672
     680
     689
     703
     740
     642
     679
     713
     667
     682
     689
     650
     610
     661
     648
     603
     645
     629
     610
     655
     597
     597
     617
     583
     584
     586
     596
     614
     622
     585
     580
     529
     574
     574
     544
     543
     596
     595
     543
     550
     591
     502
     530
     620
     566
     536
     536
     542
     545
     498
     568
     531
     487
     548
     563
     494
     494
     545
     508
     449
     482
     489
     517
     510
     468
     481
     495
     495
     461
     447
     442
     480
     460
     458
     456
     459
     446
     484
     456
     422
     452
     441
     440
     437
     452
     458
     433
     416
     427
     416
     418
     418
     420
     424
     434
     393
     472
     405
     423
     391
     439
     400
     447
     404
     380
     373
     394
     400
     421
     379
     385
     435
     373
     419
     374
     374
     397
     418
     370
     358
     390
     389
     391
     362
     356
     382
     412
     375
     376
     361
     362
     353
     367
     346
     376
     337
     329
     348
     365
     354
     389
     375
     344
     337
     300
     345
     348
     324
     325
     313
     315
     327
     304
     346
     316
     338
     299
     298
     318
     300
     267
     288
     286
     289
     287
     268
     268
     272
     241
     260
     272
     252
     235
     232
     253
     253
     221
     215
     218
     218
     227
     227
     232
     206
     198
     185
     208
     209
     192
     189
     209
     170
     185
     189
     186
     174
     192
     169
     192
     159
     191
     173
     143
     174
     166
     152
     192
     169
     157
     160
     171
     154
     150
     175
     174
     155
     149
     155
     148
     164
     159
     137
     143
     159
     124
     153
     152
     172
     150
     173
     136
     132
     165
     133
     141
     144
     137
     119
     129
     153
     149
     146
     147
     134
     142
     157
     154
     171
     130
     143
     152
     161
     149
     128
     135
     152
     122
     117
     133
     148
     131
     130
     133
     125
     139
     115
     159
     123
     126
     133
     131
     118
     147
     133
     130
     139
     119
     110
     128
     121
     144
     131
     119
     122
     138
     138
     143
     117
     138
     151
     143
     151
     121
     136
     132
     137
     137
     149
     147
     147
     136
     150
     140
     144
     153
     163
     173
     157
     150
     188
     188
     202
     212
     224
     195
     207
     203
     230
     236
     231
     266
     248
     290
     321
     330
     390
     362
     352
     387
     386
     408
     448
     501
     534
     515
     537
     608
     599
     644
     654
     714
     717
     764
     805
     843
     902
     892
     940
     980
    1041
    1040
    1067
    1046
    1149
    1113
    1182
    1220
    1252
    1292
    1329
    1279
    1326
    1377
    1381
    1361
    1344
    1324
    1429
    1366
    1395
    1338
    1394
    1316
    1377
    1343
    1314
    1283
    1209
    1246
    1141
    1117
    1112
    1076
     995
    1022
     998
     934
     914
     831
     799
     784
     781
     705
     614
     653
     565
     565
     510
     465
     466
     458
     387
     366
     352
     333
     282
     331
     255
     248
     198
     203
     196
     151
     147
     151
     125
     124
     123
      91
     106
      87
      94
      77
      87
      77
      74
      65
      64
      60
      42
      60
      67
      58
      63
      64
      51
      55
      51
      42
      63
      60
      43
      53
      44
      55
      57
      43
      58
      50
      55
      57
      42
      52
      68
      55
      44
      48
      44
      46
      56
      49
      46
      56
      57
      43
      49
      50
      60
      52
      43
      45
      54
      49
      49
      43
      53
      42
      54
      62
      49
      61
      43
      38
      50
      60
      38
      40
      47
      49
      48
      40
      52
      38
      50
      42
      53
      42
      38
      41
      52
      45
      56
      38
      38
      44
      40
      45
      53
      59
      46
      49
      56
      49
      55
      56
      48
      43
      53
      44
      34
      40
      44
      39
      46
      42
      42
      51
      58
      45
      55
      44
      44
      55
      46
      48
      45
      43
      46
      51
      50
      35
      41
      34
      48
      47
      53
      57
      44
      42
      62
      39
      39
      42
      40
      52
      50
      49
      49
      48
      37
      56
      55
      37
      41
      50
      35
      44
      52
      52
      54
      43
      43
      43
      56
      34
      32
      56
      52
      52
      38
      41
      47
      52
      49
      40
      53
      53
      48
      51
      37
      41
      38
      42
      59
      41
      42
      34
      55
      47
      45
      40
      37
      27
      52
      40
      60
      40
      42
      38
      46
      54
      41
      46
      46
      66
      49
      50
      38
      35
      42
      51
      38
      52
      51
      31
      53
      52
      55
      48
      42
      38
      38
      34
      47
      43
      64
      37
      45
      45
      47
      45
      63
      43
      52
      39
      60
      53
      44
      53
      53
      37
      43
      31
      50
      43
      41
      51
      45
      46
      49
      47
      38
      31
      46
      38
      55
      41
      42
      49
      47
      53
      42
      44
      49
      47
      52
      48
      51
      38
      49
      51
      60
      56
      51
      40
      55
      46
      44
      46
      59
      54
      39
      48
      33
      42
      38
      53
      48
      43
      39
      45
      45
      53
      33
      41
      48
      50
      39
      41
      49
      38
      39
      54
      48
      51
      43
      36
      48
      47
      55
      59
      58
      47
      47
      34
      49
      48
      35
      40
       2
       0
       0
       0
       0
       0
       0
       0
       0
       0
       0
       0
       0
       0
       0
       0
       0
       0
       0
       0
       0
       0
       0
       0
       0
       0
       0
       0
       0
       0
       0
       0
       0
       0
       0
       0
       0
       0
       0
       0
       0
       0
       0
       0
       0
       0
       0
       0
       0
       0
       0
       0
       0
       0
       0
       0
       0
       0
       0
       0
       0
       0
       0
       0
       0
       0
$ROI:
2
95 97
514 605
$PRESETS:
Real Time
200
0
$ENER_FIT:
-289.438599 1.280702
$MCA_CAL:
3
-2.894386E+002 1.280702E+000 0.000000E+000
$SHAPE_CAL:
3
0.000000E+000 0.000000E+000 0.000000E+000
