$SPEC_ID:
MEASURE 265.
$SPEC_REM:
DET# 1
DETDESC# MCB 25
AP# Maestro Version 6.05
$DATE_MEA:
03/16/2003 04:59:31
$MEAS_TIM:
192 200
$DATA:
0 1023
       0
       0
       0
       0
       0
       0
       0
       0
       0
       0
       0
       0
       0
       0
       0
       0
       0
     130
     239
     256
     253
     257
     270
     286
     266
     222
     254
     243
     273
     246
     281
     255
     276
     273
     249
     273
     297
     280
     258
     235
     238
     303
     288
     301
     304
     267
     304
     301
     308
     268
     315
     298
     293
     276
     273
     265
     299
     303
     284
     278
     274
     306
     285
     308
     323
     309
     325
     317
     271
     334
     314
     306
     310
     328
     352
     376
     319
     331
     368
     376
     349
     369
     375
     359
     382
     421
     386
     416
     391
     400
     460
     432
     431
     418
     436
     435
     431
     441
     454
     466
     479
     455
     513
     464
     516
     543
     499
     504
     542
     515
     520
     536
     598
     516
     559
     540
     571
     613
     508
     534
     545
     531
     525
     540
     514
     578
     579
     541
     593
     645
     614
     600
     609
     620
     572
     655
     630
     635
     629
     639
     630
     650
     646
     679
     609
     640
     619
     668
     663
     700
     703
     621
     631
     672
     682
     648
     642
     672
     667
     649
     651
     619
     601
     669
     726
     652
     682
     682
     670
     665
     708
     702
     690
     656
     650
     695
     662
     700
     610
     658
     700
     628
     640
     636
     676
     656
     666
     669
     627
     682
     661
     708
     689
     670
     647
     672
     734
     738
     731
     754
     743
     724
     738
     741
     779
     710
     720
     753
     748
     828
     772
     775
     804
     829
     817
     758
     732
     794
     736
     785
     742
     728
     733
     756
     726
     748
     707
     775
     704
     720
     706
     673
     718
     709
     668
     675
     670
     694
     625
     653
     602
     653
     637
     650
     588
     617
     587
     645
     606
     602
     605
     568
     617
     585
     588
     575
     560
     569
     652
     585
     608
     623
     567
     606
     590
     609
     543
     571
     569
     573
     543
     580
     537
     518
     553
     558
     567
     526
     540
     537
     563
     555
     505
     515
     493
     488
     526
     473
     490
     445
     512
     471
     479
     503
     511
     469
     472
     470
     483
     473
     485
     462
     418
     442
     443
     491
     442
     427
     473
     431
     411
     454
     443
     423
     413
     441
     465
     424
     411
     440
     401
     414
     444
     415
     384
     408
     437
     391
     386
     396
     408
     395
     392
     382
     409
     412
     403
     353
     376
     408
     368
     427
     390
     386
     389
     406
     373
     377
     374
     374
     398
     356
     354
     340
     386
     375
     360
     373
     346
     327
     372
     359
     358
     365
     347
     350
     356
     360
     375
     316
     326
     318
     338
     314
     338
     315
     353
     345
     319
     321
     286
     307
     308
     279
     314
     247
     310
     291
     284
     257
     235
     259
     232
     273
     273
     236
     277
     248
     285
     228
     221
     236
     228
     205
     248
     203
     198
     216
     219
     225
     191
     207
     201
     179
     203
     196
     196
     171
     201
     200
     175
     167
     183
     182
     171
     201
     153
     165
     175
     167
     164
     138
     169
     192
     162
     175
     198
     184
     186
     171
     156
     165
     172
     148
     157
     157
     157
     151
     146
     145
     141
     138
     117
     151
     147
     150
     153
     131
     160
     142
     148
     169
     134
     140
     158
     131
     127
     144
     144
     149
     159
     142
     146
     147
     146
     143
     144
     145
     139
     139
     112
     128
     139
     122
     132
     127
     143
     128
     136
     131
     139
     119
     147
     113
     127
     134
     126
     134
     146
     119
     137
     133
     130
     130
     131
     147
     135
     152
     124
     132
     142
     126
     111
     130
     161
     151
     126
     162
     156
     136
     150
     152
     173
     142
     147
     179
     190
     171
     192
     185
     189
     201
     220
     215
     213
     242
     271
     260
     249
     270
     297
     313
     360
     322
     346
     354
     371
     396
     416
     443
     501
     468
     526
     567
     588
     640
     626
     665
     715
     751
     731
     817
     840
     871
     920
     963
     972
    1056
    1053
    1043
    1168
    1176
    1150
    1224
    1239
    1325
    1226
    1349
    1375
    1361
    1293
    1443
    1486
    1392
    1437
    1403
    1338
    1416
    1382
    1387
    1418
    1361
    1254
    1315
    1281
    1260
    1220
    1153
    1128
    1118
    1086
    1098
    1020
    1003
     902
     927
     869
     818
     735
     694
     653
     628
     570
     566
     546
     509
     458
     475
     403
     390
     324
     317
     308
     305
     272
     214
     206
     221
     176
     190
     181
     167
     128
     131
     106
     124
     105
      99
      92
      84
      73
      88
      71
      51
      69
      62
      61
      61
      56
      56
      54
      57
      58
      53
      63
      52
      60
      62
      54
      47
      64
      48
      51
      37
      52
      50
      60
      57
      50
      42
      46
      53
      48
      50
      45
      72
      55
      41
      45
      48
      51
      41
      38
      49
      52
      53
      47
      45
      38
      51
      63
      44
      43
      53
      48
      59
      53
      39
      57
      46
      58
      60
      52
      59
      55
      51
      33
      52
      36
      51
      50
      44
      43
      50
      43
      45
      46
      50
      64
      51
      53
      60
      60
      60
      38
      48
      35
      49
      48
      43
      49
      54
      47
      45
      49
      49
      47
      48
      55
      54
      59
      41
      43
      44
      42
      48
      47
      54
      53
      37
      43
      45
      55
      43
      49
      39
      32
      40
      38
      38
      49
      41
      43
      44
      47
      44
      57
      35
      43
      44
      43
      43
      36
      52
      45
      52
      34
      52
      41
      43
      48
      52
      50
      46
      48
      46
      45
      62
      59
      51
      48
      44
      66
      39
      50
      38
      48
      43
      42
      48
      48
      52
      44
      41
      49
      45
      37
      48
      47
      53
      46
      42
      40
      45
      41
      42
      31
      45
      52
      49
      44
      50
      37
      44
      56
      48
      41
      45
      35
      52
      61
      67
      61
      50
      51
      47
      47
      43
      46
      54
      46
      49
      37
      42
      42
      40
      50
      31
      57
      48
      51
      50
      49
      46
      54
      45
      40
      45
      53
      46
      48
      44
      45
      45
      47
      48
      54
      53
      44
      48
      38
      52
      45
      54
      46
      42
      40
      50
      43
      53
      42
      52
      51
      45
      60
      45
      45
      36
      53
      60
      60
      40
      36
      48
      45
      49
      48
      54
      55
      40
      45
      39
      45
      40
      34
      51
      41
      47
      42
      51
      42
      62
      43
      43
      55
      48
      41
      52
      47
      47
      57
      41
      48
      44
      49
      52
      46
      47
      50
      47
      42
      59
      48
      52
      62
      48
      48
      53
      50
      55
      50
      46
      56
      58
      46
      47
      56
      56
      48
      39
      48
      38
      51
      49
      50
      48
      46
      21
       0
       0
       0
       0
       0
       0
       0
       0
       0
       0
       0
       0
       0
       0
       0
       0
       0
       0
       0
       0
       0
       0
       0
       0
       0
       0
       0
       0
       0
       0
       0
       0
       0
       0
       0
       0
       0
       0
       0
       0
       0
       0
       0
       0
       0
       0
       0
       0
       0
       0
       0
       0
       0
       0
       0
       0
       0
       0
       0
       0
       0
       0
       0
       0
       0
       0
$ROI:
2
95 97
514 605
$PRESETS:
Real Time
200
0
$ENER_FIT:
-289.438599 1.280702
$MCA_CAL:
3
-2.894386E+002 1.280702E+000 0.000000E+000
$SHAPE_CAL:
3
0.000000E+000 0.000000E+000 0.000000E+000
