$SPEC_ID:
MEASURE 014.
$SPEC_REM:
DET# 1
DETDESC# MCB 25
AP# Maestro Version 6.05
$DATE_MEA:
03/15/2003 08:04:31
$MEAS_TIM:
192 200
$DATA:
0 1023
       0
       0
       0
       0
       0
       0
       0
       0
       0
       0
       0
       0
       0
       0
       0
       0
       0
     148
     249
     260
     246
     259
     270
     246
     291
     268
     259
     275
     270
     351
     290
     303
     269
     311
     263
     292
     288
     304
     321
     274
     306
     275
     294
     285
     313
     288
     311
     280
     341
     308
     296
     297
     308
     320
     290
     310
     326
     284
     287
     304
     347
     330
     318
     326
     309
     287
     322
     354
     334
     359
     330
     361
     373
     336
     363
     358
     371
     385
     394
     418
     374
     383
     412
     391
     421
     420
     438
     389
     450
     480
     475
     465
     479
     458
     479
     499
     522
     477
     515
     473
     539
     551
     509
     510
     546
     539
     556
     516
     556
     555
     580
     548
     592
     566
     585
     575
     593
     589
     595
     596
     657
     639
     619
     618
     644
     593
     651
     634
     645
     637
     639
     632
     671
     701
     683
     685
     682
     674
     642
     673
     682
     639
     689
     666
     647
     697
     714
     737
     663
     650
     715
     706
     682
     648
     690
     754
     710
     656
     709
     710
     668
     748
     674
     665
     722
     681
     662
     676
     693
     664
     641
     677
     655
     663
     705
     683
     694
     715
     732
     659
     718
     670
     714
     735
     727
     728
     734
     696
     714
     663
     702
     734
     751
     719
     782
     808
     771
     776
     807
     783
     758
     796
     785
     794
     807
     831
     805
     837
     816
     788
     786
     796
     826
     714
     770
     776
     744
     767
     748
     785
     769
     762
     748
     762
     729
     698
     723
     622
     694
     717
     657
     648
     647
     698
     697
     694
     643
     655
     639
     663
     647
     580
     614
     628
     586
     610
     575
     615
     593
     610
     580
     565
     573
     572
     581
     587
     589
     607
     596
     597
     552
     543
     585
     577
     565
     568
     568
     545
     515
     514
     539
     529
     553
     556
     556
     554
     525
     506
     505
     530
     505
     488
     516
     496
     508
     499
     506
     480
     496
     489
     474
     475
     529
     443
     462
     484
     476
     437
     458
     466
     433
     476
     507
     458
     421
     465
     436
     445
     421
     441
     435
     477
     414
     409
     420
     417
     441
     414
     396
     458
     416
     431
     392
     384
     417
     422
     398
     420
     411
     413
     401
     409
     385
     429
     421
     374
     370
     391
     422
     370
     388
     376
     377
     381
     364
     355
     381
     354
     375
     355
     367
     394
     356
     370
     352
     322
     329
     344
     346
     356
     376
     328
     363
     344
     309
     306
     301
     292
     294
     306
     303
     282
     286
     293
     259
     287
     274
     318
     272
     235
     223
     232
     271
     257
     254
     256
     214
     232
     247
     216
     208
     213
     246
     220
     204
     210
     203
     190
     236
     244
     185
     205
     186
     221
     188
     199
     179
     198
     180
     197
     181
     193
     174
     177
     182
     165
     183
     185
     185
     163
     171
     175
     181
     168
     154
     155
     165
     149
     175
     158
     169
     147
     138
     121
     190
     179
     160
     155
     173
     168
     150
     159
     174
     162
     174
     166
     157
     137
     146
     156
     155
     153
     140
     129
     135
     157
     146
     138
     180
     130
     153
     135
     126
     138
     161
     141
     129
     137
     142
     117
     123
     143
     143
     152
     130
     144
     145
     132
     124
     131
     150
     119
     129
     133
     109
     137
     147
     150
     147
     130
     143
     146
     147
     128
     148
     143
     150
     153
     138
     152
     167
     140
     148
     156
     179
     161
     183
     176
     194
     177
     188
     210
     216
     227
     207
     252
     255
     266
     227
     271
     283
     290
     307
     368
     342
     317
     376
     431
     451
     450
     501
     514
     529
     553
     610
     616
     625
     684
     744
     744
     815
     801
     855
     927
     911
     952
    1049
    1085
    1035
    1170
    1238
    1202
    1219
    1250
    1294
    1284
    1290
    1367
    1388
    1444
    1437
    1523
    1455
    1447
    1431
    1442
    1426
    1466
    1427
    1470
    1430
    1315
    1403
    1376
    1289
    1334
    1195
    1203
    1157
    1108
    1103
    1049
    1005
     977
     858
     848
     858
     771
     815
     712
     661
     588
     575
     507
     474
     466
     455
     404
     364
     313
     342
     265
     264
     269
     226
     201
     176
     167
     176
     153
     150
     119
     132
     107
     108
     106
      94
      84
      84
      73
      67
      76
      90
      75
      70
      58
      60
      51
      61
      63
      71
      64
      50
      54
      58
      51
      51
      63
      56
      52
      57
      58
      63
      55
      44
      52
      61
      56
      65
      60
      54
      56
      50
      55
      62
      51
      49
      59
      52
      53
      49
      44
      49
      39
      55
      60
      55
      58
      73
      55
      51
      49
      62
      44
      49
      50
      59
      51
      51
      52
      56
      35
      57
      58
      46
      44
      52
      58
      59
      40
      63
      50
      42
      50
      62
      59
      59
      45
      45
      50
      47
      56
      48
      43
      50
      55
      56
      53
      47
      42
      41
      49
      45
      52
      50
      35
      45
      44
      48
      49
      47
      53
      51
      41
      46
      46
      56
      49
      50
      44
      43
      60
      44
      45
      54
      52
      56
      45
      67
      40
      52
      47
      57
      37
      60
      41
      53
      53
      54
      61
      61
      38
      53
      51
      58
      50
      51
      45
      38
      60
      48
      37
      47
      43
      51
      62
      58
      45
      46
      42
      49
      46
      35
      39
      60
      47
      33
      53
      52
      45
      40
      48
      57
      61
      60
      45
      35
      42
      43
      43
      53
      52
      41
      49
      48
      37
      50
      47
      57
      50
      45
      45
      39
      42
      44
      40
      46
      42
      47
      46
      58
      35
      44
      58
      50
      34
      51
      47
      39
      59
      43
      40
      36
      46
      51
      40
      45
      50
      44
      46
      47
      52
      49
      47
      50
      40
      57
      51
      39
      41
      66
      51
      40
      45
      42
      41
      55
      52
      34
      36
      45
      49
      38
      52
      55
      55
      64
      44
      58
      61
      50
      44
      52
      47
      49
      48
      58
      48
      57
      57
      66
      65
      33
      43
      58
      47
      59
      50
      43
      49
      45
      52
      50
      54
      65
      56
      46
      49
      44
      55
      43
      47
      47
      51
      38
      48
      50
      42
      54
      51
      45
      44
      46
      49
      53
      47
      43
      41
      60
      55
      62
      54
      47
      61
      50
      53
      53
      55
      50
      55
      57
      54
      56
      43
      49
      54
      44
      41
      49
      44
      45
      58
      39
      43
      64
      37
      49
      67
      54
      55
      55
      46
      50
      54
      60
      54
      41
      51
      52
      43
      58
      56
      54
      54
      56
      51
      30
       1
       0
       0
       0
       0
       0
       0
       0
       0
       0
       0
       0
       0
       0
       0
       0
       0
       0
       0
       0
       0
       0
       0
       0
       0
       0
       0
       0
       0
       0
       0
       0
       0
       0
       0
       0
       0
       0
       0
       0
       0
       0
       0
       0
       0
       0
       0
       0
       0
       0
       0
       0
       0
       0
       0
       0
       0
       0
       0
       0
       0
       0
       0
       0
       0
       0
       0
$ROI:
2
95 97
514 605
$PRESETS:
Real Time
200
0
$ENER_FIT:
-289.438599 1.280702
$MCA_CAL:
3
-2.894386E+002 1.280702E+000 0.000000E+000
$SHAPE_CAL:
3
0.000000E+000 0.000000E+000 0.000000E+000
