$SPEC_ID:
MEASURE 535.
$SPEC_REM:
DET# 1
DETDESC# MCB 25
AP# Maestro Version 6.05
$DATE_MEA:
03/17/2003 03:29:31
$MEAS_TIM:
192 200
$DATA:
0 1023
       0
       0
       0
       0
       0
       0
       0
       0
       0
       0
       0
       0
       0
       0
       0
       0
       0
      96
     243
     233
     260
     263
     255
     252
     250
     278
     273
     266
     256
     260
     275
     276
     281
     261
     257
     286
     257
     296
     277
     257
     273
     279
     307
     270
     274
     303
     292
     259
     280
     274
     276
     247
     288
     301
     267
     304
     271
     310
     283
     306
     321
     291
     307
     255
     273
     331
     329
     315
     314
     295
     302
     284
     326
     303
     331
     323
     339
     365
     353
     342
     371
     346
     352
     368
     382
     355
     363
     363
     394
     428
     404
     366
     402
     418
     423
     409
     439
     445
     447
     486
     465
     469
     473
     479
     497
     520
     530
     474
     504
     533
     516
     539
     528
     533
     522
     584
     472
     527
     549
     522
     548
     553
     612
     563
     569
     588
     570
     589
     572
     569
     595
     624
     592
     575
     628
     624
     619
     610
     624
     606
     642
     610
     613
     635
     669
     679
     611
     622
     603
     632
     652
     615
     635
     624
     671
     652
     649
     649
     669
     671
     649
     594
     678
     613
     689
     624
     626
     611
     703
     685
     676
     660
     627
     636
     632
     697
     675
     664
     639
     641
     669
     693
     636
     671
     614
     654
     675
     634
     683
     675
     646
     638
     661
     625
     676
     686
     700
     700
     686
     702
     706
     734
     716
     695
     719
     705
     716
     763
     712
     775
     740
     735
     781
     787
     742
     775
     782
     768
     766
     730
     710
     742
     718
     748
     720
     783
     731
     733
     725
     706
     663
     658
     724
     709
     716
     690
     681
     662
     684
     620
     639
     679
     627
     625
     641
     589
     644
     602
     641
     645
     584
     594
     630
     579
     619
     617
     615
     597
     607
     577
     548
     577
     590
     598
     596
     614
     567
     565
     527
     546
     518
     551
     501
     586
     529
     506
     565
     524
     549
     569
     577
     527
     480
     539
     486
     471
     512
     533
     521
     502
     513
     491
     485
     463
     446
     487
     507
     513
     469
     470
     452
     469
     445
     452
     447
     463
     453
     461
     472
     451
     448
     466
     414
     466
     431
     419
     470
     416
     470
     407
     469
     415
     406
     484
     409
     398
     422
     416
     455
     390
     414
     420
     372
     390
     386
     407
     387
     423
     404
     417
     422
     423
     400
     389
     400
     377
     369
     361
     370
     393
     399
     384
     375
     385
     375
     425
     387
     363
     390
     327
     360
     355
     343
     376
     350
     373
     364
     375
     331
     329
     366
     353
     334
     325
     344
     322
     359
     317
     324
     332
     347
     321
     282
     302
     305
     317
     277
     266
     302
     278
     280
     277
     296
     262
     260
     250
     266
     283
     257
     236
     208
     219
     226
     237
     230
     234
     208
     223
     252
     221
     172
     199
     221
     215
     202
     196
     213
     204
     192
     200
     197
     192
     180
     186
     190
     186
     176
     184
     183
     163
     168
     198
     185
     163
     177
     195
     181
     149
     167
     158
     167
     139
     138
     164
     176
     160
     156
     163
     167
     164
     150
     161
     153
     169
     139
     164
     153
     149
     146
     147
     126
     127
     133
     162
     164
     157
     140
     148
     156
     150
     148
     149
     146
     136
     118
     159
     160
     117
     142
     113
     124
     142
     158
     132
     142
     136
     149
     142
     136
     139
     126
     130
     141
     128
     117
     133
     136
     120
     129
     137
     140
     159
     123
     133
     134
     139
     146
     118
     129
     126
     124
     129
     138
     146
     121
     144
     119
     115
     142
     122
     130
     130
     138
     135
     124
     152
     129
     148
     160
     136
     139
     168
     168
     155
     190
     171
     179
     179
     187
     188
     205
     212
     221
     252
     247
     248
     274
     283
     305
     288
     304
     378
     320
     359
     408
     396
     459
     438
     508
     538
     509
     562
     580
     603
     629
     664
     696
     672
     799
     847
     794
     835
     901
     907
     959
    1015
    1062
    1081
    1064
    1156
    1158
    1234
    1154
    1208
    1304
    1321
    1306
    1388
    1366
    1322
    1445
    1400
    1348
    1420
    1390
    1402
    1304
    1374
    1358
    1319
    1322
    1343
    1271
    1296
    1198
    1202
    1148
    1104
    1044
    1084
    1011
    1003
     935
     897
     870
     795
     758
     761
     684
     691
     647
     592
     545
     481
     488
     431
     419
     368
     339
     349
     313
     256
     273
     240
     207
     205
     196
     177
     159
     136
     121
     137
     122
     116
     114
     100
      84
      97
      78
      67
      60
      76
      87
      75
      58
      52
      60
      51
      66
      62
      47
      63
      63
      53
      61
      40
      56
      50
      46
      52
      43
      49
      49
      43
      56
      45
      59
      50
      40
      49
      49
      47
      58
      50
      54
      54
      56
      50
      49
      51
      55
      51
      51
      54
      45
      42
      47
      44
      41
      70
      65
      46
      59
      47
      52
      52
      50
      54
      53
      56
      47
      39
      54
      58
      47
      38
      52
      49
      49
      44
      52
      55
      47
      49
      47
      56
      43
      38
      53
      39
      55
      41
      58
      52
      52
      51
      54
      51
      41
      51
      47
      53
      34
      55
      42
      54
      60
      46
      46
      49
      57
      40
      45
      48
      44
      52
      59
      56
      40
      36
      54
      39
      47
      39
      39
      40
      36
      41
      50
      56
      40
      53
      51
      49
      45
      43
      35
      54
      62
      52
      50
      36
      51
      52
      28
      52
      54
      55
      50
      40
      42
      53
      40
      46
      50
      50
      55
      56
      37
      45
      46
      47
      41
      41
      47
      43
      45
      50
      50
      46
      48
      42
      58
      44
      41
      41
      55
      51
      39
      51
      43
      42
      52
      46
      48
      44
      55
      45
      44
      42
      54
      40
      44
      51
      52
      42
      36
      54
      44
      45
      46
      51
      50
      39
      53
      44
      36
      48
      39
      49
      45
      48
      49
      45
      47
      45
      35
      37
      43
      48
      54
      50
      44
      50
      47
      44
      39
      49
      43
      47
      42
      42
      44
      47
      47
      49
      39
      54
      45
      53
      43
      56
      61
      42
      55
      55
      43
      37
      38
      53
      51
      65
      45
      48
      44
      54
      43
      44
      60
      35
      45
      53
      46
      52
      53
      47
      60
      54
      44
      43
      46
      50
      52
      45
      53
      37
      40
      46
      47
      50
      47
      46
      44
      48
      46
      45
      44
      45
      49
      36
      52
      51
      58
      60
      49
      37
      40
      51
      52
      50
      41
      51
      55
      45
      48
      42
      46
      46
      52
      40
      55
      45
      42
      52
      43
      39
      44
      34
       0
       0
       0
       0
       0
       0
       0
       0
       0
       0
       0
       0
       0
       0
       0
       0
       0
       0
       0
       0
       0
       0
       0
       0
       0
       0
       0
       0
       0
       0
       0
       0
       0
       0
       0
       0
       0
       0
       0
       0
       0
       0
       0
       0
       0
       0
       0
       0
       0
       0
       0
       0
       0
       0
       0
       0
       0
       0
       0
       0
       0
       0
       0
       0
       0
       0
$ROI:
2
95 97
514 605
$PRESETS:
Real Time
200
0
$ENER_FIT:
-289.438599 1.280702
$MCA_CAL:
3
-2.894386E+002 1.280702E+000 0.000000E+000
$SHAPE_CAL:
3
0.000000E+000 0.000000E+000 0.000000E+000
