$SPEC_ID:
MEASURE 428.
$SPEC_REM:
DET# 1
DETDESC# MCB 25
AP# Maestro Version 6.05
$DATE_MEA:
03/16/2003 18:34:31
$MEAS_TIM:
192 200
$DATA:
0 1023
       0
       0
       0
       0
       0
       0
       0
       0
       0
       0
       0
       0
       0
       0
       0
       0
       0
      89
     260
     244
     236
     253
     265
     229
     261
     220
     264
     227
     251
     273
     262
     259
     255
     265
     283
     280
     257
     270
     284
     255
     280
     281
     296
     270
     292
     303
     301
     276
     276
     289
     266
     293
     266
     281
     274
     288
     314
     278
     295
     303
     265
     365
     272
     305
     267
     279
     322
     314
     314
     336
     315
     315
     319
     300
     313
     350
     363
     355
     376
     333
     376
     339
     329
     362
     370
     386
     419
     430
     429
     390
     404
     409
     439
     445
     416
     403
     477
     464
     451
     467
     499
     491
     469
     457
     435
     482
     478
     483
     483
     526
     515
     556
     532
     521
     518
     573
     552
     578
     544
     564
     582
     543
     580
     601
     576
     550
     573
     554
     594
     556
     590
     628
     590
     581
     635
     626
     655
     659
     629
     630
     681
     638
     650
     652
     614
     609
     673
     654
     679
     624
     646
     658
     686
     662
     637
     633
     684
     654
     679
     630
     693
     698
     671
     632
     651
     654
     646
     645
     704
     664
     631
     682
     619
     676
     685
     627
     646
     651
     648
     647
     660
     663
     684
     666
     665
     607
     664
     668
     644
     670
     683
     653
     690
     698
     684
     672
     713
     665
     679
     676
     687
     706
     718
     741
     713
     751
     764
     749
     721
     746
     797
     796
     796
     771
     790
     762
     797
     778
     791
     765
     775
     751
     774
     756
     789
     710
     763
     769
     731
     760
     712
     706
     704
     710
     647
     670
     695
     633
     663
     688
     655
     664
     648
     626
     637
     622
     683
     559
     613
     631
     600
     627
     567
     589
     574
     539
     612
     609
     574
     606
     571
     590
     641
     607
     578
     563
     525
     555
     607
     553
     603
     565
     557
     568
     566
     557
     529
     536
     550
     521
     503
     493
     508
     465
     490
     535
     520
     500
     468
     552
     471
     499
     501
     495
     484
     487
     471
     481
     475
     460
     479
     478
     487
     472
     448
     441
     495
     469
     449
     456
     420
     461
     444
     360
     406
     457
     400
     414
     435
     418
     444
     419
     440
     411
     403
     402
     374
     402
     423
     364
     439
     421
     376
     393
     399
     402
     396
     409
     385
     390
     394
     410
     360
     388
     374
     406
     410
     386
     387
     365
     401
     412
     429
     353
     351
     357
     402
     340
     375
     388
     375
     344
     360
     367
     344
     352
     335
     377
     353
     346
     335
     339
     322
     346
     353
     321
     349
     323
     281
     318
     280
     290
     311
     300
     270
     322
     279
     284
     264
     271
     272
     286
     262
     274
     269
     274
     253
     237
     240
     225
     220
     242
     210
     230
     211
     240
     230
     214
     234
     194
     187
     180
     195
     181
     179
     170
     212
     220
     181
     196
     194
     183
     213
     178
     200
     171
     182
     179
     184
     178
     155
     191
     182
     154
     168
     152
     143
     147
     175
     182
     171
     146
     169
     135
     182
     149
     164
     148
     172
     139
     171
     155
     152
     152
     160
     182
     147
     152
     132
     155
     139
     140
     142
     150
     164
     131
     139
     147
     143
     151
     137
     141
     134
     119
     143
     153
     144
     132
     148
     147
     138
     133
     134
     119
     150
     127
     134
     123
     152
     130
     155
     148
     128
     152
     135
     149
     132
     153
     126
     135
     114
     135
     148
     126
     147
     143
     133
     126
     114
     127
     103
     131
     129
     147
     131
     117
     148
     137
     134
     134
     133
     150
     156
     182
     156
     144
     145
     149
     148
     166
     184
     151
     183
     166
     187
     174
     202
     190
     224
     228
     237
     242
     288
     227
     278
     265
     288
     292
     322
     339
     362
     342
     407
     423
     448
     485
     496
     517
     545
     572
     620
     625
     656
     722
     732
     800
     778
     814
     890
     919
     914
    1021
    1039
    1038
    1037
    1122
    1177
    1157
    1167
    1243
    1261
    1179
    1323
    1369
    1349
    1313
    1419
    1363
    1430
    1445
    1377
    1451
    1416
    1375
    1404
    1378
    1325
    1367
    1311
    1318
    1241
    1241
    1189
    1262
    1102
    1127
    1055
    1075
    1011
    1029
     933
     878
     806
     796
     763
     709
     675
     650
     573
     567
     517
     469
     451
     407
     401
     357
     303
     306
     292
     270
     264
     230
     229
     190
     181
     188
     158
     161
     120
     120
     113
      75
     119
     101
      89
      83
      76
      71
      72
      64
      75
      71
      61
      72
      57
      66
      48
      43
      53
      60
      72
      65
      61
      45
      48
      57
      43
      53
      61
      65
      48
      66
      51
      51
      46
      53
      44
      65
      37
      44
      51
      61
      44
      51
      39
      57
      48
      52
      60
      53
      45
      60
      50
      54
      45
      41
      43
      72
      55
      40
      33
      56
      49
      54
      51
      61
      49
      48
      45
      41
      46
      52
      53
      49
      45
      54
      60
      38
      33
      54
      44
      45
      55
      58
      52
      40
      62
      55
      41
      57
      54
      58
      52
      44
      51
      45
      66
      54
      45
      53
      50
      60
      46
      54
      52
      43
      56
      52
      56
      44
      46
      52
      35
      54
      45
      50
      45
      40
      48
      50
      54
      49
      47
      45
      55
      54
      54
      55
      47
      49
      44
      47
      45
      47
      48
      41
      43
      50
      45
      36
      43
      48
      33
      50
      32
      55
      52
      42
      45
      35
      52
      38
      46
      44
      44
      37
      31
      39
      45
      58
      43
      46
      44
      48
      50
      42
      50
      47
      40
      56
      46
      37
      39
      49
      50
      39
      34
      49
      43
      43
      47
      57
      43
      40
      63
      37
      54
      38
      49
      57
      53
      40
      47
      55
      42
      51
      42
      40
      44
      57
      43
      64
      65
      52
      46
      49
      49
      46
      38
      46
      37
      41
      46
      47
      37
      36
      48
      42
      44
      37
      51
      44
      39
      57
      46
      44
      47
      42
      52
      59
      66
      47
      45
      31
      37
      42
      44
      56
      49
      53
      63
      59
      49
      63
      52
      41
      46
      47
      63
      57
      56
      41
      40
      39
      46
      47
      46
      44
      48
      50
      58
      39
      40
      37
      54
      51
      48
      47
      43
      44
      40
      55
      40
      55
      45
      51
      52
      43
      50
      41
      40
      53
      47
      40
      39
      54
      46
      47
      46
      50
      57
      38
      37
      37
      50
      53
      43
      52
      51
      60
      52
      41
      53
      39
      52
      49
      42
      55
      49
      48
      42
      40
      50
      59
      46
      55
      41
      26
       2
       0
       0
       0
       0
       0
       0
       0
       0
       0
       0
       0
       0
       0
       0
       0
       0
       0
       0
       0
       0
       0
       0
       0
       0
       0
       0
       0
       0
       0
       0
       0
       0
       0
       0
       0
       0
       0
       0
       0
       0
       0
       0
       0
       0
       0
       0
       0
       0
       0
       0
       0
       0
       0
       0
       0
       0
       0
       0
       0
       0
       0
       0
       0
       0
       0
$ROI:
2
95 97
514 605
$PRESETS:
Real Time
200
0
$ENER_FIT:
-289.438599 1.280702
$MCA_CAL:
3
-2.894386E+002 1.280702E+000 0.000000E+000
$SHAPE_CAL:
3
0.000000E+000 0.000000E+000 0.000000E+000
