$SPEC_ID:
MEASURE 519.
$SPEC_REM:
DET# 1
DETDESC# MCB 25
AP# Maestro Version 6.05
$DATE_MEA:
03/17/2003 02:09:31
$MEAS_TIM:
192 200
$DATA:
0 1023
       0
       0
       0
       0
       0
       0
       0
       0
       0
       0
       0
       0
       0
       0
       0
       0
       0
     108
     257
     236
     259
     257
     228
     231
     231
     248
     257
     249
     263
     288
     272
     254
     245
     245
     289
     272
     249
     234
     260
     259
     302
     261
     269
     293
     265
     293
     287
     270
     267
     268
     283
     276
     265
     276
     263
     307
     292
     263
     284
     316
     287
     297
     317
     279
     308
     297
     301
     287
     277
     297
     320
     326
     307
     301
     342
     344
     308
     353
     330
     326
     323
     348
     376
     375
     385
     342
     396
     371
     401
     410
     408
     378
     411
     436
     395
     449
     445
     435
     422
     486
     490
     470
     475
     503
     466
     508
     458
     474
     491
     496
     524
     527
     491
     537
     541
     528
     552
     547
     530
     563
     562
     556
     609
     571
     587
     562
     600
     581
     594
     567
     611
     593
     606
     564
     638
     600
     640
     602
     600
     611
     621
     601
     599
     664
     645
     643
     655
     645
     673
     622
     671
     642
     677
     659
     678
     650
     684
     602
     662
     677
     673
     652
     643
     681
     678
     642
     636
     645
     644
     669
     682
     632
     724
     641
     654
     669
     692
     654
     681
     646
     650
     623
     638
     691
     645
     654
     680
     623
     611
     608
     634
     661
     671
     668
     637
     658
     688
     702
     680
     739
     740
     673
     707
     736
     739
     730
     724
     716
     754
     786
     749
     752
     741
     712
     701
     770
     775
     793
     788
     686
     742
     783
     748
     737
     684
     734
     733
     734
     766
     700
     728
     695
     671
     662
     713
     676
     657
     669
     647
     673
     644
     610
     630
     679
     608
     646
     614
     629
     649
     676
     601
     607
     596
     596
     583
     625
     596
     580
     634
     591
     565
     590
     594
     582
     541
     555
     564
     607
     515
     559
     557
     573
     533
     528
     529
     532
     532
     545
     534
     540
     525
     542
     536
     538
     503
     504
     533
     510
     520
     476
     485
     475
     491
     503
     499
     463
     485
     467
     466
     490
     445
     450
     478
     460
     473
     467
     422
     406
     453
     458
     442
     444
     433
     463
     415
     433
     422
     437
     412
     419
     359
     416
     454
     433
     392
     395
     381
     383
     390
     405
     380
     402
     398
     409
     405
     420
     370
     380
     383
     372
     405
     388
     400
     357
     389
     394
     385
     351
     376
     387
     380
     360
     386
     358
     377
     364
     367
     370
     394
     357
     335
     369
     367
     349
     359
     342
     341
     380
     323
     327
     334
     306
     346
     351
     339
     313
     334
     327
     321
     319
     347
     338
     306
     309
     278
     292
     281
     296
     285
     282
     280
     257
     260
     259
     253
     244
     274
     228
     241
     226
     242
     262
     236
     259
     225
     228
     224
     202
     228
     232
     229
     220
     193
     213
     199
     219
     204
     213
     187
     203
     167
     165
     169
     204
     184
     176
     188
     198
     185
     184
     178
     176
     165
     172
     162
     175
     172
     168
     173
     182
     136
     150
     173
     168
     168
     138
     166
     148
     158
     139
     150
     157
     135
     153
     160
     163
     168
     137
     147
     123
     130
     177
     139
     155
     135
     129
     141
     142
     150
     126
     159
     154
     171
     131
     143
     133
     139
     122
     130
     138
     145
     141
     146
     144
     131
     153
     143
     141
     109
     146
     138
     133
     135
     149
     113
     135
     136
     122
     141
     124
     118
     122
     138
     125
     135
     121
     155
     112
     124
     106
     127
     121
     153
     137
     142
     137
     139
     129
     140
     149
     153
     127
     143
     143
     155
     160
     152
     152
     132
     164
     163
     154
     147
     181
     181
     179
     174
     192
     192
     190
     198
     199
     211
     238
     260
     239
     288
     268
     275
     305
     338
     303
     399
     374
     380
     403
     457
     460
     475
     505
     510
     579
     639
     595
     629
     652
     682
     736
     804
     854
     818
     920
     968
     978
     981
    1018
    1078
    1100
    1058
    1243
    1148
    1192
    1232
    1304
    1342
    1389
    1391
    1408
    1386
    1388
    1361
    1375
    1380
    1357
    1376
    1405
    1387
    1354
    1348
    1345
    1344
    1263
    1275
    1189
    1214
    1229
    1089
    1116
    1025
     987
     988
     945
     938
     916
     780
     784
     768
     716
     626
     631
     620
     553
     545
     479
     452
     427
     366
     391
     342
     319
     296
     278
     254
     254
     240
     204
     193
     177
     126
     158
     154
     121
     116
     113
      83
      92
      94
      76
      75
      72
      83
      89
      79
      96
      55
      52
      75
      73
      55
      57
      53
      64
      52
      49
      58
      60
      67
      48
      67
      50
      46
      55
      48
      44
      44
      46
      67
      49
      41
      49
      57
      45
      51
      47
      58
      48
      49
      55
      54
      46
      60
      50
      50
      59
      51
      45
      55
      44
      47
      51
      53
      42
      51
      52
      59
      64
      40
      55
      53
      57
      54
      41
      46
      48
      52
      68
      47
      48
      50
      49
      57
      52
      58
      39
      45
      44
      53
      55
      46
      38
      49
      38
      37
      47
      34
      43
      43
      47
      58
      49
      66
      56
      63
      38
      44
      57
      46
      39
      52
      50
      40
      54
      50
      43
      58
      50
      52
      55
      52
      39
      58
      37
      42
      46
      37
      54
      53
      45
      39
      45
      42
      44
      51
      49
      51
      54
      49
      47
      45
      56
      43
      40
      55
      42
      40
      47
      49
      35
      45
      47
      44
      42
      47
      47
      37
      38
      55
      44
      46
      46
      30
      46
      47
      32
      33
      47
      49
      44
      45
      50
      51
      51
      55
      52
      45
      50
      44
      53
      41
      41
      53
      47
      52
      46
      53
      33
      43
      37
      51
      39
      57
      39
      50
      44
      52
      46
      42
      49
      54
      30
      57
      57
      51
      48
      47
      51
      43
      61
      41
      41
      44
      33
      41
      44
      42
      38
      36
      57
      46
      46
      44
      47
      52
      56
      45
      56
      49
      32
      44
      47
      35
      46
      48
      48
      39
      44
      49
      41
      52
      48
      47
      52
      50
      55
      46
      44
      51
      54
      44
      50
      53
      49
      35
      48
      38
      54
      52
      63
      57
      45
      52
      45
      54
      40
      57
      50
      52
      49
      44
      37
      48
      57
      45
      55
      41
      37
      44
      44
      57
      52
      46
      51
      56
      55
      49
      63
      43
      59
      56
      56
      44
      38
      45
      41
      49
      40
      40
      37
      59
      57
      40
      51
      42
      39
      44
      43
      46
      46
      42
      48
      63
      47
      39
      48
      33
      44
      45
      32
       2
       0
       0
       0
       0
       0
       0
       0
       0
       0
       0
       0
       0
       0
       0
       0
       0
       0
       0
       0
       0
       0
       0
       0
       0
       0
       0
       0
       0
       0
       0
       0
       0
       0
       0
       0
       0
       0
       0
       0
       0
       0
       0
       0
       0
       0
       0
       0
       0
       0
       0
       0
       0
       0
       0
       0
       0
       0
       0
       0
       0
       0
       0
       0
       0
       0
$ROI:
2
95 97
514 605
$PRESETS:
Real Time
200
0
$ENER_FIT:
-289.438599 1.280702
$MCA_CAL:
3
-2.894386E+002 1.280702E+000 0.000000E+000
$SHAPE_CAL:
3
0.000000E+000 0.000000E+000 0.000000E+000
