$SPEC_ID:
MEASURE 301.
$SPEC_REM:
DET# 1
DETDESC# MCB 25
AP# Maestro Version 6.05
$DATE_MEA:
03/16/2003 07:59:31
$MEAS_TIM:
192 200
$DATA:
0 1023
       0
       0
       0
       0
       0
       0
       0
       0
       0
       0
       0
       0
       0
       0
       0
       0
       0
     112
     258
     244
     293
     281
     264
     244
     262
     281
     276
     250
     289
     281
     294
     261
     269
     299
     263
     262
     254
     270
     310
     247
     291
     273
     290
     304
     284
     300
     268
     281
     288
     304
     315
     275
     303
     299
     294
     332
     321
     295
     273
     311
     286
     288
     325
     307
     311
     295
     323
     296
     323
     341
     317
     313
     318
     308
     323
     322
     341
     308
     342
     351
     373
     365
     350
     381
     372
     390
     360
     420
     433
     422
     424
     429
     461
     419
     467
     485
     434
     442
     422
     474
     474
     462
     520
     511
     486
     489
     503
     547
     573
     476
     551
     511
     521
     560
     511
     581
     544
     532
     595
     549
     564
     581
     555
     574
     542
     579
     591
     631
     571
     603
     566
     613
     632
     636
     632
     612
     641
     647
     632
     620
     617
     669
     672
     651
     647
     623
     636
     617
     636
     696
     684
     706
     679
     635
     672
     703
     701
     681
     662
     646
     584
     761
     652
     657
     644
     672
     654
     622
     692
     671
     643
     683
     678
     673
     633
     667
     690
     634
     659
     667
     695
     667
     674
     651
     706
     698
     641
     687
     668
     648
     650
     633
     699
     669
     729
     741
     680
     681
     733
     704
     697
     676
     707
     726
     735
     740
     760
     769
     737
     750
     802
     793
     788
     849
     830
     773
     762
     787
     768
     741
     819
     756
     778
     733
     759
     786
     732
     748
     712
     721
     663
     672
     702
     741
     670
     681
     664
     658
     623
     660
     655
     601
     636
     617
     599
     639
     607
     625
     594
     674
     596
     629
     666
     625
     623
     589
     576
     588
     532
     608
     574
     607
     607
     562
     558
     565
     535
     558
     536
     558
     570
     567
     541
     562
     564
     517
     534
     534
     534
     529
     513
     545
     547
     508
     512
     473
     498
     533
     481
     502
     478
     517
     487
     498
     493
     497
     442
     461
     422
     502
     467
     454
     449
     464
     415
     458
     438
     490
     464
     442
     457
     441
     440
     458
     407
     424
     438
     413
     416
     415
     423
     416
     367
     387
     398
     418
     428
     414
     416
     413
     414
     388
     409
     394
     412
     401
     376
     397
     403
     378
     376
     411
     378
     393
     362
     356
     396
     394
     379
     401
     377
     381
     392
     336
     416
     374
     429
     344
     386
     358
     358
     372
     342
     369
     317
     343
     317
     365
     339
     348
     314
     351
     327
     348
     347
     329
     268
     323
     313
     300
     278
     315
     291
     294
     296
     278
     286
     299
     287
     261
     254
     257
     254
     228
     227
     224
     232
     258
     218
     226
     244
     207
     227
     207
     202
     212
     231
     191
     182
     197
     218
     174
     209
     220
     193
     198
     171
     187
     161
     207
     199
     179
     189
     162
     177
     184
     153
     154
     168
     166
     161
     186
     176
     164
     160
     181
     160
     166
     153
     181
     172
     158
     155
     133
     137
     144
     152
     148
     155
     168
     151
     142
     161
     146
     169
     137
     146
     147
     131
     138
     138
     173
     131
     130
     160
     135
     135
     138
     142
     128
     163
     155
     151
     144
     138
     143
     131
     140
     144
     156
     140
     134
     174
     145
     144
     138
     141
     131
     129
     155
     110
     134
     144
     142
     144
     128
     136
     134
     135
     128
     115
     120
     145
     125
     132
     141
     134
     135
     142
     153
     130
     135
     142
     124
     138
     124
     129
     131
     142
     154
     148
     147
     174
     148
     151
     173
     183
     168
     184
     190
     151
     204
     182
     190
     215
     224
     239
     243
     255
     278
     298
     299
     291
     301
     359
     367
     362
     405
     401
     432
     451
     495
     530
     501
     553
     588
     615
     632
     676
     728
     712
     743
     804
     833
     904
     900
     898
     983
     996
    1078
    1053
    1108
    1145
    1142
    1249
    1238
    1297
    1284
    1335
    1386
    1336
    1352
    1364
    1441
    1459
    1511
    1377
    1417
    1458
    1449
    1423
    1326
    1368
    1341
    1323
    1309
    1297
    1227
    1234
    1153
    1114
    1118
    1065
    1081
     959
     997
     941
     864
     813
     810
     731
     695
     630
     639
     588
     562
     513
     512
     435
     420
     391
     322
     333
     314
     269
     248
     253
     218
     202
     200
     189
     153
     150
     140
     142
     112
     114
     120
      94
     100
     107
      73
      66
      66
      64
      78
      61
      52
      69
      58
      58
      56
      67
      59
      59
      55
      42
      63
      47
      43
      53
      48
      53
      53
      59
      51
      52
      55
      52
      61
      47
      46
      45
      54
      49
      54
      50
      62
      46
      59
      48
      48
      50
      52
      57
      52
      50
      55
      51
      59
      49
      71
      47
      45
      59
      43
      66
      54
      50
      63
      48
      54
      48
      53
      45
      47
      56
      51
      45
      61
      52
      50
      51
      47
      53
      41
      50
      32
      36
      61
      46
      56
      43
      57
      62
      55
      57
      48
      63
      51
      40
      48
      50
      50
      53
      58
      45
      57
      47
      58
      46
      40
      40
      54
      62
      46
      51
      49
      57
      44
      62
      54
      39
      60
      39
      53
      42
      60
      54
      45
      53
      49
      57
      38
      50
      36
      39
      49
      45
      43
      52
      47
      41
      36
      59
      46
      52
      42
      37
      47
      35
      41
      43
      47
      41
      49
      51
      38
      39
      59
      38
      52
      53
      49
      33
      47
      39
      39
      39
      54
      44
      54
      38
      62
      54
      50
      56
      37
      29
      51
      56
      55
      38
      43
      41
      47
      54
      52
      45
      52
      42
      61
      41
      45
      35
      36
      40
      51
      58
      60
      54
      49
      43
      59
      43
      36
      43
      51
      47
      41
      48
      61
      37
      53
      34
      49
      32
      63
      46
      50
      45
      36
      46
      49
      32
      47
      49
      44
      53
      54
      37
      50
      40
      45
      52
      55
      37
      46
      43
      46
      49
      45
      57
      35
      45
      35
      50
      41
      36
      39
      60
      49
      54
      41
      55
      44
      49
      61
      56
      37
      47
      47
      45
      39
      47
      43
      53
      50
      60
      48
      53
      43
      51
      42
      46
      50
      59
      54
      58
      55
      63
      50
      50
      49
      56
      41
      39
      44
      54
      54
      48
      49
      47
      46
      48
      53
      52
      53
      39
      51
      48
      47
      46
      49
      53
      61
      43
      46
      51
      40
      45
      48
      40
      51
      56
      55
      44
      49
      50
      48
      47
      57
      45
      60
      33
      48
      57
      16
       1
       0
       0
       0
       0
       0
       0
       0
       0
       0
       0
       0
       0
       0
       0
       0
       0
       0
       0
       0
       0
       0
       0
       0
       0
       0
       0
       0
       0
       0
       0
       0
       0
       0
       0
       0
       0
       0
       0
       0
       0
       0
       0
       0
       0
       0
       0
       0
       0
       0
       0
       0
       0
       0
       0
       0
       0
       0
       0
       0
       0
       0
       0
       0
       0
       0
$ROI:
2
95 97
514 605
$PRESETS:
Real Time
200
0
$ENER_FIT:
-289.438599 1.280702
$MCA_CAL:
3
-2.894386E+002 1.280702E+000 0.000000E+000
$SHAPE_CAL:
3
0.000000E+000 0.000000E+000 0.000000E+000
