$SPEC_ID:
MEASURE 716.
$SPEC_REM:
DET# 1
DETDESC# MCB 25
AP# Maestro Version 6.05
$DATE_MEA:
03/17/2003 18:34:31
$MEAS_TIM:
192 200
$DATA:
0 1023
       0
       0
       0
       0
       0
       0
       0
       0
       0
       0
       0
       0
       0
       0
       0
       0
       0
     122
     254
     255
     240
     241
     241
     244
     236
     254
     248
     260
     257
     273
     241
     273
     268
     275
     278
     239
     275
     242
     248
     284
     248
     286
     265
     257
     271
     269
     285
     293
     259
     266
     275
     264
     298
     317
     291
     300
     297
     291
     279
     279
     289
     289
     312
     314
     276
     311
     307
     331
     322
     287
     296
     288
     314
     301
     336
     329
     310
     300
     337
     385
     352
     379
     328
     367
     361
     342
     335
     371
     406
     393
     401
     398
     410
     418
     434
     455
     464
     428
     431
     427
     458
     466
     481
     471
     477
     526
     477
     507
     466
     450
     472
     483
     533
     500
     508
     540
     521
     541
     535
     573
     538
     571
     565
     579
     551
     533
     594
     567
     561
     614
     607
     615
     575
     577
     573
     563
     594
     618
     618
     663
     627
     576
     621
     641
     652
     610
     638
     603
     663
     613
     669
     642
     691
     651
     687
     675
     662
     670
     665
     612
     695
     639
     658
     688
     656
     644
     622
     679
     591
     671
     698
     689
     646
     648
     632
     675
     673
     720
     643
     660
     678
     640
     646
     669
     702
     663
     643
     636
     652
     606
     709
     651
     662
     647
     684
     685
     669
     706
     738
     672
     684
     653
     762
     713
     712
     721
     727
     727
     758
     709
     689
     731
     737
     783
     751
     755
     768
     801
     732
     727
     752
     779
     796
     783
     760
     741
     690
     735
     725
     700
     758
     703
     691
     692
     697
     671
     706
     673
     725
     651
     669
     635
     611
     655
     649
     654
     644
     681
     635
     599
     611
     596
     610
     636
     605
     590
     584
     574
     603
     520
     565
     541
     597
     550
     573
     558
     554
     628
     601
     573
     553
     536
     558
     535
     587
     522
     555
     541
     540
     509
     491
     503
     531
     509
     548
     496
     548
     500
     492
     504
     516
     525
     512
     503
     503
     512
     455
     480
     511
     490
     468
     463
     440
     461
     456
     438
     459
     460
     461
     468
     449
     451
     455
     444
     407
     442
     436
     394
     376
     446
     416
     474
     421
     439
     414
     432
     410
     412
     430
     405
     439
     413
     438
     424
     397
     401
     409
     404
     401
     346
     365
     388
     370
     407
     383
     387
     382
     362
     396
     379
     387
     388
     372
     383
     388
     369
     375
     357
     389
     358
     377
     412
     394
     333
     350
     371
     368
     328
     319
     355
     342
     344
     326
     349
     349
     352
     353
     327
     330
     298
     330
     311
     312
     315
     323
     339
     302
     285
     287
     269
     305
     273
     259
     265
     240
     248
     278
     244
     227
     266
     239
     246
     248
     240
     213
     240
     244
     231
     199
     214
     209
     213
     216
     207
     212
     236
     210
     214
     184
     203
     192
     177
     186
     172
     190
     175
     197
     185
     181
     183
     201
     200
     180
     184
     173
     197
     161
     159
     165
     161
     179
     168
     169
     178
     170
     157
     154
     158
     143
     135
     159
     135
     152
     174
     151
     144
     155
     116
     167
     144
     150
     156
     148
     141
     156
     134
     153
     154
     142
     156
     147
     173
     140
     145
     136
     143
     138
     134
     133
     137
     141
     142
     110
     114
     119
     149
     153
     142
     148
     134
     144
     144
     127
     147
     123
     135
     123
     123
     136
     150
     116
     142
     134
     130
     114
     134
     152
     127
     141
     127
     123
     150
     146
     128
     132
     137
     123
     133
     131
     135
     132
     144
     146
     140
     150
     142
     161
     171
     154
     132
     161
     152
     146
     146
     159
     176
     166
     159
     179
     177
     202
     187
     188
     175
     181
     222
     243
     212
     241
     251
     256
     279
     306
     316
     321
     340
     331
     383
     409
     426
     468
     440
     470
     538
     562
     552
     593
     664
     602
     650
     723
     797
     788
     797
     815
     888
     968
     924
    1006
    1074
    1080
    1093
    1076
    1170
    1227
    1211
    1283
    1240
    1210
    1394
    1363
    1355
    1327
    1398
    1414
    1384
    1373
    1436
    1337
    1313
    1324
    1331
    1346
    1310
    1296
    1379
    1205
    1222
    1246
    1086
    1160
    1084
    1085
    1043
     937
     936
     897
     881
     811
     784
     759
     718
     667
     717
     595
     548
     487
     501
     492
     431
     382
     360
     345
     350
     322
     245
     231
     224
     237
     218
     177
     185
     160
     149
     133
     114
     129
     108
      95
     100
      91
      82
      73
      54
      65
      72
      51
      70
      71
      57
      66
      51
      74
      68
      57
      57
      52
      54
      54
      54
      52
      46
      47
      54
      65
      61
      54
      49
      49
      71
      49
      57
      49
      49
      53
      56
      58
      57
      45
      50
      52
      52
      53
      47
      42
      48
      48
      37
      57
      51
      63
      58
      40
      61
      52
      36
      46
      56
      60
      42
      54
      43
      42
      50
      45
      49
      56
      45
      49
      46
      49
      54
      52
      44
      38
      52
      47
      50
      50
      42
      38
      46
      43
      42
      49
      51
      45
      47
      68
      55
      50
      53
      40
      43
      53
      59
      45
      45
      59
      50
      44
      42
      36
      46
      50
      50
      54
      37
      42
      52
      47
      45
      67
      43
      46
      57
      39
      43
      48
      49
      30
      40
      46
      47
      58
      58
      51
      44
      50
      36
      44
      46
      46
      48
      34
      48
      45
      55
      41
      50
      36
      49
      47
      43
      47
      46
      52
      44
      50
      40
      49
      43
      40
      49
      40
      52
      52
      43
      57
      49
      41
      51
      49
      48
      45
      65
      58
      44
      45
      45
      48
      51
      38
      48
      55
      49
      40
      35
      35
      45
      49
      58
      34
      59
      53
      34
      55
      51
      49
      43
      52
      36
      54
      42
      54
      51
      45
      41
      52
      48
      56
      41
      45
      49
      47
      42
      44
      47
      43
      46
      56
      54
      53
      49
      58
      47
      50
      52
      42
      49
      61
      50
      51
      47
      49
      63
      47
      53
      51
      52
      56
      43
      40
      53
      44
      50
      47
      51
      44
      39
      49
      60
      42
      59
      48
      57
      51
      50
      42
      37
      50
      49
      59
      58
      58
      49
      49
      49
      39
      42
      51
      53
      48
      42
      54
      39
      63
      42
      42
      36
      51
      43
      42
      43
      58
      42
      42
      56
      41
      54
      47
      38
      50
      46
      43
      45
      53
      41
      38
      49
      51
      60
      53
      43
      52
      33
      56
      55
      48
      46
      45
      49
      55
      43
      54
      63
      57
      26
       1
       0
       0
       0
       0
       0
       0
       0
       0
       0
       0
       0
       0
       0
       0
       0
       0
       0
       0
       0
       0
       0
       0
       0
       0
       0
       0
       0
       0
       0
       0
       0
       0
       0
       0
       0
       0
       0
       0
       0
       0
       0
       0
       0
       0
       0
       0
       0
       0
       0
       0
       0
       0
       0
       0
       0
       0
       0
       0
       0
       0
       0
       0
       0
       0
       0
$ROI:
2
95 97
514 605
$PRESETS:
Real Time
200
0
$ENER_FIT:
-289.438599 1.280702
$MCA_CAL:
3
-2.894386E+002 1.280702E+000 0.000000E+000
$SHAPE_CAL:
3
0.000000E+000 0.000000E+000 0.000000E+000
