$SPEC_ID:
MEASURE 135.
$SPEC_REM:
DET# 1
DETDESC# MCB 25
AP# Maestro Version 6.05
$DATE_MEA:
03/15/2003 18:09:31
$MEAS_TIM:
192 200
$DATA:
0 1023
       0
       0
       0
       0
       0
       0
       0
       0
       0
       0
       0
       0
       0
       0
       0
       0
       0
     121
     257
     239
     283
     255
     285
     278
     265
     270
     256
     253
     253
     280
     285
     277
     288
     300
     260
     286
     291
     282
     270
     319
     265
     319
     279
     282
     284
     272
     303
     260
     310
     293
     291
     290
     307
     312
     272
     303
     275
     334
     294
     281
     316
     305
     310
     324
     326
     320
     335
     293
     313
     317
     323
     300
     331
     361
     313
     331
     349
     347
     390
     361
     390
     385
     360
     362
     375
     448
     399
     431
     420
     397
     413
     458
     439
     441
     412
     475
     488
     479
     473
     486
     499
     507
     491
     518
     503
     518
     504
     564
     480
     505
     570
     509
     547
     562
     559
     522
     604
     563
     565
     570
     553
     594
     602
     564
     646
     546
     605
     642
     652
     613
     642
     633
     645
     643
     660
     604
     635
     629
     663
     627
     631
     672
     627
     682
     662
     669
     677
     655
     661
     640
     645
     702
     675
     678
     664
     648
     711
     639
     708
     629
     706
     687
     680
     674
     744
     639
     685
     672
     716
     681
     708
     656
     663
     669
     664
     706
     654
     649
     668
     662
     665
     653
     646
     637
     652
     656
     716
     693
     670
     728
     699
     699
     707
     687
     705
     713
     720
     781
     711
     783
     749
     754
     755
     750
     778
     724
     768
     773
     838
     786
     777
     812
     808
     777
     781
     773
     809
     780
     752
     783
     777
     745
     757
     775
     724
     716
     676
     759
     733
     676
     684
     667
     710
     662
     650
     667
     677
     682
     666
     622
     608
     644
     685
     634
     633
     631
     643
     593
     594
     624
     589
     584
     602
     622
     592
     599
     585
     581
     617
     594
     587
     617
     545
     623
     573
     574
     563
     608
     592
     527
     556
     561
     539
     551
     537
     529
     534
     527
     548
     527
     502
     499
     517
     509
     469
     508
     518
     497
     477
     516
     449
     489
     492
     473
     437
     475
     465
     495
     447
     476
     479
     444
     460
     426
     443
     435
     457
     428
     429
     460
     444
     397
     449
     420
     442
     424
     431
     372
     419
     410
     400
     390
     404
     434
     433
     425
     389
     407
     359
     388
     380
     402
     380
     380
     392
     389
     410
     416
     417
     390
     396
     389
     365
     428
     426
     379
     381
     354
     378
     367
     370
     396
     385
     370
     361
     336
     359
     352
     376
     338
     322
     308
     344
     357
     350
     364
     323
     343
     313
     322
     338
     354
     341
     334
     347
     292
     294
     274
     273
     286
     284
     311
     310
     270
     309
     293
     259
     265
     254
     225
     242
     277
     248
     255
     205
     222
     222
     221
     220
     218
     212
     196
     217
     230
     227
     208
     213
     215
     203
     179
     205
     194
     194
     199
     209
     195
     189
     214
     155
     167
     196
     193
     148
     184
     170
     163
     196
     166
     160
     158
     159
     170
     179
     170
     143
     145
     155
     174
     176
     137
     163
     148
     133
     159
     166
     140
     179
     151
     123
     156
     149
     157
     140
     170
     159
     149
     144
     137
     132
     139
     143
     146
     140
     133
     132
     158
     137
     137
     148
     140
     150
     134
     125
     143
     141
     117
     153
     131
     156
     143
     132
     157
     157
     111
     156
     135
     138
     141
     113
     117
     146
     140
     154
     130
     151
     146
     123
     128
     151
     129
     145
     149
     135
     127
     129
     177
     137
     154
     166
     123
     139
     137
     156
     137
     172
     152
     159
     155
     158
     173
     170
     181
     167
     191
     185
     197
     193
     225
     215
     239
     208
     257
     253
     267
     272
     303
     340
     341
     349
     398
     388
     416
     460
     463
     469
     480
     484
     572
     602
     636
     626
     669
     742
     757
     819
     834
     885
     886
     916
     967
     969
     979
    1084
    1078
    1202
    1131
    1223
    1296
    1232
    1343
    1302
    1358
    1343
    1389
    1408
    1451
    1416
    1445
    1418
    1541
    1403
    1400
    1430
    1390
    1382
    1348
    1336
    1363
    1269
    1273
    1265
    1199
    1157
    1112
    1071
    1038
    1036
     898
     886
     878
     868
     757
     774
     751
     661
     594
     625
     540
     518
     512
     456
     382
     382
     384
     344
     320
     271
     262
     255
     224
     210
     221
     181
     180
     142
     147
     117
     119
     118
     109
     125
     105
      86
      98
      74
      81
      60
      67
      71
      56
      59
      57
      67
      58
      52
      63
      56
      52
      55
      51
      45
      55
      59
      63
      51
      41
      51
      57
      50
      50
      53
      57
      62
      58
      51
      56
      53
      66
      66
      59
      59
      51
      67
      55
      46
      48
      54
      44
      47
      47
      59
      52
      53
      64
      58
      62
      64
      58
      57
      60
      53
      50
      51
      51
      56
      65
      65
      49
      47
      56
      57
      62
      54
      43
      47
      47
      39
      59
      57
      53
      51
      56
      43
      52
      54
      34
      47
      45
      53
      50
      54
      50
      36
      48
      50
      49
      56
      51
      48
      52
      41
      46
      52
      45
      58
      48
      44
      52
      56
      49
      62
      46
      62
      62
      41
      66
      42
      44
      55
      55
      42
      55
      50
      38
      47
      51
      59
      53
      43
      55
      57
      46
      54
      55
      58
      32
      52
      35
      43
      56
      44
      55
      32
      52
      53
      48
      52
      58
      55
      40
      48
      38
      40
      42
      53
      33
      48
      44
      44
      53
      37
      53
      47
      53
      40
      38
      40
      40
      51
      38
      56
      49
      58
      48
      37
      47
      46
      41
      44
      49
      61
      37
      51
      50
      52
      51
      34
      39
      46
      49
      43
      35
      40
      53
      55
      45
      46
      52
      39
      39
      45
      47
      35
      45
      41
      48
      45
      45
      38
      49
      40
      44
      50
      52
      38
      48
      46
      57
      58
      53
      38
      56
      54
      37
      55
      41
      51
      55
      57
      50
      49
      45
      40
      40
      52
      46
      48
      51
      40
      54
      58
      59
      56
      54
      44
      44
      59
      53
      54
      64
      37
      41
      35
      52
      44
      40
      48
      36
      45
      46
      44
      45
      53
      45
      51
      52
      32
      57
      44
      53
      49
      52
      46
      51
      35
      47
      54
      58
      63
      46
      49
      47
      35
      46
      53
      39
      40
      56
      47
      38
      56
      41
      56
      50
      57
      52
      45
      53
      40
      46
      42
      49
      58
      56
      62
      42
      55
      52
      56
      60
      52
      52
      46
      56
      50
      44
      54
      46
      55
      41
      40
      45
      49
      45
      37
      50
      45
      29
       1
       0
       0
       0
       0
       0
       0
       0
       0
       0
       0
       0
       0
       0
       0
       0
       0
       0
       0
       0
       0
       0
       0
       0
       0
       0
       0
       0
       0
       0
       0
       0
       0
       0
       0
       0
       0
       0
       0
       0
       0
       0
       0
       0
       0
       0
       0
       0
       0
       0
       0
       0
       0
       0
       0
       0
       0
       0
       0
       0
       0
       0
       0
       0
       0
       0
$ROI:
2
95 97
514 605
$PRESETS:
Real Time
200
0
$ENER_FIT:
-289.438599 1.280702
$MCA_CAL:
3
-2.894386E+002 1.280702E+000 0.000000E+000
$SHAPE_CAL:
3
0.000000E+000 0.000000E+000 0.000000E+000
