$SPEC_ID:
MEASURE 477.
$SPEC_REM:
DET# 1
DETDESC# MCB 25
AP# Maestro Version 6.05
$DATE_MEA:
03/16/2003 22:39:31
$MEAS_TIM:
192 200
$DATA:
0 1023
       0
       0
       0
       0
       0
       0
       0
       0
       0
       0
       0
       0
       0
       0
       0
       0
       0
     115
     218
     247
     236
     234
     266
     243
     236
     283
     231
     274
     248
     225
     262
     266
     271
     291
     277
     285
     254
     292
     300
     289
     277
     263
     297
     285
     280
     283
     277
     308
     301
     289
     270
     313
     242
     312
     296
     339
     294
     293
     294
     284
     293
     291
     303
     297
     294
     315
     302
     273
     320
     305
     312
     301
     307
     321
     324
     309
     338
     336
     342
     347
     352
     357
     368
     384
     344
     363
     357
     411
     388
     409
     403
     421
     439
     438
     418
     429
     438
     445
     435
     428
     457
     445
     494
     466
     482
     496
     527
     507
     464
     537
     544
     543
     532
     534
     526
     550
     509
     537
     538
     541
     544
     611
     602
     537
     547
     571
     537
     568
     572
     582
     591
     592
     615
     583
     617
     632
     572
     546
     611
     659
     611
     644
     627
     629
     654
     612
     663
     611
     685
     640
     624
     647
     658
     631
     647
     616
     598
     642
     701
     650
     657
     658
     667
     647
     666
     647
     678
     677
     673
     678
     665
     659
     685
     609
     668
     662
     661
     617
     647
     656
     682
     641
     660
     626
     694
     676
     641
     690
     688
     698
     670
     649
     693
     738
     704
     685
     703
     673
     701
     729
     672
     681
     726
     726
     718
     771
     750
     706
     714
     717
     755
     785
     761
     751
     743
     774
     698
     722
     806
     775
     722
     713
     760
     707
     719
     772
     723
     762
     769
     695
     703
     772
     716
     689
     666
     711
     693
     685
     689
     697
     609
     643
     616
     658
     631
     615
     621
     626
     643
     603
     629
     601
     596
     601
     611
     576
     558
     633
     605
     560
     626
     540
     592
     595
     549
     573
     574
     586
     603
     561
     565
     558
     529
     580
     524
     582
     528
     537
     534
     563
     552
     536
     499
     510
     487
     523
     519
     519
     462
     460
     537
     494
     481
     463
     498
     457
     502
     495
     465
     452
     459
     479
     465
     456
     472
     492
     460
     448
     469
     442
     446
     417
     464
     426
     438
     461
     454
     418
     412
     423
     422
     411
     426
     416
     403
     413
     400
     394
     416
     411
     452
     425
     395
     385
     413
     363
     361
     364
     378
     381
     396
     397
     372
     412
     369
     359
     349
     424
     403
     367
     381
     361
     395
     376
     381
     340
     374
     400
     394
     370
     343
     385
     384
     383
     374
     353
     353
     359
     378
     362
     334
     349
     351
     322
     336
     311
     321
     332
     330
     330
     344
     305
     303
     355
     333
     280
     278
     285
     296
     288
     290
     290
     294
     274
     271
     262
     251
     241
     245
     236
     234
     227
     254
     256
     203
     212
     231
     235
     241
     207
     215
     199
     199
     194
     193
     190
     212
     198
     190
     184
     202
     204
     199
     184
     207
     193
     180
     187
     147
     167
     182
     164
     154
     176
     188
     163
     160
     162
     151
     167
     171
     179
     169
     159
     170
     148
     155
     147
     143
     176
     161
     158
     137
     137
     159
     168
     146
     138
     163
     160
     166
     144
     145
     156
     168
     154
     162
     140
     134
     167
     163
     150
     145
     148
     144
     124
     146
     150
     142
     133
     131
     126
     115
     124
     143
     136
     130
     143
     150
     113
     111
     141
     126
     160
     132
     118
     160
     144
     133
     133
     144
     128
     131
     134
     116
     125
     135
     136
     153
     120
     106
     151
     116
     135
     142
     124
     136
     128
     139
     107
     149
     144
     146
     124
     163
     139
     145
     135
     150
     182
     124
     149
     167
     183
     202
     160
     198
     198
     188
     182
     219
     227
     217
     245
     240
     251
     279
     274
     272
     294
     334
     350
     382
     400
     431
     416
     515
     499
     479
     539
     541
     581
     570
     606
     670
     738
     770
     783
     769
     825
     918
     931
     977
     970
    1023
    1000
    1074
    1144
    1132
    1142
    1186
    1234
    1218
    1314
    1286
    1381
    1292
    1328
    1327
    1361
    1391
    1406
    1406
    1363
    1320
    1371
    1417
    1311
    1352
    1310
    1265
    1289
    1223
    1208
    1240
    1131
    1168
    1077
    1088
     975
     987
     900
     905
     882
     839
     812
     723
     705
     635
     607
     584
     490
     538
     471
     476
     419
     383
     341
     320
     338
     299
     271
     276
     234
     188
     211
     182
     188
     155
     162
     121
     121
     108
     102
     114
      98
      93
      79
      82
      59
      79
      57
      60
      61
      48
      61
      58
      67
      63
      64
      64
      48
      50
      45
      51
      55
      48
      43
      50
      54
      51
      43
      49
      56
      64
      53
      41
      54
      41
      58
      59
      56
      47
      58
      49
      50
      42
      46
      48
      60
      59
      57
      45
      61
      48
      52
      69
      41
      52
      43
      50
      56
      57
      50
      53
      48
      61
      55
      40
      57
      47
      49
      51
      41
      50
      42
      53
      44
      48
      51
      53
      45
      44
      52
      57
      36
      53
      51
      47
      62
      51
      41
      35
      36
      36
      56
      55
      50
      45
      46
      49
      28
      51
      48
      46
      73
      56
      41
      48
      52
      54
      43
      41
      49
      67
      50
      51
      59
      71
      57
      30
      41
      41
      40
      33
      43
      41
      57
      27
      56
      42
      34
      47
      57
      41
      50
      54
      47
      40
      45
      47
      41
      46
      43
      50
      53
      47
      44
      35
      50
      40
      38
      48
      45
      55
      45
      33
      54
      64
      59
      56
      48
      52
      49
      45
      47
      50
      42
      45
      48
      50
      36
      50
      38
      46
      42
      49
      50
      52
      45
      45
      31
      50
      54
      48
      47
      56
      39
      47
      44
      47
      57
      46
      46
      45
      32
      40
      45
      48
      43
      50
      46
      51
      42
      62
      35
      39
      38
      37
      48
      51
      48
      47
      47
      52
      47
      48
      55
      48
      44
      52
      53
      48
      36
      42
      41
      52
      59
      54
      48
      49
      38
      56
      42
      44
      41
      47
      40
      47
      58
      38
      49
      53
      50
      40
      48
      47
      51
      43
      54
      55
      47
      42
      39
      65
      49
      46
      55
      53
      52
      47
      46
      42
      45
      56
      34
      52
      47
      50
      47
      38
      54
      56
      38
      47
      51
      55
      48
      51
      31
      54
      40
      54
      55
      51
      45
      59
      53
      40
      43
      56
      44
      43
      43
      43
      34
      59
      43
      45
      32
      50
      48
      68
      44
      42
      57
      55
      52
      51
      59
      51
      48
      47
      60
      47
      42
      49
      33
       0
       0
       0
       0
       0
       0
       0
       0
       0
       0
       0
       0
       0
       0
       0
       0
       0
       0
       0
       0
       0
       0
       0
       0
       0
       0
       0
       0
       0
       0
       0
       0
       0
       0
       0
       0
       0
       0
       0
       0
       0
       0
       0
       0
       0
       0
       0
       0
       0
       0
       0
       0
       0
       0
       0
       0
       0
       0
       0
       0
       0
       0
       0
       0
       0
       0
$ROI:
2
95 97
514 605
$PRESETS:
Real Time
200
0
$ENER_FIT:
-289.438599 1.280702
$MCA_CAL:
3
-2.894386E+002 1.280702E+000 0.000000E+000
$SHAPE_CAL:
3
0.000000E+000 0.000000E+000 0.000000E+000
