$SPEC_ID:
MEASURE 450.
$SPEC_REM:
DET# 1
DETDESC# MCB 25
AP# Maestro Version 6.05
$DATE_MEA:
03/16/2003 20:24:31
$MEAS_TIM:
192 200
$DATA:
0 1023
       0
       0
       0
       0
       0
       0
       0
       0
       0
       0
       0
       0
       0
       0
       0
       0
       0
     103
     218
     250
     240
     267
     252
     253
     230
     276
     247
     271
     261
     291
     283
     284
     244
     241
     264
     262
     242
     260
     296
     262
     284
     277
     308
     299
     243
     283
     273
     271
     267
     295
     283
     269
     281
     267
     293
     301
     278
     316
     304
     283
     292
     327
     267
     351
     291
     303
     248
     299
     310
     303
     334
     315
     314
     312
     347
     306
     318
     330
     370
     341
     332
     371
     365
     355
     352
     417
     371
     374
     399
     425
     427
     459
     395
     411
     439
     430
     423
     458
     434
     460
     460
     444
     516
     526
     494
     487
     468
     508
     489
     531
     474
     497
     544
     565
     560
     533
     561
     555
     510
     556
     554
     542
     575
     564
     561
     593
     583
     568
     618
     588
     579
     609
     603
     628
     597
     615
     593
     623
     619
     625
     657
     647
     628
     642
     661
     642
     611
     648
     668
     658
     675
     670
     619
     670
     658
     624
     657
     641
     683
     661
     642
     684
     621
     696
     678
     654
     649
     648
     686
     614
     658
     657
     665
     733
     690
     650
     643
     667
     636
     678
     718
     681
     650
     641
     664
     662
     680
     611
     641
     671
     714
     696
     685
     720
     671
     691
     715
     713
     728
     670
     706
     702
     713
     687
     764
     822
     720
     759
     715
     741
     740
     724
     764
     808
     748
     796
     784
     750
     763
     747
     760
     751
     787
     751
     744
     749
     748
     685
     723
     717
     705
     744
     733
     679
     639
     680
     665
     660
     639
     649
     671
     572
     625
     585
     643
     665
     610
     610
     602
     627
     592
     615
     612
     597
     617
     587
     587
     597
     585
     574
     554
     563
     631
     577
     566
     537
     560
     588
     594
     531
     527
     581
     540
     538
     568
     582
     549
     557
     533
     511
     508
     571
     541
     522
     562
     511
     528
     498
     525
     492
     498
     472
     486
     480
     477
     489
     493
     463
     454
     487
     466
     515
     441
     470
     462
     476
     462
     438
     423
     419
     418
     457
     457
     430
     447
     404
     417
     415
     472
     409
     413
     432
     408
     424
     391
     406
     379
     429
     402
     418
     412
     380
     390
     390
     412
     399
     388
     434
     356
     394
     373
     403
     427
     405
     365
     377
     384
     393
     357
     368
     365
     365
     369
     355
     345
     400
     372
     359
     375
     364
     341
     375
     325
     347
     400
     372
     378
     349
     364
     336
     341
     341
     357
     386
     316
     336
     331
     360
     304
     306
     315
     292
     275
     307
     279
     272
     299
     280
     261
     265
     268
     299
     306
     255
     270
     255
     261
     245
     232
     253
     254
     221
     240
     235
     240
     237
     190
     207
     221
     214
     214
     221
     225
     232
     226
     202
     198
     197
     197
     206
     185
     184
     177
     192
     201
     160
     195
     196
     215
     181
     190
     178
     177
     165
     167
     174
     188
     169
     148
     191
     146
     180
     161
     149
     146
     166
     159
     149
     180
     164
     146
     159
     159
     153
     147
     144
     142
     143
     136
     151
     130
     136
     150
     162
     155
     144
     135
     135
     161
     153
     156
     112
     136
     137
     137
     134
     123
     130
     143
     142
     128
     131
     139
     131
     147
     118
     128
     133
     132
     122
     134
     133
     130
     110
     146
     144
     143
     140
     133
     136
     121
     140
     131
     142
     158
     135
     128
     148
     135
     138
     147
     121
     145
     137
     126
     141
     135
     120
     133
     131
     135
     131
     167
     149
     159
     161
     144
     156
     172
     151
     154
     146
     170
     184
     201
     170
     183
     172
     183
     187
     194
     232
     232
     241
     236
     261
     285
     291
     310
     328
     335
     344
     393
     393
     393
     439
     480
     498
     494
     561
     571
     606
     679
     700
     715
     739
     779
     776
     850
     880
     855
     900
     945
     991
    1023
    1041
    1114
    1155
    1221
    1176
    1216
    1303
    1305
    1360
    1323
    1332
    1405
    1372
    1435
    1340
    1351
    1450
    1428
    1401
    1412
    1364
    1449
    1385
    1298
    1288
    1293
    1200
    1227
    1164
    1149
    1192
    1115
    1040
    1045
    1001
     889
     898
     880
     806
     727
     747
     699
     665
     601
     591
     591
     515
     505
     425
     414
     383
     357
     345
     300
     274
     246
     242
     187
     231
     201
     189
     170
     165
     130
     153
     126
      97
      97
     100
     101
      86
      77
      90
      83
      76
      62
      75
      60
      43
      51
      54
      55
      54
      60
      56
      59
      58
      49
      60
      46
      53
      56
      46
      56
      46
      51
      57
      43
      47
      61
      45
      65
      68
      37
      53
      58
      62
      55
      63
      63
      64
      49
      43
      72
      50
      47
      54
      45
      49
      71
      45
      44
      50
      61
      47
      65
      52
      57
      50
      50
      56
      51
      42
      55
      56
      49
      38
      47
      39
      46
      49
      59
      48
      51
      41
      61
      40
      38
      48
      42
      61
      60
      54
      44
      41
      48
      30
      54
      44
      56
      60
      52
      57
      47
      45
      45
      54
      42
      62
      48
      50
      53
      49
      45
      48
      53
      57
      52
      56
      35
      62
      38
      55
      50
      52
      48
      57
      45
      45
      37
      47
      50
      46
      40
      43
      52
      46
      55
      45
      48
      47
      48
      36
      47
      39
      49
      51
      44
      41
      49
      46
      44
      39
      56
      44
      52
      47
      32
      40
      38
      42
      50
      52
      46
      42
      56
      49
      47
      53
      50
      53
      45
      44
      39
      44
      44
      52
      46
      49
      42
      45
      50
      46
      46
      42
      46
      54
      37
      41
      46
      51
      35
      46
      50
      48
      46
      55
      43
      35
      43
      52
      37
      46
      48
      44
      57
      50
      38
      45
      55
      44
      48
      32
      55
      44
      35
      40
      47
      49
      46
      51
      41
      49
      37
      37
      41
      47
      44
      48
      43
      39
      50
      57
      63
      41
      65
      48
      52
      41
      51
      43
      41
      45
      35
      58
      49
      55
      39
      48
      49
      58
      56
      38
      65
      44
      51
      47
      44
      43
      49
      47
      39
      55
      52
      53
      51
      59
      55
      51
      47
      50
      50
      51
      40
      50
      44
      38
      47
      38
      39
      53
      47
      49
      54
      49
      58
      50
      44
      48
      45
      64
      48
      57
      50
      49
      54
      58
      48
      59
      41
      48
      53
      50
      53
      53
      52
      51
      38
      66
      55
      46
      46
      55
      43
      56
      61
      46
      42
      54
      50
      56
      50
      26
       0
       0
       0
       0
       0
       0
       0
       0
       0
       0
       0
       0
       0
       0
       0
       0
       0
       0
       0
       0
       0
       0
       0
       0
       0
       0
       0
       0
       0
       0
       0
       0
       0
       0
       0
       0
       0
       0
       0
       0
       0
       0
       0
       0
       0
       0
       0
       0
       0
       0
       0
       0
       0
       0
       0
       0
       0
       0
       0
       0
       0
       0
       0
       0
       0
       0
$ROI:
2
95 97
514 605
$PRESETS:
Real Time
200
0
$ENER_FIT:
-289.438599 1.280702
$MCA_CAL:
3
-2.894386E+002 1.280702E+000 0.000000E+000
$SHAPE_CAL:
3
0.000000E+000 0.000000E+000 0.000000E+000
