$SPEC_ID:
MEASURE 162.
$SPEC_REM:
DET# 1
DETDESC# MCB 25
AP# Maestro Version 6.05
$DATE_MEA:
03/15/2003 20:24:31
$MEAS_TIM:
192 200
$DATA:
0 1023
       0
       0
       0
       0
       0
       0
       0
       0
       0
       0
       0
       0
       0
       0
       0
       0
       0
     123
     238
     237
     252
     276
     249
     217
     247
     262
     264
     240
     267
     247
     247
     292
     276
     292
     269
     260
     286
     268
     287
     279
     303
     280
     265
     289
     287
     310
     261
     272
     296
     248
     286
     297
     280
     294
     265
     317
     293
     334
     262
     307
     322
     295
     288
     303
     319
     287
     325
     310
     316
     304
     347
     350
     316
     329
     305
     356
     394
     351
     360
     363
     396
     348
     394
     402
     384
     397
     388
     388
     438
     436
     467
     407
     432
     462
     490
     440
     449
     476
     484
     470
     479
     459
     500
     523
     497
     471
     534
     519
     521
     520
     545
     556
     501
     529
     557
     564
     578
     558
     557
     595
     585
     594
     535
     556
     584
     639
     576
     546
     597
     604
     624
     639
     630
     647
     590
     616
     614
     659
     657
     656
     629
     639
     670
     651
     676
     624
     670
     604
     668
     696
     653
     712
     695
     661
     618
     700
     707
     680
     657
     635
     681
     654
     684
     663
     686
     649
     688
     685
     656
     639
     700
     674
     630
     648
     669
     665
     707
     660
     662
     652
     626
     713
     669
     667
     740
     646
     630
     643
     663
     730
     693
     674
     738
     704
     700
     682
     658
     705
     708
     758
     731
     738
     770
     752
     772
     789
     731
     741
     756
     755
     802
     832
     776
     809
     819
     795
     763
     717
     797
     755
     748
     767
     758
     753
     769
     695
     704
     737
     712
     753
     732
     737
     677
     707
     741
     705
     711
     669
     669
     610
     653
     636
     638
     620
     612
     625
     639
     605
     619
     618
     570
     567
     613
     604
     591
     587
     618
     590
     634
     560
     565
     572
     554
     611
     582
     548
     572
     571
     525
     575
     567
     567
     543
     550
     545
     508
     538
     509
     545
     554
     492
     487
     495
     508
     537
     526
     492
     524
     507
     492
     504
     477
     497
     514
     477
     502
     458
     446
     448
     464
     475
     408
     450
     471
     469
     473
     419
     427
     444
     430
     440
     441
     420
     450
     424
     438
     397
     417
     426
     417
     428
     418
     436
     425
     372
     407
     415
     402
     394
     395
     405
     439
     370
     421
     412
     405
     404
     400
     401
     423
     389
     375
     404
     383
     391
     366
     385
     373
     390
     386
     401
     380
     397
     387
     333
     346
     363
     400
     361
     358
     369
     357
     334
     386
     343
     337
     360
     343
     319
     309
     332
     331
     329
     313
     319
     314
     273
     276
     293
     285
     268
     292
     269
     299
     259
     243
     247
     232
     261
     244
     254
     269
     246
     243
     233
     252
     240
     232
     220
     213
     217
     199
     204
     203
     193
     207
     219
     218
     203
     208
     211
     212
     213
     191
     186
     170
     224
     175
     204
     186
     186
     162
     212
     171
     178
     154
     180
     173
     164
     185
     173
     177
     160
     164
     152
     172
     157
     151
     157
     150
     163
     145
     164
     145
     161
     159
     144
     153
     160
     149
     140
     161
     141
     151
     123
     169
     143
     133
     151
     140
     139
     156
     161
     148
     166
     148
     139
     140
     152
     139
     116
     129
     133
     139
     143
     123
     151
     148
     151
     156
     130
     149
     123
     116
     133
     143
     125
     105
     142
     140
     126
     151
     134
     143
     149
     122
     140
     128
     130
     141
     145
     136
     112
     139
     138
     146
     148
     130
     142
     156
     134
     132
     146
     158
     142
     141
     160
     152
     140
     171
     169
     146
     143
     186
     159
     159
     196
     188
     214
     252
     215
     218
     247
     243
     289
     259
     291
     261
     312
     338
     328
     381
     411
     410
     445
     459
     495
     491
     528
     601
     603
     597
     615
     704
     723
     718
     797
     855
     831
     858
     918
     990
    1025
     978
    1136
    1174
    1188
    1180
    1251
    1237
    1166
    1261
    1311
    1292
    1318
    1352
    1425
    1388
    1430
    1389
    1422
    1479
    1390
    1351
    1363
    1423
    1379
    1371
    1359
    1269
    1276
    1281
    1210
    1183
    1140
    1066
    1058
    1011
    1006
     956
     946
     808
     888
     784
     725
     720
     682
     604
     563
     540
     543
     507
     461
     419
     415
     371
     362
     317
     290
     287
     222
     245
     199
     186
     172
     156
     157
     149
     107
     121
     104
     105
      85
     103
      87
      75
      76
      64
      59
      69
      61
      61
      62
      63
      65
      61
      59
      53
      61
      51
      49
      61
      50
      54
      61
      52
      43
      62
      73
      50
      52
      69
      49
      49
      57
      62
      46
      41
      50
      53
      53
      62
      57
      57
      42
      64
      47
      38
      60
      53
      45
      38
      47
      57
      44
      54
      55
      55
      46
      40
      53
      48
      46
      63
      38
      43
      47
      49
      48
      55
      45
      55
      35
      53
      52
      46
      46
      44
      57
      40
      58
      46
      49
      55
      54
      45
      53
      37
      39
      47
      55
      48
      45
      47
      46
      45
      42
      47
      55
      52
      40
      47
      44
      47
      35
      43
      46
      41
      40
      45
      42
      56
      56
      70
      50
      51
      42
      46
      45
      51
      59
      43
      49
      47
      40
      41
      47
      50
      48
      44
      63
      61
      49
      48
      52
      51
      57
      40
      41
      47
      49
      47
      50
      36
      43
      40
      55
      51
      45
      41
      37
      40
      50
      45
      47
      39
      35
      54
      38
      40
      48
      44
      38
      53
      56
      33
      50
      51
      45
      49
      41
      50
      62
      47
      67
      51
      33
      42
      41
      59
      42
      34
      51
      36
      54
      50
      42
      45
      47
      29
      42
      36
      34
      52
      45
      53
      49
      67
      30
      44
      53
      57
      56
      45
      46
      42
      43
      40
      39
      53
      53
      59
      51
      45
      63
      48
      45
      53
      40
      60
      42
      34
      50
      51
      57
      43
      48
      51
      38
      56
      52
      41
      50
      51
      34
      64
      50
      50
      68
      55
      44
      59
      59
      51
      55
      38
      46
      55
      44
      57
      58
      63
      46
      42
      44
      62
      52
      39
      53
      49
      48
      43
      54
      43
      54
      50
      40
      53
      49
      44
      49
      48
      52
      58
      50
      41
      51
      45
      46
      53
      50
      55
      54
      44
      48
      45
      60
      39
      49
      44
      55
      54
      45
      38
      52
      48
      35
      44
      64
      45
      48
      52
      48
      41
      39
      40
      45
      56
      50
      45
      42
      55
      57
      40
      56
      47
      54
      39
      57
      46
      49
      49
      37
      57
      50
      48
      50
      17
       0
       0
       0
       0
       0
       0
       0
       0
       0
       0
       0
       0
       0
       0
       0
       0
       0
       0
       0
       0
       0
       0
       0
       0
       0
       0
       0
       0
       0
       0
       0
       0
       0
       0
       0
       0
       0
       0
       0
       0
       0
       0
       0
       0
       0
       0
       0
       0
       0
       0
       0
       0
       0
       0
       0
       0
       0
       0
       0
       0
       0
       0
       0
       0
       0
       0
$ROI:
2
95 97
514 605
$PRESETS:
Real Time
200
0
$ENER_FIT:
-289.438599 1.280702
$MCA_CAL:
3
-2.894386E+002 1.280702E+000 0.000000E+000
$SHAPE_CAL:
3
0.000000E+000 0.000000E+000 0.000000E+000
