$SPEC_ID:
MEASURE 404.
$SPEC_REM:
DET# 1
DETDESC# MCB 25
AP# Maestro Version 6.05
$DATE_MEA:
03/16/2003 16:34:31
$MEAS_TIM:
192 200
$DATA:
0 1023
       0
       0
       0
       0
       0
       0
       0
       0
       0
       0
       0
       0
       0
       0
       0
       0
       0
     113
     221
     228
     247
     227
     244
     283
     261
     230
     217
     221
     296
     263
     264
     248
     248
     275
     286
     255
     253
     265
     284
     262
     282
     278
     260
     306
     301
     266
     284
     278
     271
     260
     277
     278
     257
     287
     270
     261
     318
     335
     305
     317
     288
     283
     293
     290
     303
     289
     294
     355
     345
     354
     342
     291
     348
     288
     298
     348
     340
     317
     346
     339
     392
     341
     350
     375
     373
     396
     397
     354
     373
     411
     389
     395
     406
     385
     430
     434
     454
     450
     404
     462
     491
     481
     466
     505
     508
     493
     502
     518
     528
     473
     532
     519
     514
     538
     544
     526
     532
     549
     614
     594
     547
     558
     578
     562
     557
     602
     606
     602
     616
     568
     625
     605
     576
     594
     588
     646
     599
     623
     607
     603
     603
     624
     679
     634
     636
     637
     696
     606
     643
     633
     615
     674
     681
     664
     641
     700
     660
     691
     634
     638
     674
     698
     655
     682
     646
     668
     611
     699
     620
     658
     654
     647
     636
     656
     668
     695
     656
     716
     617
     676
     682
     643
     670
     660
     688
     656
     683
     608
     701
     685
     696
     676
     706
     656
     684
     658
     701
     702
     726
     708
     676
     701
     750
     723
     765
     778
     767
     779
     765
     757
     744
     796
     819
     763
     835
     759
     794
     806
     753
     763
     749
     755
     741
     788
     779
     676
     723
     724
     735
     719
     719
     700
     677
     658
     698
     643
     637
     689
     648
     668
     673
     648
     638
     660
     658
     605
     624
     614
     592
     641
     615
     619
     614
     624
     589
     621
     620
     580
     589
     598
     512
     589
     577
     557
     548
     570
     551
     569
     570
     594
     558
     581
     567
     547
     564
     529
     567
     563
     503
     554
     532
     558
     498
     489
     533
     480
     513
     515
     497
     482
     492
     522
     474
     500
     471
     517
     435
     485
     472
     474
     440
     420
     437
     500
     460
     430
     451
     484
     425
     388
     459
     493
     439
     446
     445
     438
     438
     424
     435
     405
     438
     431
     480
     448
     391
     429
     403
     415
     395
     405
     411
     417
     388
     414
     406
     380
     400
     414
     379
     392
     384
     381
     396
     405
     374
     378
     427
     401
     418
     378
     365
     371
     403
     364
     387
     384
     355
     346
     413
     383
     358
     361
     349
     387
     369
     321
     327
     361
     340
     339
     342
     328
     358
     310
     347
     312
     320
     310
     353
     307
     298
     348
     319
     299
     296
     297
     297
     288
     276
     268
     242
     277
     281
     276
     246
     251
     246
     264
     238
     223
     242
     260
     219
     226
     268
     211
     212
     242
     196
     182
     211
     198
     193
     179
     227
     214
     212
     194
     185
     179
     202
     155
     195
     186
     188
     164
     178
     161
     184
     175
     173
     165
     172
     146
     152
     165
     155
     173
     183
     191
     160
     162
     152
     170
     155
     155
     151
     156
     142
     155
     165
     137
     148
     170
     142
     166
     147
     145
     158
     134
     150
     119
     126
     151
     147
     145
     138
     154
     145
     156
     144
     145
     131
     151
     137
     139
     129
     145
     151
     113
     129
     149
     121
     123
     137
     122
     140
     120
     141
     142
     128
     147
     133
     133
     124
     133
     148
     116
     153
     132
     125
     138
     140
     150
     125
     137
     145
     153
     126
     115
     112
     133
     120
     128
     117
     141
     123
     154
     136
     145
     137
     171
     129
     157
     168
     182
     169
     146
     157
     171
     155
     190
     157
     159
     166
     171
     186
     198
     238
     248
     195
     240
     239
     265
     289
     254
     306
     331
     330
     364
     344
     393
     417
     452
     444
     483
     534
     534
     586
     610
     613
     650
     666
     691
     727
     778
     811
     840
     925
     913
     942
     986
    1039
    1076
    1130
    1092
    1196
    1210
    1217
    1183
    1248
    1273
    1358
    1245
    1336
    1393
    1362
    1405
    1406
    1413
    1366
    1373
    1363
    1311
    1379
    1389
    1284
    1280
    1311
    1267
    1227
    1201
    1183
    1149
    1078
    1078
    1044
    1014
     984
     955
     853
     836
     812
     753
     695
     738
     613
     602
     609
     567
     537
     458
     425
     419
     348
     323
     334
     274
     258
     239
     235
     223
     198
     171
     158
     167
     128
     135
     132
     118
     125
     113
     101
     102
      86
      72
      69
      53
      58
      78
      69
      67
      61
      72
      54
      60
      46
      45
      51
      52
      60
      57
      64
      72
      51
      55
      52
      39
      70
      49
      40
      50
      57
      57
      62
      57
      40
      52
      53
      50
      63
      46
      56
      63
      64
      46
      51
      46
      51
      50
      64
      38
      47
      58
      52
      56
      63
      42
      47
      45
      53
      49
      50
      46
      58
      60
      52
      54
      35
      60
      48
      51
      43
      52
      42
      48
      55
      56
      49
      52
      51
      39
      51
      60
      51
      52
      40
      50
      46
      55
      56
      49
      41
      44
      40
      58
      42
      44
      43
      41
      49
      53
      47
      43
      42
      56
      44
      46
      44
      53
      46
      39
      49
      55
      40
      45
      42
      43
      48
      41
      34
      47
      49
      46
      45
      45
      42
      53
      47
      53
      56
      51
      51
      49
      45
      50
      47
      38
      43
      40
      37
      40
      38
      55
      60
      39
      46
      40
      49
      51
      35
      55
      52
      37
      51
      47
      53
      51
      45
      56
      52
      51
      47
      53
      33
      45
      57
      48
      45
      51
      52
      47
      53
      49
      47
      46
      43
      44
      54
      46
      50
      54
      51
      44
      48
      39
      54
      39
      36
      38
      48
      52
      45
      49
      41
      47
      53
      30
      44
      51
      55
      47
      44
      49
      45
      45
      58
      51
      47
      58
      55
      57
      52
      54
      47
      59
      33
      56
      60
      47
      47
      54
      55
      53
      38
      41
      47
      46
      52
      34
      33
      40
      53
      42
      41
      63
      55
      36
      45
      44
      36
      49
      44
      41
      40
      38
      48
      40
      45
      45
      38
      37
      49
      56
      57
      44
      52
      49
      42
      54
      39
      56
      49
      55
      61
      60
      42
      50
      51
      45
      48
      54
      45
      41
      37
      52
      44
      47
      47
      41
      42
      54
      46
      56
      47
      53
      47
      43
      40
      57
      50
      43
      49
      30
      55
      43
      39
      52
      38
      46
      67
      36
      47
      49
      48
      55
      47
      48
      62
      59
      40
      61
      65
      57
      44
      45
      39
      29
       1
       0
       0
       0
       0
       0
       0
       0
       0
       0
       0
       0
       0
       0
       0
       0
       0
       0
       0
       0
       0
       0
       0
       0
       0
       0
       0
       0
       0
       0
       0
       0
       0
       0
       0
       0
       0
       0
       0
       0
       0
       0
       0
       0
       0
       0
       0
       0
       0
       0
       0
       0
       0
       0
       0
       0
       0
       0
       0
       0
       0
       0
       0
       0
       0
       0
$ROI:
2
95 97
514 605
$PRESETS:
Real Time
200
0
$ENER_FIT:
-289.438599 1.280702
$MCA_CAL:
3
-2.894386E+002 1.280702E+000 0.000000E+000
$SHAPE_CAL:
3
0.000000E+000 0.000000E+000 0.000000E+000
