$SPEC_ID:
MEASURE 465.
$SPEC_REM:
DET# 1
DETDESC# MCB 25
AP# Maestro Version 6.05
$DATE_MEA:
03/16/2003 21:39:31
$MEAS_TIM:
192 200
$DATA:
0 1023
       0
       0
       0
       0
       0
       0
       0
       0
       0
       0
       0
       0
       0
       0
       0
       0
       0
     120
     217
     238
     232
     243
     253
     251
     230
     266
     240
     254
     271
     262
     279
     259
     270
     257
     259
     267
     273
     278
     259
     284
     270
     285
     303
     274
     252
     289
     272
     274
     308
     265
     283
     298
     271
     305
     290
     300
     294
     293
     279
     294
     309
     264
     285
     283
     281
     314
     323
     281
     290
     319
     283
     318
     307
     359
     312
     317
     320
     340
     321
     357
     333
     371
     350
     353
     369
     410
     404
     399
     380
     410
     419
     415
     378
     468
     399
     455
     426
     447
     450
     453
     446
     480
     453
     446
     475
     501
     513
     496
     502
     481
     478
     518
     493
     527
     491
     514
     510
     527
     541
     583
     573
     547
     568
     566
     575
     580
     618
     624
     620
     546
     574
     574
     573
     582
     644
     597
     594
     639
     612
     671
     620
     671
     632
     596
     651
     637
     667
     633
     635
     688
     649
     631
     628
     655
     642
     647
     617
     661
     638
     616
     650
     663
     621
     661
     621
     636
     666
     642
     661
     665
     660
     682
     663
     662
     672
     661
     617
     706
     657
     704
     690
     643
     660
     640
     678
     647
     655
     669
     697
     705
     615
     670
     663
     711
     679
     748
     699
     689
     672
     645
     719
     689
     697
     674
     703
     735
     705
     773
     794
     771
     774
     743
     770
     773
     781
     791
     721
     738
     744
     714
     789
     746
     722
     749
     775
     753
     755
     699
     698
     746
     718
     690
     675
     632
     656
     681
     662
     714
     602
     634
     611
     641
     641
     589
     636
     576
     590
     644
     580
     580
     642
     612
     626
     605
     604
     609
     618
     592
     594
     657
     573
     540
     581
     549
     584
     583
     557
     591
     542
     536
     573
     550
     554
     544
     582
     542
     532
     514
     526
     532
     498
     543
     528
     508
     485
     540
     507
     531
     482
     517
     516
     534
     477
     490
     478
     497
     471
     461
     463
     467
     445
     436
     491
     502
     461
     465
     509
     456
     445
     458
     454
     394
     414
     436
     443
     465
     397
     408
     443
     407
     423
     406
     388
     417
     407
     397
     377
     417
     397
     402
     426
     407
     389
     373
     398
     396
     387
     414
     394
     371
     419
     397
     389
     407
     384
     400
     388
     376
     364
     376
     387
     356
     381
     377
     375
     347
     376
     366
     365
     367
     361
     336
     370
     342
     363
     368
     331
     340
     338
     336
     355
     311
     319
     367
     339
     374
     322
     316
     300
     305
     330
     309
     332
     308
     305
     289
     281
     274
     258
     284
     266
     287
     263
     269
     238
     279
     252
     243
     256
     248
     248
     240
     223
     239
     210
     227
     230
     213
     211
     213
     198
     198
     172
     196
     192
     186
     205
     215
     194
     209
     193
     177
     176
     175
     193
     175
     202
     175
     175
     178
     186
     166
     169
     184
     162
     171
     149
     179
     190
     159
     156
     183
     188
     197
     154
     157
     147
     135
     158
     153
     153
     160
     164
     143
     139
     153
     172
     148
     140
     154
     155
     118
     142
     119
     137
     130
     129
     155
     141
     145
     136
     141
     133
     152
     157
     131
     141
     146
     136
     138
     151
     144
     145
     138
     143
     118
     118
     121
     137
     142
     124
     124
     125
     121
     116
     132
     139
     129
     113
     115
     145
     131
     121
     124
     152
     132
     128
     137
     130
     127
     124
     140
     143
     117
     128
     131
     134
     142
     104
     121
     149
     151
     150
     155
     137
     156
     172
     160
     163
     144
     158
     148
     169
     172
     209
     167
     197
     193
     178
     209
     226
     238
     281
     233
     271
     275
     273
     321
     317
     313
     333
     380
     372
     370
     440
     438
     463
     468
     490
     507
     572
     579
     624
     700
     702
     689
     750
     786
     825
     889
     888
     891
    1000
    1072
    1003
    1090
    1103
    1128
    1127
    1224
    1311
    1264
    1264
    1326
    1284
    1350
    1411
    1398
    1413
    1360
    1409
    1373
    1406
    1375
    1378
    1430
    1309
    1288
    1296
    1283
    1257
    1278
    1269
    1218
    1171
    1147
    1135
    1095
    1036
     985
     912
     879
     848
     862
     828
     770
     696
     669
     618
     591
     583
     466
     490
     457
     461
     395
     381
     326
     332
     301
     262
     271
     239
     203
     198
     177
     180
     149
     146
     131
     110
     116
     101
      96
      98
      95
      84
      80
      86
      71
      77
      61
      74
      64
      65
      68
      60
      65
      53
      57
      61
      62
      45
      53
      53
      48
      58
      42
      55
      49
      57
      59
      42
      50
      48
      52
      45
      57
      63
      46
      59
      44
      46
      48
      42
      45
      57
      55
      59
      55
      56
      43
      42
      50
      46
      48
      48
      49
      39
      45
      54
      51
      49
      57
      49
      42
      47
      45
      47
      53
      55
      47
      50
      61
      46
      53
      48
      50
      41
      53
      52
      37
      46
      45
      47
      52
      49
      53
      53
      42
      31
      44
      37
      36
      49
      48
      48
      49
      51
      32
      60
      48
      41
      42
      52
      61
      54
      31
      38
      40
      48
      41
      53
      53
      47
      43
      34
      53
      40
      45
      50
      49
      43
      36
      47
      46
      40
      36
      45
      43
      43
      61
      43
      61
      49
      43
      46
      44
      49
      32
      39
      54
      42
      38
      50
      56
      38
      44
      48
      42
      52
      53
      48
      43
      55
      52
      38
      41
      51
      54
      47
      49
      47
      42
      53
      48
      35
      44
      42
      37
      43
      40
      46
      43
      41
      47
      46
      42
      38
      41
      58
      40
      40
      60
      48
      43
      49
      46
      52
      37
      55
      45
      44
      49
      48
      47
      61
      46
      46
      53
      48
      57
      34
      47
      38
      46
      48
      44
      54
      40
      36
      53
      45
      47
      42
      38
      42
      51
      43
      38
      56
      58
      54
      49
      51
      57
      45
      46
      46
      53
      37
      40
      44
      43
      46
      46
      56
      44
      45
      52
      39
      48
      50
      42
      50
      44
      49
      50
      44
      45
      39
      44
      49
      41
      52
      55
      37
      34
      49
      51
      34
      54
      48
      49
      34
      46
      50
      51
      58
      61
      41
      54
      46
      46
      63
      41
      48
      48
      51
      59
      50
      40
      53
      46
      48
      37
      55
      40
      35
      50
      44
      60
      39
      45
      41
      48
      45
      52
      45
      46
      50
      53
      41
      43
      50
      38
      44
      47
      47
      62
      48
      43
      61
      60
      56
      50
      46
      38
       3
       0
       0
       0
       0
       0
       0
       0
       0
       0
       0
       0
       0
       0
       0
       0
       0
       0
       0
       0
       0
       0
       0
       0
       0
       0
       0
       0
       0
       0
       0
       0
       0
       0
       0
       0
       0
       0
       0
       0
       0
       0
       0
       0
       0
       0
       0
       0
       0
       0
       0
       0
       0
       0
       0
       0
       0
       0
       0
       0
       0
       0
       0
       0
       0
       0
$ROI:
2
95 97
514 605
$PRESETS:
Real Time
200
0
$ENER_FIT:
-289.438599 1.280702
$MCA_CAL:
3
-2.894386E+002 1.280702E+000 0.000000E+000
$SHAPE_CAL:
3
0.000000E+000 0.000000E+000 0.000000E+000
