$SPEC_ID:
MEASURE 561.
$SPEC_REM:
DET# 1
DETDESC# MCB 25
AP# Maestro Version 6.05
$DATE_MEA:
03/17/2003 05:39:31
$MEAS_TIM:
192 200
$DATA:
0 1023
       0
       0
       0
       0
       0
       0
       0
       0
       0
       0
       0
       0
       0
       0
       0
       0
       0
     140
     232
     237
     255
     247
     251
     263
     259
     251
     225
     260
     256
     244
     237
     281
     252
     232
     268
     287
     262
     271
     273
     295
     272
     251
     280
     258
     266
     290
     270
     288
     282
     305
     272
     266
     303
     286
     293
     313
     289
     275
     293
     313
     311
     297
     269
     283
     258
     291
     308
     314
     320
     342
     288
     321
     286
     300
     344
     329
     337
     328
     351
     355
     338
     348
     334
     333
     386
     311
     388
     383
     386
     400
     414
     402
     443
     426
     441
     423
     445
     436
     503
     447
     447
     461
     469
     474
     484
     480
     457
     487
     493
     472
     528
     508
     524
     561
     479
     485
     550
     588
     516
     579
     532
     567
     591
     533
     523
     582
     588
     572
     564
     574
     588
     616
     623
     625
     622
     666
     620
     581
     617
     600
     648
     621
     640
     625
     598
     634
     644
     631
     668
     617
     609
     648
     660
     659
     604
     618
     649
     671
     672
     664
     629
     678
     653
     619
     676
     644
     612
     680
     664
     667
     653
     666
     641
     624
     656
     615
     659
     634
     632
     692
     659
     685
     673
     658
     635
     653
     658
     693
     631
     663
     667
     666
     656
     620
     655
     671
     671
     712
     699
     722
     703
     722
     657
     700
     736
     723
     730
     761
     704
     735
     770
     790
     759
     776
     810
     728
     786
     738
     770
     825
     772
     806
     796
     774
     767
     714
     729
     702
     752
     737
     703
     705
     659
     704
     715
     704
     705
     699
     659
     640
     598
     621
     641
     672
     610
     642
     658
     689
     639
     636
     568
     623
     593
     579
     632
     571
     577
     613
     578
     577
     595
     583
     607
     626
     590
     556
     598
     556
     594
     562
     590
     577
     555
     522
     527
     519
     541
     524
     578
     537
     515
     537
     554
     515
     539
     495
     498
     516
     523
     487
     497
     548
     522
     486
     486
     471
     480
     464
     474
     473
     493
     453
     460
     483
     459
     443
     460
     438
     438
     463
     441
     460
     413
     430
     444
     479
     449
     447
     460
     395
     422
     445
     419
     402
     440
     430
     416
     405
     431
     403
     385
     390
     411
     415
     414
     415
     423
     390
     418
     361
     419
     384
     385
     372
     412
     348
     355
     373
     367
     387
     413
     404
     351
     385
     386
     341
     341
     355
     349
     387
     393
     352
     368
     353
     362
     370
     355
     348
     311
     332
     341
     372
     357
     339
     333
     361
     345
     323
     337
     306
     329
     318
     283
     294
     289
     283
     339
     276
     272
     284
     268
     278
     279
     269
     247
     271
     267
     237
     257
     233
     233
     224
     259
     250
     213
     237
     249
     256
     212
     193
     208
     224
     214
     205
     179
     201
     190
     196
     173
     199
     191
     202
     176
     176
     163
     177
     174
     168
     172
     200
     176
     163
     190
     183
     189
     148
     163
     154
     152
     162
     171
     150
     155
     162
     151
     158
     171
     175
     139
     154
     145
     180
     152
     154
     146
     156
     149
     142
     149
     144
     166
     124
     157
     150
     156
     139
     153
     165
     148
     142
     156
     136
     152
     133
     124
     122
     132
     140
     145
     111
     122
     124
     135
     123
     120
     122
     134
     138
     127
     132
     142
     102
     126
     155
     124
     139
     140
     142
     141
     121
     134
     130
     143
     132
     124
     134
     126
     103
     136
     133
     113
     140
     142
     136
     142
     131
     135
     141
     138
     142
     129
     161
     157
     143
     150
     156
     142
     149
     149
     153
     153
     129
     166
     182
     152
     166
     175
     184
     209
     201
     220
     229
     200
     200
     248
     216
     288
     301
     257
     295
     316
     316
     364
     360
     354
     383
     405
     450
     471
     524
     539
     556
     549
     616
     633
     652
     645
     708
     738
     791
     806
     874
     870
     944
     963
    1043
    1056
    1053
    1127
    1148
    1102
    1196
    1260
    1234
    1326
    1312
    1313
    1364
    1290
    1333
    1365
    1410
    1378
    1399
    1376
    1355
    1306
    1366
    1365
    1360
    1309
    1306
    1253
    1221
    1226
    1200
    1183
    1087
    1119
    1008
     981
     975
     981
     886
     830
     811
     737
     768
     739
     703
     639
     624
     590
     545
     521
     491
     424
     393
     360
     351
     341
     282
     268
     271
     261
     214
     219
     196
     180
     154
     152
     135
     120
     117
     102
      81
      89
      87
      84
      78
      85
      69
      77
      75
      68
      52
      75
      44
      57
      65
      50
      56
      73
      54
      58
      52
      56
      65
      57
      56
      48
      52
      50
      55
      50
      58
      48
      48
      57
      53
      40
      55
      57
      49
      52
      48
      50
      56
      45
      41
      54
      51
      56
      46
      64
      61
      52
      55
      52
      43
      55
      49
      61
      44
      53
      47
      48
      55
      51
      45
      52
      52
      74
      55
      50
      66
      61
      53
      60
      55
      44
      53
      49
      55
      52
      53
      34
      47
      44
      49
      54
      33
      57
      54
      46
      46
      51
      35
      43
      47
      39
      48
      53
      61
      58
      45
      43
      42
      35
      40
      42
      41
      46
      51
      55
      48
      52
      44
      45
      48
      47
      44
      46
      55
      41
      39
      52
      55
      40
      37
      40
      59
      55
      51
      49
      50
      51
      43
      52
      45
      56
      47
      50
      38
      44
      42
      50
      47
      42
      39
      53
      37
      42
      47
      40
      49
      49
      39
      48
      46
      53
      44
      49
      46
      40
      32
      50
      44
      46
      44
      42
      48
      47
      46
      42
      47
      35
      39
      45
      42
      46
      54
      42
      44
      50
      54
      37
      40
      47
      36
      45
      48
      43
      49
      52
      40
      41
      53
      38
      39
      31
      43
      43
      38
      40
      34
      56
      43
      47
      52
      50
      50
      57
      52
      48
      47
      47
      55
      50
      53
      49
      55
      50
      51
      46
      51
      50
      48
      52
      46
      50
      42
      43
      46
      39
      52
      56
      56
      50
      51
      41
      51
      41
      43
      51
      29
      39
      33
      47
      52
      48
      63
      49
      36
      48
      57
      43
      45
      53
      43
      43
      38
      40
      47
      44
      55
      44
      50
      46
      46
      67
      58
      42
      46
      43
      41
      54
      45
      43
      41
      45
      36
      52
      49
      48
      49
      54
      44
      43
      48
      54
      51
      44
      44
      47
      47
      43
      39
      40
      49
      45
      36
      33
      46
      51
      44
      48
      56
      49
      40
      58
      52
      43
      46
      60
      43
      48
      27
       1
       0
       0
       0
       0
       0
       0
       0
       0
       0
       0
       0
       0
       0
       0
       0
       0
       0
       0
       0
       0
       0
       0
       0
       0
       0
       0
       0
       0
       0
       0
       0
       0
       0
       0
       0
       0
       0
       0
       0
       0
       0
       0
       0
       0
       0
       0
       0
       0
       0
       0
       0
       0
       0
       0
       0
       0
       0
       0
       0
       0
       0
       0
       0
       0
       0
$ROI:
2
95 97
514 605
$PRESETS:
Real Time
200
0
$ENER_FIT:
-289.438599 1.280702
$MCA_CAL:
3
-2.894386E+002 1.280702E+000 0.000000E+000
$SHAPE_CAL:
3
0.000000E+000 0.000000E+000 0.000000E+000
