$SPEC_ID:
MEASURE 403.
$SPEC_REM:
DET# 1
DETDESC# MCB 25
AP# Maestro Version 6.05
$DATE_MEA:
03/16/2003 16:29:31
$MEAS_TIM:
192 200
$DATA:
0 1023
       0
       0
       0
       0
       0
       0
       0
       0
       0
       0
       0
       0
       0
       0
       0
       0
       0
     130
     238
     236
     229
     238
     268
     270
     250
     284
     265
     283
     300
     250
     275
     273
     247
     255
     256
     255
     264
     286
     245
     264
     286
     277
     319
     298
     302
     292
     257
     265
     299
     270
     298
     351
     322
     300
     293
     296
     320
     293
     290
     298
     272
     286
     297
     291
     277
     320
     296
     304
     313
     331
     317
     296
     320
     308
     336
     356
     332
     305
     379
     331
     358
     387
     372
     364
     385
     371
     384
     413
     377
     431
     424
     406
     413
     409
     443
     422
     434
     432
     418
     430
     500
     456
     475
     461
     488
     500
     487
     496
     514
     533
     511
     532
     501
     526
     543
     526
     531
     528
     580
     531
     576
     574
     526
     577
     530
     548
     588
     614
     611
     558
     624
     640
     646
     594
     579
     599
     637
     655
     662
     623
     571
     631
     615
     666
     641
     647
     642
     635
     650
     667
     653
     653
     671
     643
     629
     645
     667
     628
     664
     647
     612
     683
     644
     694
     650
     647
     719
     644
     625
     663
     644
     598
     670
     659
     669
     633
     667
     636
     653
     684
     617
     635
     654
     640
     649
     658
     709
     688
     675
     649
     690
     648
     653
     647
     668
     688
     709
     666
     755
     731
     698
     691
     692
     713
     670
     751
     766
     747
     748
     723
     749
     767
     756
     762
     834
     769
     826
     782
     778
     741
     766
     785
     748
     743
     724
     764
     700
     771
     698
     682
     713
     664
     694
     675
     721
     675
     687
     686
     667
     661
     602
     641
     634
     673
     598
     621
     608
     684
     627
     625
     608
     601
     572
     625
     640
     581
     599
     588
     567
     583
     558
     572
     571
     600
     593
     557
     564
     555
     583
     583
     572
     572
     545
     523
     534
     548
     548
     529
     503
     526
     528
     521
     552
     534
     464
     507
     498
     470
     497
     537
     535
     514
     488
     497
     509
     513
     467
     489
     487
     476
     480
     458
     441
     468
     441
     426
     466
     463
     459
     415
     370
     474
     452
     440
     416
     429
     413
     425
     417
     488
     417
     411
     447
     390
     411
     404
     425
     430
     435
     412
     407
     390
     425
     395
     394
     377
     391
     375
     411
     402
     383
     388
     390
     415
     345
     385
     381
     410
     402
     386
     379
     341
     361
     385
     380
     393
     369
     355
     355
     349
     354
     352
     397
     367
     360
     368
     342
     304
     370
     370
     331
     390
     355
     373
     315
     310
     346
     337
     302
     309
     330
     293
     306
     292
     282
     283
     276
     297
     292
     249
     259
     274
     275
     239
     267
     258
     240
     218
     284
     243
     227
     258
     233
     238
     249
     240
     227
     223
     224
     215
     187
     175
     197
     188
     170
     201
     196
     201
     197
     188
     185
     185
     183
     165
     176
     158
     174
     181
     178
     165
     181
     189
     185
     162
     171
     149
     153
     150
     158
     157
     156
     163
     163
     169
     145
     159
     153
     156
     160
     159
     144
     161
     146
     142
     145
     137
     166
     144
     160
     145
     132
     147
     137
     148
     157
     136
     135
     153
     142
     144
     128
     139
     145
     145
     124
     137
     144
     147
     138
     145
     127
     131
     122
     132
     131
     142
     145
     122
     129
     145
     145
     150
     137
     123
     117
     146
     153
     119
     143
     141
     119
     131
     142
     132
     127
     128
     153
     110
     118
     131
     128
     138
     134
     137
     137
     131
     133
     129
     129
     128
     146
     160
     148
     166
     151
     157
     145
     161
     151
     172
     164
     160
     144
     172
     179
     210
     201
     187
     227
     209
     227
     237
     272
     273
     299
     298
     327
     325
     349
     345
     355
     425
     373
     428
     465
     511
     495
     506
     591
     605
     638
     638
     721
     693
     768
     756
     866
     870
     962
     887
     979
     949
    1026
    1089
    1051
    1097
    1159
    1275
    1230
    1223
    1262
    1237
    1272
    1350
    1401
    1459
    1367
    1477
    1305
    1370
    1467
    1431
    1428
    1279
    1343
    1354
    1361
    1366
    1276
    1321
    1259
    1140
    1154
    1111
    1113
    1105
    1014
     955
     946
     970
     854
     855
     823
     764
     743
     725
     689
     554
     590
     493
     471
     440
     407
     402
     368
     374
     304
     298
     298
     293
     211
     173
     235
     170
     161
     178
     159
     140
     109
     113
     107
      88
      91
     105
      83
      91
      66
      72
      63
      66
      66
      59
      55
      52
      52
      54
      46
      63
      41
      60
      56
      60
      57
      54
      60
      57
      43
      49
      51
      52
      51
      41
      69
      44
      55
      47
      44
      53
      59
      37
      48
      57
      60
      49
      45
      50
      54
      44
      49
      52
      48
      49
      63
      62
      52
      52
      52
      40
      69
      52
      53
      57
      55
      50
      60
      45
      49
      52
      51
      51
      42
      51
      56
      50
      50
      49
      54
      41
      53
      50
      49
      65
      43
      30
      48
      42
      43
      54
      52
      41
      60
      51
      49
      39
      49
      38
      44
      40
      37
      45
      32
      57
      38
      42
      52
      51
      34
      53
      43
      46
      46
      44
      47
      35
      37
      41
      33
      43
      48
      42
      49
      45
      47
      37
      50
      49
      43
      49
      37
      47
      57
      44
      53
      45
      47
      50
      41
      35
      44
      38
      58
      38
      55
      35
      37
      61
      42
      48
      54
      47
      50
      40
      40
      41
      61
      46
      36
      44
      42
      39
      50
      59
      53
      58
      54
      50
      49
      56
      47
      47
      47
      51
      49
      42
      44
      44
      42
      35
      44
      41
      40
      55
      56
      39
      52
      39
      49
      48
      39
      46
      47
      59
      54
      45
      46
      47
      56
      45
      51
      54
      53
      53
      46
      46
      42
      37
      48
      48
      41
      51
      45
      37
      55
      42
      48
      35
      63
      47
      44
      46
      52
      42
      47
      44
      47
      52
      55
      45
      43
      48
      48
      41
      51
      46
      58
      55
      48
      37
      49
      49
      56
      46
      54
      51
      46
      50
      44
      45
      56
      49
      38
      54
      49
      47
      65
      53
      45
      39
      59
      55
      57
      34
      51
      73
      50
      45
      38
      50
      54
      40
      44
      53
      51
      38
      49
      60
      43
      54
      42
      52
      48
      53
      51
      50
      41
      58
      37
      47
      56
      44
      50
      46
      57
      44
      53
      53
      51
      38
      47
      51
      47
      52
      59
      38
      46
      58
      43
      54
      47
      54
      52
      48
      54
      45
      51
      51
      55
      40
       0
       0
       0
       0
       0
       0
       0
       0
       0
       0
       0
       0
       0
       0
       0
       0
       0
       0
       0
       0
       0
       0
       0
       0
       0
       0
       0
       0
       0
       0
       0
       0
       0
       0
       0
       0
       0
       0
       0
       0
       0
       0
       0
       0
       0
       0
       0
       0
       0
       0
       0
       0
       0
       0
       0
       0
       0
       0
       0
       0
       0
       0
       0
       0
       0
       0
$ROI:
2
95 97
514 605
$PRESETS:
Real Time
200
0
$ENER_FIT:
-289.438599 1.280702
$MCA_CAL:
3
-2.894386E+002 1.280702E+000 0.000000E+000
$SHAPE_CAL:
3
0.000000E+000 0.000000E+000 0.000000E+000
