$SPEC_ID:
MEASURE 743.
$SPEC_REM:
DET# 1
DETDESC# MCB 25
AP# Maestro Version 6.05
$DATE_MEA:
03/17/2003 20:49:31
$MEAS_TIM:
192 200
$DATA:
0 1023
       0
       0
       0
       0
       0
       0
       0
       0
       0
       0
       0
       0
       0
       0
       0
       0
       0
     113
     228
     237
     250
     205
     244
     259
     242
     250
     262
     252
     260
     271
     246
     246
     285
     236
     282
     285
     250
     270
     267
     268
     295
     261
     292
     259
     291
     281
     282
     272
     267
     264
     318
     275
     268
     298
     279
     281
     287
     294
     283
     292
     308
     304
     279
     293
     279
     301
     288
     309
     272
     303
     317
     312
     305
     311
     292
     338
     339
     328
     333
     352
     332
     321
     348
     358
     354
     357
     391
     368
     369
     367
     417
     380
     431
     402
     387
     430
     455
     440
     416
     417
     446
     412
     438
     436
     528
     463
     477
     450
     467
     519
     490
     528
     521
     530
     526
     535
     517
     525
     589
     565
     551
     542
     550
     546
     586
     580
     582
     551
     595
     599
     560
     556
     613
     663
     628
     645
     576
     600
     634
     610
     592
     603
     598
     615
     622
     609
     682
     631
     602
     667
     687
     624
     683
     659
     609
     623
     646
     638
     628
     654
     634
     635
     626
     714
     634
     675
     624
     656
     636
     693
     639
     599
     699
     637
     596
     638
     612
     659
     664
     645
     612
     641
     630
     666
     666
     707
     655
     623
     647
     673
     609
     656
     639
     622
     651
     681
     644
     690
     675
     682
     704
     689
     718
     708
     699
     742
     707
     700
     745
     731
     738
     715
     772
     805
     762
     768
     770
     707
     781
     747
     764
     772
     784
     772
     743
     743
     765
     795
     707
     711
     695
     731
     736
     687
     669
     666
     704
     681
     653
     676
     631
     663
     676
     638
     655
     666
     633
     619
     636
     570
     584
     585
     638
     656
     615
     611
     597
     590
     629
     592
     601
     614
     547
     613
     539
     563
     556
     591
     593
     567
     531
     522
     564
     521
     563
     569
     564
     542
     524
     541
     560
     539
     524
     507
     516
     532
     514
     515
     510
     512
     479
     553
     520
     520
     517
     482
     474
     454
     499
     514
     435
     490
     451
     466
     462
     431
     459
     434
     427
     394
     434
     457
     426
     471
     416
     420
     461
     443
     413
     458
     440
     415
     427
     425
     405
     400
     359
     402
     392
     392
     382
     361
     395
     379
     367
     428
     366
     378
     364
     410
     384
     396
     436
     419
     404
     373
     346
     359
     382
     385
     361
     364
     388
     398
     346
     336
     395
     413
     363
     416
     327
     362
     359
     350
     355
     341
     350
     343
     341
     359
     348
     298
     342
     337
     325
     350
     361
     316
     340
     335
     323
     322
     280
     344
     296
     296
     279
     286
     281
     285
     301
     282
     252
     259
     247
     259
     246
     262
     238
     253
     247
     259
     241
     251
     221
     234
     234
     227
     220
     236
     214
     207
     224
     202
     208
     204
     220
     185
     214
     211
     215
     188
     178
     187
     197
     174
     163
     179
     206
     180
     182
     161
     197
     174
     177
     188
     193
     189
     163
     171
     160
     148
     168
     165
     157
     173
     166
     161
     166
     152
     147
     166
     174
     160
     140
     153
     164
     153
     163
     140
     129
     132
     160
     146
     143
     143
     141
     142
     143
     132
     153
      96
     144
     144
     145
     155
     136
     127
     133
     147
     114
     134
     148
     122
     132
     150
     133
     146
     134
     127
     129
     146
     118
     127
     131
     112
     122
     142
     146
     122
     129
     121
     112
     123
     133
     157
     141
     121
     132
     133
     138
     127
     137
     132
     133
     134
     127
     123
     131
     129
     120
     153
     135
     148
     140
     127
     127
     138
     142
     147
     139
     164
     140
     146
     153
     150
     174
     179
     172
     147
     174
     188
     204
     190
     200
     223
     222
     231
     220
     246
     265
     251
     272
     336
     292
     316
     356
     371
     379
     389
     435
     459
     485
     514
     524
     586
     631
     636
     620
     697
     669
     754
     764
     785
     875
     897
     876
     945
    1023
    1015
    1067
    1117
    1104
    1175
    1189
    1182
    1206
    1228
    1334
    1272
    1223
    1319
    1324
    1403
    1389
    1371
    1458
    1400
    1402
    1366
    1354
    1362
    1364
    1286
    1301
    1363
    1250
    1180
    1256
    1228
    1119
    1090
    1057
    1076
    1045
     950
     940
     917
     884
     808
     738
     754
     699
     654
     590
     606
     543
     498
     502
     446
     446
     407
     387
     313
     317
     301
     261
     238
     222
     218
     195
     175
     179
     145
     129
     147
     118
     109
     101
     122
      94
      97
      87
      77
      93
      73
      63
      66
      34
      59
      59
      61
      56
      63
      61
      55
      68
      56
      58
      49
      57
      59
      44
      60
      45
      49
      45
      31
      57
      53
      58
      53
      51
      46
      53
      49
      46
      55
      52
      54
      46
      52
      59
      46
      53
      59
      61
      46
      49
      48
      57
      44
      51
      47
      49
      43
      48
      48
      53
      56
      38
      51
      52
      57
      45
      44
      39
      51
      43
      48
      40
      43
      68
      36
      34
      54
      50
      49
      51
      51
      43
      55
      42
      46
      51
      47
      36
      48
      65
      39
      56
      39
      50
      54
      47
      49
      52
      47
      52
      51
      51
      52
      46
      34
      37
      55
      50
      49
      55
      48
      49
      37
      45
      51
      50
      41
      37
      52
      39
      62
      44
      49
      43
      57
      62
      45
      35
      49
      44
      43
      52
      55
      37
      37
      37
      53
      47
      42
      51
      53
      53
      46
      41
      47
      33
      60
      50
      40
      42
      42
      51
      46
      46
      46
      50
      43
      44
      49
      44
      37
      49
      52
      57
      35
      55
      46
      54
      49
      45
      40
      51
      43
      37
      48
      52
      48
      57
      46
      39
      43
      59
      40
      46
      46
      46
      46
      55
      53
      44
      45
      33
      43
      34
      46
      57
      54
      33
      52
      51
      51
      46
      53
      51
      33
      38
      51
      52
      48
      57
      39
      61
      42
      44
      47
      42
      41
      57
      43
      49
      41
      61
      55
      51
      38
      51
      30
      44
      47
      54
      47
      41
      47
      51
      56
      47
      49
      54
      45
      55
      44
      49
      48
      50
      41
      33
      54
      40
      49
      47
      55
      54
      56
      45
      49
      51
      43
      48
      60
      45
      56
      51
      59
      50
      51
      53
      50
      53
      36
      52
      50
      53
      40
      41
      46
      57
      52
      47
      48
      51
      53
      44
      36
      47
      45
      48
      43
      43
      51
      52
      59
      44
      40
      44
      51
      46
      35
      63
      47
      55
      50
      45
      39
      45
      45
      62
      54
      53
      29
       2
       0
       0
       0
       0
       0
       0
       0
       0
       0
       0
       0
       0
       0
       0
       0
       0
       0
       0
       0
       0
       0
       0
       0
       0
       0
       0
       0
       0
       0
       0
       0
       0
       0
       0
       0
       0
       0
       0
       0
       0
       0
       0
       0
       0
       0
       0
       0
       0
       0
       0
       0
       0
       0
       0
       0
       0
       0
       0
       0
       0
       0
       0
       0
       0
       0
$ROI:
2
95 97
514 605
$PRESETS:
Real Time
200
0
$ENER_FIT:
-289.438599 1.280702
$MCA_CAL:
3
-2.894386E+002 1.280702E+000 0.000000E+000
$SHAPE_CAL:
3
0.000000E+000 0.000000E+000 0.000000E+000
