$SPEC_ID:
MEASURE 722.
$SPEC_REM:
DET# 1
DETDESC# MCB 25
AP# Maestro Version 6.05
$DATE_MEA:
03/17/2003 19:04:31
$MEAS_TIM:
192 200
$DATA:
0 1023
       0
       0
       0
       0
       0
       0
       0
       0
       0
       0
       0
       0
       0
       0
       0
       0
       0
      79
     228
     247
     240
     264
     228
     223
     281
     248
     232
     228
     239
     257
     242
     282
     273
     276
     260
     274
     261
     278
     278
     230
     249
     274
     248
     287
     254
     256
     290
     273
     274
     304
     281
     292
     276
     276
     280
     272
     290
     276
     279
     280
     314
     288
     289
     270
     293
     284
     320
     276
     293
     304
     331
     304
     359
     303
     302
     343
     324
     380
     349
     341
     338
     353
     342
     362
     338
     364
     382
     409
     362
     377
     401
     413
     373
     443
     445
     393
     443
     441
     454
     505
     455
     444
     464
     471
     441
     515
     481
     479
     475
     521
     539
     516
     492
     512
     526
     537
     514
     526
     476
     585
     562
     562
     543
     564
     524
     535
     563
     568
     616
     571
     600
     574
     572
     556
     575
     593
     618
     610
     598
     644
     576
     643
     626
     590
     697
     627
     633
     602
     655
     639
     637
     582
     625
     638
     665
     662
     692
     653
     667
     644
     614
     687
     699
     663
     667
     669
     647
     649
     664
     637
     672
     681
     660
     629
     640
     617
     664
     658
     679
     664
     653
     662
     683
     644
     619
     640
     647
     652
     668
     676
     722
     650
     673
     641
     647
     680
     706
     664
     696
     654
     718
     665
     736
     698
     742
     713
     736
     775
     731
     797
     751
     763
     728
     738
     754
     770
     782
     776
     827
     795
     777
     809
     721
     739
     801
     768
     737
     809
     713
     678
     718
     715
     658
     668
     691
     697
     689
     714
     649
     646
     631
     662
     698
     619
     679
     633
     682
     689
     575
     671
     616
     636
     588
     604
     640
     599
     587
     588
     586
     567
     592
     582
     609
     562
     556
     548
     562
     558
     513
     558
     556
     549
     575
     567
     556
     559
     499
     507
     537
     529
     519
     516
     499
     502
     496
     523
     488
     510
     508
     470
     498
     504
     503
     509
     486
     503
     457
     469
     454
     430
     492
     451
     461
     463
     451
     491
     458
     448
     425
     417
     453
     454
     452
     419
     477
     435
     395
     413
     435
     432
     432
     406
     392
     466
     398
     427
     437
     392
     384
     403
     404
     390
     383
     424
     395
     430
     400
     381
     389
     395
     432
     378
     402
     413
     377
     375
     401
     381
     372
     378
     359
     356
     317
     396
     392
     373
     352
     369
     377
     384
     360
     340
     367
     368
     390
     369
     356
     371
     357
     341
     325
     332
     299
     356
     339
     340
     312
     334
     325
     340
     326
     338
     325
     339
     321
     327
     300
     286
     284
     309
     294
     254
     266
     282
     288
     247
     278
     264
     274
     236
     245
     240
     236
     265
     245
     229
     227
     203
     233
     235
     219
     217
     224
     204
     213
     183
     224
     198
     213
     192
     184
     175
     180
     195
     182
     188
     172
     196
     181
     179
     185
     180
     193
     191
     179
     160
     169
     152
     176
     160
     172
     148
     166
     145
     154
     172
     156
     172
     165
     126
     152
     143
     150
     162
     138
     158
     139
     155
     153
     133
     141
     143
     170
     139
     166
     154
     133
     128
     140
     153
     145
     140
     153
     133
     118
     161
     143
     140
     157
     143
     150
     145
     153
     129
     136
     132
     149
     109
     127
     140
     129
     134
     136
     129
     124
     129
     143
     132
     135
     132
     139
     139
     124
     121
     118
     155
     126
     139
     119
     140
     123
     117
     124
     134
     114
     128
     139
     121
     162
     133
     136
     134
     137
     127
     135
     132
     147
     121
     128
     135
     162
     140
     144
     162
     165
     168
     166
     163
     179
     157
     189
     191
     192
     200
     215
     202
     211
     238
     258
     254
     250
     273
     281
     313
     322
     358
     350
     389
     433
     406
     437
     489
     500
     491
     547
     568
     616
     609
     647
     701
     707
     745
     800
     801
     833
     932
     955
     995
    1017
    1018
    1031
    1101
    1120
    1203
    1188
    1190
    1254
    1284
    1302
    1328
    1285
    1358
    1354
    1357
    1362
    1378
    1302
    1433
    1381
    1361
    1351
    1395
    1294
    1283
    1263
    1284
    1203
    1213
    1199
    1158
    1075
    1101
    1033
     957
     963
     990
     890
     883
     906
     738
     747
     722
     661
     595
     609
     582
     497
     503
     456
     445
     406
     387
     383
     317
     307
     288
     274
     263
     231
     207
     174
     183
     156
     162
     147
     124
     106
     104
      95
      89
      85
      87
      84
      79
      74
      74
      64
      76
      89
      67
      70
      53
      52
      63
      57
      55
      57
      48
      58
      45
      67
      73
      50
      36
      48
      40
      50
      40
      67
      53
      42
      68
      56
      50
      55
      55
      60
      65
      57
      54
      68
      51
      59
      59
      44
      56
      51
      58
      50
      43
      45
      62
      34
      56
      53
      61
      58
      49
      56
      42
      41
      43
      47
      63
      45
      45
      38
      36
      46
      44
      58
      43
      46
      71
      25
      51
      37
      46
      54
      56
      47
      59
      69
      53
      50
      43
      50
      52
      56
      47
      58
      53
      50
      42
      51
      57
      45
      44
      50
      37
      40
      54
      43
      43
      47
      49
      42
      43
      49
      39
      45
      55
      39
      45
      40
      52
      52
      37
      45
      53
      56
      45
      44
      48
      57
      44
      60
      43
      51
      44
      45
      52
      59
      37
      49
      45
      55
      46
      46
      38
      63
      53
      41
      40
      43
      49
      45
      44
      37
      25
      41
      45
      52
      47
      46
      49
      44
      59
      45
      56
      43
      49
      57
      35
      43
      52
      41
      37
      51
      43
      45
      47
      49
      45
      56
      57
      40
      47
      49
      39
      42
      53
      52
      46
      52
      39
      49
      43
      48
      41
      44
      65
      53
      41
      42
      46
      44
      52
      46
      41
      56
      42
      60
      42
      41
      40
      35
      46
      49
      39
      55
      53
      37
      46
      27
      51
      47
      47
      46
      41
      43
      58
      42
      48
      51
      46
      53
      53
      48
      51
      46
      50
      44
      39
      55
      47
      36
      47
      53
      51
      41
      48
      37
      49
      45
      51
      52
      47
      42
      57
      53
      56
      42
      44
      43
      43
      52
      43
      48
      59
      46
      60
      42
      41
      34
      62
      53
      57
      33
      59
      36
      50
      40
      61
      54
      51
      48
      50
      41
      59
      44
      45
      44
      44
      51
      61
      37
      43
      49
      58
      58
      52
      52
      54
      45
      52
      54
      35
      49
      51
      53
      43
      50
      38
      46
      40
      52
      38
       5
       0
       0
       0
       0
       0
       0
       0
       0
       0
       0
       0
       0
       0
       0
       0
       0
       0
       0
       0
       0
       0
       0
       0
       0
       0
       0
       0
       0
       0
       0
       0
       0
       0
       0
       0
       0
       0
       0
       0
       0
       0
       0
       0
       0
       0
       0
       0
       0
       0
       0
       0
       0
       0
       0
       0
       0
       0
       0
       0
       0
       0
       0
       0
       0
       0
$ROI:
2
95 97
514 605
$PRESETS:
Real Time
200
0
$ENER_FIT:
-289.438599 1.280702
$MCA_CAL:
3
-2.894386E+002 1.280702E+000 0.000000E+000
$SHAPE_CAL:
3
0.000000E+000 0.000000E+000 0.000000E+000
