$SPEC_ID:
MEASURE 399.
$SPEC_REM:
DET# 1
DETDESC# MCB 25
AP# Maestro Version 6.05
$DATE_MEA:
03/16/2003 16:09:31
$MEAS_TIM:
192 200
$DATA:
0 1023
       0
       0
       0
       0
       0
       0
       0
       0
       0
       0
       0
       0
       0
       0
       0
       0
       0
     110
     257
     244
     249
     241
     237
     242
     282
     268
     252
     231
     258
     291
     272
     263
     287
     267
     274
     272
     268
     267
     252
     282
     264
     286
     294
     282
     279
     264
     327
     305
     280
     299
     282
     276
     277
     283
     283
     283
     303
     293
     317
     299
     284
     266
     284
     316
     312
     284
     302
     311
     291
     310
     312
     325
     297
     311
     307
     341
     362
     339
     354
     357
     379
     346
     376
     373
     342
     381
     391
     405
     421
     406
     412
     431
     412
     412
     425
     445
     483
     483
     447
     453
     469
     464
     486
     493
     502
     524
     467
     493
     516
     505
     512
     509
     560
     509
     536
     534
     591
     571
     568
     571
     539
     551
     559
     558
     603
     547
     536
     548
     642
     586
     607
     631
     605
     625
     620
     626
     628
     662
     636
     618
     577
     616
     681
     660
     702
     657
     647
     658
     644
     653
     647
     686
     673
     697
     645
     641
     662
     677
     617
     619
     648
     610
     632
     682
     618
     660
     666
     679
     630
     643
     658
     614
     665
     637
     639
     646
     652
     642
     675
     709
     607
     671
     654
     642
     647
     677
     694
     684
     635
     622
     666
     693
     636
     668
     719
     723
     709
     681
     686
     677
     718
     724
     763
     746
     708
     720
     725
     775
     762
     801
     779
     726
     759
     777
     778
     763
     820
     780
     724
     738
     769
     797
     768
     792
     758
     772
     712
     674
     723
     729
     755
     732
     656
     659
     703
     656
     676
     708
     700
     659
     653
     679
     654
     657
     625
     610
     603
     639
     623
     622
     628
     576
     549
     625
     604
     611
     535
     595
     599
     584
     581
     606
     597
     590
     581
     564
     578
     539
     597
     505
     566
     549
     562
     563
     563
     546
     485
     559
     587
     559
     523
     547
     532
     573
     492
     490
     503
     523
     486
     504
     523
     541
     484
     483
     442
     469
     510
     485
     459
     443
     439
     451
     472
     446
     466
     475
     473
     483
     464
     394
     438
     440
     431
     463
     414
     427
     412
     429
     417
     406
     432
     427
     429
     411
     402
     413
     420
     423
     385
     406
     387
     397
     364
     415
     414
     400
     373
     402
     383
     397
     425
     381
     388
     363
     402
     375
     371
     409
     389
     401
     365
     397
     366
     337
     365
     374
     329
     366
     376
     349
     394
     341
     356
     349
     336
     337
     360
     328
     352
     348
     394
     344
     318
     327
     340
     297
     333
     325
     321
     324
     334
     304
     299
     259
     294
     274
     295
     278
     270
     265
     283
     289
     280
     266
     275
     245
     254
     248
     241
     228
     247
     228
     215
     240
     212
     210
     218
     195
     181
     209
     209
     206
     189
     186
     209
     190
     165
     197
     186
     211
     191
     167
     164
     182
     181
     193
     163
     200
     186
     176
     180
     169
     176
     161
     162
     180
     192
     142
     159
     186
     161
     145
     156
     148
     164
     154
     156
     156
     156
     168
     152
     146
     157
     170
     153
     141
     147
     173
     139
     151
     129
     143
     138
     163
     142
     150
     164
     143
     149
     149
     148
     145
     139
     158
     137
     138
     146
     145
     143
     135
     149
     118
     111
     128
     138
     114
     142
     139
     138
     140
     125
     129
     125
     123
     135
     115
     132
     148
     146
     133
     131
     132
     123
     135
     132
     131
     130
     118
     140
     110
     133
     152
     129
     149
     124
     128
     113
     124
     141
     154
     164
     139
     147
     144
     140
     163
     166
     151
     155
     157
     163
     151
     178
     181
     209
     176
     206
     210
     206
     204
     252
     257
     265
     301
     300
     262
     353
     323
     347
     362
     390
     378
     399
     421
     448
     456
     495
     531
     562
     645
     586
     647
     749
     725
     754
     796
     768
     890
     974
     941
     995
    1001
    1047
    1102
    1144
    1163
    1133
    1186
    1193
    1189
    1313
    1352
    1318
    1333
    1356
    1394
    1380
    1352
    1423
    1346
    1394
    1328
    1405
    1423
    1316
    1344
    1388
    1299
    1291
    1296
    1186
    1211
    1161
    1155
    1052
    1019
    1038
     965
     952
     921
     856
     794
     785
     703
     698
     672
     692
     627
     537
     561
     495
     413
     392
     385
     364
     391
     307
     303
     255
     230
     229
     217
     210
     173
     171
     177
     116
     122
     121
     109
     111
      93
      90
      84
      92
      78
      76
      64
      74
      73
      62
      69
      62
      59
      63
      57
      59
      61
      49
      54
      51
      57
      58
      51
      50
      60
      52
      58
      69
      46
      54
      49
      46
      50
      41
      53
      43
      50
      51
      40
      38
      50
      48
      52
      56
      43
      43
      50
      45
      40
      59
      36
      53
      59
      57
      47
      65
      46
      47
      58
      50
      52
      33
      59
      44
      58
      43
      50
      59
      46
      50
      36
      46
      47
      38
      44
      38
      49
      40
      56
      50
      41
      61
      41
      49
      50
      46
      48
      42
      38
      44
      43
      48
      50
      39
      54
      53
      51
      56
      53
      56
      55
      51
      48
      47
      63
      48
      46
      40
      52
      43
      40
      30
      69
      43
      49
      59
      49
      45
      45
      47
      48
      52
      47
      48
      51
      55
      36
      46
      45
      48
      50
      32
      51
      51
      50
      42
      56
      50
      48
      36
      49
      52
      41
      53
      33
      54
      56
      40
      47
      43
      42
      50
      45
      49
      50
      44
      35
      38
      45
      41
      61
      43
      44
      45
      40
      60
      46
      45
      51
      53
      54
      47
      48
      32
      43
      38
      45
      31
      52
      45
      39
      43
      53
      49
      48
      53
      37
      57
      53
      38
      49
      52
      62
      44
      32
      46
      47
      41
      49
      42
      44
      50
      37
      48
      55
      51
      44
      46
      37
      42
      47
      46
      60
      46
      53
      40
      48
      45
      48
      44
      49
      41
      54
      48
      40
      41
      46
      52
      41
      47
      36
      53
      42
      46
      38
      35
      44
      51
      66
      55
      41
      46
      54
      41
      45
      52
      49
      46
      55
      48
      59
      41
      50
      44
      59
      51
      49
      45
      48
      42
      43
      48
      44
      49
      48
      57
      48
      56
      56
      53
      50
      50
      38
      46
      49
      62
      44
      61
      44
      45
      52
      41
      43
      41
      50
      37
      54
      42
      52
      43
      47
      45
      44
      42
      38
      41
      52
      37
      57
      56
      61
      60
      50
      58
      44
      44
      51
      59
      46
      49
      45
      65
      36
      44
      50
      48
      25
       1
       0
       0
       0
       0
       0
       0
       0
       0
       0
       0
       0
       0
       0
       0
       0
       0
       0
       0
       0
       0
       0
       0
       0
       0
       0
       0
       0
       0
       0
       0
       0
       0
       0
       0
       0
       0
       0
       0
       0
       0
       0
       0
       0
       0
       0
       0
       0
       0
       0
       0
       0
       0
       0
       0
       0
       0
       0
       0
       0
       0
       0
       0
       0
       0
       0
$ROI:
2
95 97
514 605
$PRESETS:
Real Time
200
0
$ENER_FIT:
-289.438599 1.280702
$MCA_CAL:
3
-2.894386E+002 1.280702E+000 0.000000E+000
$SHAPE_CAL:
3
0.000000E+000 0.000000E+000 0.000000E+000
