$SPEC_ID:
MEASURE 750.
$SPEC_REM:
DET# 1
DETDESC# MCB 25
AP# Maestro Version 6.05
$DATE_MEA:
03/17/2003 21:24:31
$MEAS_TIM:
192 200
$DATA:
0 1023
       0
       0
       0
       0
       0
       0
       0
       0
       0
       0
       0
       0
       0
       0
       0
       0
       0
      91
     252
     257
     245
     266
     275
     219
     227
     255
     242
     264
     239
     262
     238
     266
     247
     298
     246
     265
     290
     248
     266
     251
     281
     252
     275
     298
     280
     289
     306
     259
     287
     254
     268
     313
     258
     271
     303
     268
     327
     285
     304
     267
     286
     279
     297
     273
     276
     320
     304
     321
     265
     333
     282
     299
     290
     303
     313
     342
     326
     370
     336
     315
     327
     363
     357
     341
     383
     363
     402
     369
     359
     364
     397
     440
     381
     432
     399
     470
     417
     406
     414
     414
     460
     486
     470
     473
     438
     489
     462
     496
     464
     459
     471
     513
     527
     528
     534
     503
     555
     524
     554
     537
     541
     562
     581
     525
     560
     572
     566
     573
     576
     578
     578
     568
     577
     554
     598
     642
     603
     590
     608
     614
     632
     654
     616
     632
     642
     632
     604
     627
     590
     603
     620
     604
     591
     645
     646
     628
     636
     625
     672
     676
     691
     675
     659
     660
     742
     671
     698
     600
     663
     626
     690
     637
     620
     671
     706
     649
     656
     683
     634
     648
     685
     624
     617
     637
     631
     604
     633
     631
     675
     658
     647
     644
     669
     640
     592
     705
     646
     676
     683
     707
     699
     718
     659
     684
     692
     693
     706
     725
     739
     755
     758
     764
     742
     816
     765
     759
     730
     773
     708
     816
     761
     763
     695
     750
     765
     736
     757
     693
     754
     736
     726
     681
     684
     721
     704
     643
     713
     621
     653
     706
     680
     641
     637
     639
     644
     579
     667
     607
     598
     634
     634
     648
     657
     603
     591
     617
     582
     603
     546
     593
     582
     625
     576
     606
     569
     543
     585
     591
     540
     552
     541
     545
     587
     545
     508
     542
     524
     550
     556
     543
     553
     519
     533
     505
     524
     499
     503
     483
     472
     500
     523
     472
     507
     498
     516
     494
     505
     483
     498
     476
     449
     493
     470
     500
     479
     427
     467
     454
     443
     440
     461
     450
     434
     400
     414
     464
     420
     430
     421
     423
     410
     393
     424
     444
     434
     414
     423
     427
     401
     420
     396
     391
     380
     391
     384
     444
     406
     403
     384
     375
     437
     418
     382
     399
     404
     417
     377
     392
     381
     378
     341
     391
     403
     384
     359
     375
     367
     366
     377
     396
     372
     371
     373
     371
     341
     320
     366
     404
     360
     350
     319
     338
     351
     328
     321
     318
     315
     324
     338
     337
     320
     287
     336
     287
     302
     321
     296
     298
     299
     286
     292
     260
     287
     264
     262
     265
     242
     232
     240
     249
     237
     258
     259
     224
     232
     239
     217
     231
     241
     225
     201
     228
     214
     169
     195
     229
     205
     221
     215
     204
     214
     203
     202
     188
     186
     178
     166
     182
     177
     170
     176
     175
     163
     163
     176
     173
     176
     175
     136
     178
     169
     145
     159
     156
     150
     142
     147
     157
     124
     141
     150
     146
     168
     136
     165
     155
     162
     176
     145
     125
     159
     160
     141
     145
     148
     143
     151
     149
     165
     152
     144
     132
     130
     127
     142
     154
     140
     134
     149
     137
     129
     147
     140
     138
     145
     143
     122
     131
     126
     138
     141
     126
     139
     128
     129
     119
     142
     155
     149
     125
     126
     123
      94
     123
     123
     147
     123
     129
     148
     139
     135
     131
     124
     143
     113
     129
     141
     154
     134
     138
     130
     136
     117
     142
     132
     126
     157
     158
     138
     150
     149
     157
     138
     160
     152
     158
     144
     175
     189
     174
     174
     162
     180
     193
     181
     199
     213
     237
     266
     244
     249
     252
     302
     314
     310
     306
     354
     391
     389
     411
     446
     482
     505
     502
     528
     562
     610
     601
     671
     673
     671
     732
     760
     813
     825
     843
     916
     995
     945
    1027
    1040
    1033
    1071
    1159
    1082
    1189
    1234
    1285
    1222
    1303
    1296
    1420
    1365
    1400
    1355
    1441
    1338
    1382
    1342
    1392
    1388
    1313
    1330
    1349
    1297
    1319
    1214
    1255
    1250
    1267
    1125
    1102
    1024
    1047
    1076
    1004
     991
     913
     832
     829
     767
     745
     683
     669
     625
     584
     551
     529
     526
     421
     423
     382
     390
     327
     334
     279
     290
     264
     261
     187
     191
     164
     154
     183
     149
     132
     114
      99
     115
     106
      98
     106
      73
      86
      82
      81
      82
      57
      67
      57
      64
      72
      57
      60
      44
      54
      46
      57
      53
      45
      54
      57
      41
      43
      58
      55
      49
      58
      45
      54
      54
      55
      48
      44
      49
      50
      57
      55
      52
      56
      51
      51
      42
      57
      49
      43
      55
      52
      40
      41
      55
      48
      45
      38
      45
      57
      54
      47
      47
      46
      43
      54
      41
      45
      49
      52
      47
      42
      57
      48
      50
      47
      40
      42
      43
      49
      49
      53
      43
      47
      54
      38
      50
      45
      37
      49
      43
      52
      50
      36
      57
      53
      52
      54
      44
      30
      54
      40
      34
      44
      39
      42
      41
      50
      53
      53
      48
      49
      51
      48
      43
      39
      49
      56
      49
      45
      55
      39
      45
      51
      43
      44
      40
      48
      55
      50
      50
      44
      50
      39
      51
      49
      44
      48
      36
      43
      55
      55
      59
      38
      41
      56
      41
      51
      43
      38
      43
      50
      43
      45
      50
      55
      51
      36
      47
      49
      49
      35
      39
      54
      44
      52
      33
      51
      44
      50
      53
      49
      39
      34
      55
      48
      32
      48
      38
      47
      47
      40
      46
      46
      45
      49
      54
      46
      43
      44
      49
      47
      43
      48
      48
      51
      44
      45
      58
      48
      38
      46
      37
      58
      55
      51
      54
      52
      45
      48
      42
      59
      45
      62
      55
      41
      54
      51
      45
      47
      42
      55
      46
      38
      52
      33
      55
      63
      39
      44
      46
      58
      36
      47
      53
      47
      48
      55
      45
      39
      49
      62
      40
      38
      33
      48
      56
      52
      53
      42
      49
      36
      52
      43
      56
      39
      45
      55
      53
      42
      32
      44
      47
      49
      55
      53
      49
      42
      47
      36
      41
      42
      58
      44
      46
      63
      52
      51
      57
      45
      42
      56
      50
      54
      50
      48
      36
      53
      43
      42
      51
      54
      41
      41
      35
      45
      41
      49
      38
      43
      57
      61
      53
      41
      36
      38
      46
      50
      53
      33
      45
      35
       4
       0
       0
       0
       0
       0
       0
       0
       0
       0
       0
       0
       0
       0
       0
       0
       0
       0
       0
       0
       0
       0
       0
       0
       0
       0
       0
       0
       0
       0
       0
       0
       0
       0
       0
       0
       0
       0
       0
       0
       0
       0
       0
       0
       0
       0
       0
       0
       0
       0
       0
       0
       0
       0
       0
       0
       0
       0
       0
       0
       0
       0
       0
       0
       0
       0
$ROI:
2
95 97
514 605
$PRESETS:
Real Time
200
0
$ENER_FIT:
-289.438599 1.280702
$MCA_CAL:
3
-2.894386E+002 1.280702E+000 0.000000E+000
$SHAPE_CAL:
3
0.000000E+000 0.000000E+000 0.000000E+000
