$SPEC_ID:
MEASURE 432.
$SPEC_REM:
DET# 1
DETDESC# MCB 25
AP# Maestro Version 6.05
$DATE_MEA:
03/16/2003 18:54:31
$MEAS_TIM:
192 200
$DATA:
0 1023
       0
       0
       0
       0
       0
       0
       0
       0
       0
       0
       0
       0
       0
       0
       0
       0
       0
     122
     232
     250
     246
     231
     238
     253
     236
     234
     259
     244
     237
     256
     233
     265
     266
     256
     258
     255
     267
     263
     245
     271
     266
     255
     299
     264
     267
     248
     305
     292
     298
     275
     271
     296
     259
     273
     277
     310
     269
     255
     263
     290
     303
     287
     289
     301
     298
     309
     252
     318
     305
     300
     314
     289
     336
     335
     325
     306
     333
     359
     355
     357
     371
     338
     347
     370
     384
     367
     401
     348
     415
     450
     399
     402
     419
     399
     445
     434
     403
     426
     433
     462
     463
     473
     514
     474
     499
     493
     517
     458
     500
     525
     482
     551
     505
     514
     504
     533
     508
     546
     547
     579
     561
     548
     549
     601
     566
     573
     553
     590
     640
     565
     650
     617
     614
     593
     613
     598
     610
     644
     663
     609
     597
     653
     615
     603
     645
     669
     646
     651
     665
     652
     620
     644
     652
     621
     646
     667
     621
     662
     613
     662
     623
     675
     657
     656
     621
     648
     654
     652
     674
     697
     624
     718
     670
     635
     625
     658
     645
     655
     646
     683
     637
     704
     676
     639
     670
     658
     657
     692
     728
     686
     638
     644
     713
     686
     676
     699
     729
     685
     693
     758
     656
     726
     775
     761
     751
     742
     753
     797
     748
     775
     759
     803
     717
     734
     761
     813
     739
     764
     790
     747
     755
     783
     749
     705
     774
     764
     763
     722
     714
     767
     698
     678
     688
     649
     700
     703
     703
     641
     664
     650
     635
     593
     678
     626
     629
     636
     628
     602
     587
     591
     592
     639
     627
     573
     629
     563
     611
     560
     560
     566
     551
     578
     612
     589
     561
     576
     564
     561
     561
     566
     558
     564
     545
     549
     572
     573
     529
     532
     549
     583
     545
     554
     544
     477
     535
     558
     494
     498
     523
     510
     515
     476
     464
     462
     427
     488
     478
     471
     505
     462
     448
     455
     449
     518
     493
     459
     469
     452
     470
     450
     456
     438
     392
     435
     425
     422
     424
     428
     415
     431
     445
     413
     396
     410
     442
     413
     413
     397
     426
     406
     416
     415
     375
     401
     412
     393
     414
     365
     433
     390
     373
     390
     376
     374
     369
     354
     397
     358
     396
     383
     379
     375
     375
     375
     367
     372
     343
     371
     383
     375
     335
     337
     343
     360
     368
     367
     346
     364
     354
     369
     330
     354
     296
     333
     349
     363
     321
     303
     309
     288
     304
     300
     293
     300
     277
     239
     289
     247
     282
     265
     283
     267
     281
     255
     247
     251
     269
     261
     232
     261
     227
     229
     212
     226
     217
     190
     205
     227
     200
     243
     189
     213
     203
     199
     219
     199
     226
     179
     171
     179
     196
     207
     181
     207
     187
     179
     179
     203
     171
     172
     203
     160
     173
     173
     164
     175
     168
     154
     164
     171
     158
     176
     174
     177
     147
     156
     149
     139
     152
     135
     143
     157
     142
     162
     143
     149
     133
     144
     150
     139
     156
     160
     148
     146
     137
     141
     162
     158
     143
     139
     124
     153
     132
     139
     144
     143
     142
     148
     144
     128
     126
     156
     145
     151
     120
     138
     164
     154
     144
     126
     123
     140
     148
     136
     128
     135
     127
     130
     130
     130
     127
     120
     115
     134
     124
     125
     124
     125
     121
     145
     132
     114
     149
     118
     136
     135
     151
     156
     144
     126
     132
     144
     165
     150
     135
     139
     176
     124
     164
     167
     179
     170
     165
     165
     184
     182
     180
     202
     219
     202
     244
     217
     250
     262
     249
     299
     268
     282
     323
     334
     382
     355
     393
     474
     474
     456
     471
     507
     529
     554
     646
     611
     643
     727
     733
     784
     780
     856
     843
     934
     879
     972
     988
    1020
    1052
    1101
    1129
    1166
    1179
    1241
    1243
    1268
    1375
    1359
    1341
    1397
    1357
    1368
    1401
    1389
    1360
    1424
    1379
    1414
    1444
    1312
    1356
    1429
    1321
    1287
    1228
    1235
    1274
    1181
    1155
    1135
    1146
     992
     973
     934
     964
     847
     840
     832
     790
     669
     678
     651
     623
     559
     514
     511
     476
     438
     400
     425
     345
     328
     288
     284
     247
     255
     196
     224
     176
     182
     161
     171
     133
     123
     114
      92
      98
     107
     101
      87
      89
      68
      90
      64
      81
      74
      56
      73
      58
      66
      67
      65
      64
      53
      63
      51
      55
      64
      63
      55
      52
      42
      55
      64
      51
      48
      60
      36
      57
      56
      65
      41
      55
      57
      55
      61
      47
      59
      55
      40
      55
      57
      58
      51
      47
      51
      46
      55
      63
      53
      52
      42
      53
      56
      53
      57
      50
      48
      51
      45
      53
      43
      46
      42
      42
      46
      47
      39
      60
      43
      54
      42
      36
      48
      50
      45
      35
      40
      53
      65
      60
      55
      57
      47
      47
      48
      55
      48
      39
      50
      49
      50
      44
      43
      51
      44
      41
      51
      44
      47
      60
      42
      49
      38
      42
      44
      40
      50
      47
      44
      31
      43
      59
      48
      51
      44
      40
      46
      41
      37
      52
      44
      56
      41
      50
      53
      61
      40
      49
      50
      37
      38
      45
      47
      58
      47
      48
      36
      59
      41
      49
      41
      41
      44
      46
      47
      53
      58
      48
      51
      41
      64
      38
      49
      43
      56
      45
      42
      36
      43
      51
      45
      67
      46
      36
      41
      52
      47
      54
      55
      56
      52
      48
      43
      49
      55
      52
      57
      53
      38
      49
      39
      47
      48
      40
      57
      42
      46
      48
      36
      50
      52
      49
      52
      39
      56
      39
      55
      59
      39
      47
      50
      48
      47
      43
      41
      42
      50
      41
      41
      48
      53
      47
      37
      43
      45
      46
      51
      48
      51
      33
      57
      41
      54
      57
      42
      41
      41
      55
      56
      47
      33
      49
      59
      53
      54
      43
      46
      41
      43
      48
      48
      55
      48
      52
      42
      43
      46
      53
      57
      50
      56
      44
      39
      36
      43
      53
      59
      48
      47
      55
      44
      48
      51
      57
      47
      41
      47
      50
      45
      40
      49
      41
      40
      44
      46
      48
      41
      54
      40
      36
      43
      57
      45
      36
      50
      55
      55
      52
      47
      49
      52
      42
      47
      48
      42
      64
      41
      39
      45
      46
      47
      47
      46
      53
      37
      47
      47
      43
      43
      36
      31
       3
       0
       0
       0
       0
       0
       0
       0
       0
       0
       0
       0
       0
       0
       0
       0
       0
       0
       0
       0
       0
       0
       0
       0
       0
       0
       0
       0
       0
       0
       0
       0
       0
       0
       0
       0
       0
       0
       0
       0
       0
       0
       0
       0
       0
       0
       0
       0
       0
       0
       0
       0
       0
       0
       0
       0
       0
       0
       0
       0
       0
       0
       0
       0
       0
       0
$ROI:
2
95 97
514 605
$PRESETS:
Real Time
200
0
$ENER_FIT:
-289.438599 1.280702
$MCA_CAL:
3
-2.894386E+002 1.280702E+000 0.000000E+000
$SHAPE_CAL:
3
0.000000E+000 0.000000E+000 0.000000E+000
