$SPEC_ID:
MEASURE 508.
$SPEC_REM:
DET# 1
DETDESC# MCB 25
AP# Maestro Version 6.05
$DATE_MEA:
03/17/2003 01:14:31
$MEAS_TIM:
192 200
$DATA:
0 1023
       0
       0
       0
       0
       0
       0
       0
       0
       0
       0
       0
       0
       0
       0
       0
       0
       0
     116
     230
     266
     227
     245
     237
     207
     252
     287
     267
     239
     255
     242
     243
     270
     242
     256
     278
     283
     275
     288
     288
     259
     259
     264
     301
     305
     257
     284
     296
     305
     261
     288
     280
     265
     274
     281
     275
     311
     273
     295
     292
     287
     280
     268
     290
     299
     323
     273
     294
     311
     290
     338
     283
     302
     300
     336
     374
     305
     341
     365
     320
     332
     333
     352
     387
     351
     383
     365
     357
     380
     381
     384
     378
     395
     423
     402
     416
     431
     465
     436
     430
     464
     495
     450
     479
     477
     471
     511
     449
     510
     496
     506
     524
     506
     545
     547
     536
     484
     545
     546
     532
     545
     588
     582
     548
     569
     585
     531
     571
     558
     562
     575
     587
     614
     603
     600
     627
     599
     616
     689
     586
     645
     611
     631
     632
     651
     580
     655
     665
     663
     626
     656
     637
     652
     672
     637
     663
     681
     663
     647
     665
     607
     682
     673
     625
     663
     615
     620
     660
     660
     666
     671
     626
     618
     664
     638
     665
     611
     627
     645
     677
     701
     647
     668
     659
     617
     704
     596
     669
     705
     670
     642
     654
     661
     665
     645
     616
     693
     674
     669
     725
     680
     745
     682
     716
     715
     708
     778
     723
     738
     760
     764
     742
     759
     738
     739
     754
     838
     793
     773
     790
     814
     715
     732
     704
     735
     747
     744
     778
     720
     751
     717
     699
     676
     685
     717
     738
     713
     724
     720
     661
     699
     682
     648
     682
     647
     686
     633
     643
     633
     608
     613
     615
     642
     570
     573
     601
     586
     539
     593
     632
     604
     579
     589
     603
     574
     611
     586
     542
     554
     561
     568
     554
     568
     542
     522
     572
     527
     569
     552
     540
     533
     490
     527
     552
     526
     533
     503
     494
     472
     504
     484
     505
     472
     506
     475
     497
     474
     495
     494
     495
     472
     486
     448
     498
     461
     459
     458
     461
     450
     431
     441
     393
     430
     466
     428
     426
     411
     420
     431
     422
     396
     439
     389
     448
     399
     441
     444
     394
     381
     393
     419
     388
     379
     423
     361
     411
     458
     427
     414
     422
     408
     364
     403
     375
     411
     386
     397
     391
     396
     374
     405
     400
     381
     346
     395
     360
     387
     369
     374
     356
     360
     366
     337
     373
     356
     330
     363
     346
     346
     391
     336
     365
     315
     358
     348
     316
     354
     320
     307
     315
     337
     338
     352
     298
     326
     306
     294
     287
     309
     314
     279
     275
     266
     282
     270
     275
     271
     295
     259
     240
     237
     215
     254
     223
     235
     215
     217
     192
     225
     199
     197
     226
     211
     204
     215
     188
     173
     204
     200
     197
     211
     188
     181
     174
     182
     164
     162
     200
     170
     161
     190
     173
     163
     156
     145
     201
     184
     166
     157
     195
     168
     168
     164
     144
     177
     137
     150
     173
     165
     152
     137
     161
     155
     141
     155
     135
     140
     143
     146
     144
     132
     175
     140
     131
     130
     187
     129
     126
     161
     161
     139
     137
     123
     133
     133
     146
     118
     126
     138
     140
     160
     125
     139
     116
     155
     127
     141
     134
     120
     133
     121
     145
     151
     138
     121
     117
     118
     145
     120
     127
     136
     136
     122
     134
     136
     121
     116
     120
     126
     133
     135
     126
     132
     132
     118
     140
     119
     154
     136
     135
     122
     137
     127
     150
     122
     127
     144
     152
     147
     160
     166
     145
     158
     180
     184
     191
     167
     172
     184
     182
     200
     195
     202
     218
     257
     245
     269
     267
     277
     287
     323
     301
     327
     372
     350
     370
     444
     438
     446
     492
     523
     535
     610
     561
     630
     587
     681
     771
     729
     792
     862
     844
     855
     894
     994
     976
    1099
    1072
    1060
    1146
    1193
    1164
    1267
    1210
    1266
    1260
    1281
    1342
    1335
    1330
    1409
    1429
    1354
    1384
    1402
    1410
    1330
    1333
    1330
    1339
    1327
    1266
    1212
    1239
    1254
    1181
    1178
    1138
    1085
    1048
    1008
     984
     946
     871
     860
     812
     786
     697
     705
     685
     619
     611
     589
     516
     504
     428
     422
     375
     370
     341
     294
     314
     283
     235
     212
     202
     205
     191
     178
     153
     132
     149
     123
     129
      96
     103
      94
      84
      77
     104
      74
      69
      76
      50
      60
      66
      68
      53
      70
      58
      60
      56
      53
      59
      58
      61
      65
      60
      51
      50
      55
      51
      56
      46
      47
      44
      50
      42
      44
      48
      56
      47
      42
      37
      43
      50
      46
      54
      48
      52
      55
      57
      59
      43
      49
      58
      48
      50
      43
      52
      49
      57
      59
      48
      35
      36
      42
      47
      33
      41
      45
      39
      41
      51
      53
      48
      46
      55
      34
      50
      43
      46
      33
      54
      43
      38
      38
      43
      39
      44
      32
      49
      55
      52
      49
      48
      42
      44
      42
      38
      45
      57
      38
      34
      44
      44
      47
      38
      52
      54
      45
      56
      46
      45
      46
      46
      36
      47
      42
      52
      43
      36
      44
      45
      37
      42
      57
      52
      43
      37
      43
      44
      38
      41
      54
      43
      46
      47
      41
      44
      49
      49
      55
      39
      41
      34
      42
      39
      45
      46
      46
      40
      55
      34
      49
      51
      53
      44
      49
      54
      50
      50
      62
      53
      42
      52
      53
      42
      62
      36
      40
      39
      61
      48
      47
      44
      39
      56
      47
      63
      40
      41
      45
      50
      44
      40
      47
      46
      56
      40
      40
      51
      40
      42
      45
      60
      35
      44
      40
      52
      40
      43
      43
      52
      54
      57
      39
      48
      53
      45
      41
      38
      53
      46
      51
      50
      52
      59
      44
      49
      44
      44
      43
      42
      48
      49
      34
      50
      42
      35
      46
      52
      54
      52
      41
      47
      49
      49
      53
      51
      47
      34
      35
      51
      52
      53
      53
      50
      42
      47
      48
      60
      46
      50
      47
      38
      41
      49
      43
      50
      34
      50
      43
      52
      56
      53
      51
      56
      51
      52
      54
      45
      53
      49
      41
      47
      54
      59
      42
      37
      53
      41
      47
      45
      51
      59
      32
      53
      57
      51
      58
      50
      55
      58
      56
      42
      56
      55
      45
      32
      58
      27
      41
      43
      51
      54
      44
      61
      50
      63
      36
      56
      45
      46
      58
      39
      39
      52
      31
       4
       0
       0
       0
       0
       0
       0
       0
       0
       0
       0
       0
       0
       0
       0
       0
       0
       0
       0
       0
       0
       0
       0
       0
       0
       0
       0
       0
       0
       0
       0
       0
       0
       0
       0
       0
       0
       0
       0
       0
       0
       0
       0
       0
       0
       0
       0
       0
       0
       0
       0
       0
       0
       0
       0
       0
       0
       0
       0
       0
       0
       0
       0
       0
       0
       0
$ROI:
2
95 97
514 605
$PRESETS:
Real Time
200
0
$ENER_FIT:
-289.438599 1.280702
$MCA_CAL:
3
-2.894386E+002 1.280702E+000 0.000000E+000
$SHAPE_CAL:
3
0.000000E+000 0.000000E+000 0.000000E+000
