$SPEC_ID:
MEASURE 088.
$SPEC_REM:
DET# 1
DETDESC# MCB 25
AP# Maestro Version 6.05
$DATE_MEA:
03/15/2003 14:14:31
$MEAS_TIM:
192 200
$DATA:
0 1023
       0
       0
       0
       0
       0
       0
       0
       0
       0
       0
       0
       0
       0
       0
       0
       0
       0
     138
     248
     260
     250
     255
     256
     253
     303
     253
     254
     235
     256
     234
     288
     284
     258
     274
     293
     268
     294
     292
     293
     298
     298
     253
     277
     290
     287
     288
     276
     263
     271
     289
     314
     290
     328
     269
     331
     302
     315
     308
     301
     289
     266
     312
     309
     287
     307
     350
     298
     311
     290
     373
     308
     360
     324
     326
     347
     358
     353
     374
     378
     350
     369
     376
     398
     408
     367
     386
     382
     411
     423
     438
     454
     428
     425
     500
     484
     473
     476
     486
     489
     514
     478
     491
     472
     492
     530
     513
     533
     522
     521
     527
     558
     545
     562
     555
     570
     540
     578
     582
     568
     619
     624
     596
     572
     589
     652
     616
     629
     612
     613
     621
     609
     669
     663
     602
     665
     616
     678
     657
     639
     683
     653
     678
     724
     632
     672
     676
     615
     668
     713
     655
     663
     704
     670
     704
     668
     682
     685
     644
     664
     702
     670
     686
     698
     674
     699
     629
     669
     735
     724
     690
     634
     724
     698
     697
     694
     661
     684
     677
     664
     627
     741
     712
     661
     670
     653
     665
     673
     670
     674
     683
     713
     721
     726
     758
     735
     726
     731
     699
     707
     780
     793
     771
     721
     838
     784
     800
     798
     754
     785
     789
     794
     757
     847
     802
     818
     811
     739
     704
     756
     791
     750
     821
     744
     718
     729
     727
     743
     672
     702
     724
     664
     678
     682
     679
     674
     660
     660
     636
     648
     628
     678
     607
     684
     586
     625
     671
     608
     576
     617
     608
     587
     607
     631
     587
     610
     621
     634
     616
     573
     603
     619
     591
     566
     558
     588
     587
     560
     546
     531
     568
     556
     559
     507
     524
     561
     531
     531
     525
     543
     542
     525
     534
     521
     507
     524
     470
     474
     518
     504
     475
     475
     467
     497
     479
     475
     499
     483
     469
     491
     430
     464
     441
     396
     434
     424
     393
     433
     451
     430
     410
     481
     437
     447
     422
     448
     444
     389
     439
     434
     422
     445
     400
     414
     429
     413
     411
     405
     400
     415
     381
     422
     445
     389
     373
     391
     416
     374
     400
     417
     382
     381
     329
     407
     369
     363
     389
     357
     379
     348
     377
     380
     374
     378
     376
     371
     361
     340
     382
     349
     331
     329
     332
     383
     364
     329
     306
     344
     348
     321
     331
     334
     333
     317
     275
     307
     265
     299
     322
     291
     305
     280
     264
     299
     267
     269
     275
     242
     281
     246
     240
     227
     230
     236
     247
     219
     247
     203
     221
     217
     205
     205
     203
     214
     200
     177
     186
     205
     204
     198
     189
     196
     208
     192
     178
     153
     200
     194
     188
     168
     183
     174
     178
     164
     173
     162
     160
     147
     172
     156
     183
     180
     164
     165
     150
     163
     157
     173
     150
     158
     157
     158
     139
     151
     119
     164
     154
     153
     158
     162
     143
     149
     141
     150
     154
     153
     157
     153
     152
     165
     174
     142
     136
     136
     137
     145
     140
     162
     132
     137
     141
     154
     139
     119
     122
     129
     156
     175
     138
     137
     134
     119
     126
     137
     139
     135
     137
     132
     133
     117
     127
     121
     122
     144
     140
     138
     130
     112
     153
     138
     123
     129
     140
     153
     168
     144
     151
     151
     167
     155
     149
     148
     171
     151
     162
     175
     163
     185
     178
     185
     195
     203
     185
     175
     212
     213
     220
     247
     243
     243
     275
     271
     309
     296
     325
     315
     356
     409
     387
     444
     395
     478
     491
     508
     574
     598
     618
     681
     681
     712
     742
     789
     788
     820
     890
     956
     974
    1039
    1068
    1010
    1139
    1156
    1184
    1205
    1222
    1266
    1341
    1274
    1384
    1417
    1392
    1413
    1451
    1436
    1474
    1426
    1394
    1432
    1421
    1392
    1424
    1386
    1349
    1310
    1305
    1254
    1252
    1235
    1231
    1119
    1083
    1121
    1024
    1009
     957
     892
     870
     858
     848
     757
     702
     677
     641
     589
     556
     530
     457
     488
     408
     383
     361
     339
     292
     305
     262
     248
     225
     214
     181
     186
     154
     154
     137
     139
     106
     108
      97
     101
      87
      69
      71
      85
      56
      73
      72
      71
      62
      55
      61
      57
      50
      61
      44
      64
      63
      71
      52
      55
      52
      44
      55
      57
      59
      63
      42
      56
      64
      55
      52
      59
      63
      52
      45
      58
      47
      49
      61
      69
      48
      59
      60
      49
      59
      54
      51
      45
      61
      54
      45
      64
      39
      64
      49
      50
      55
      43
      49
      46
      61
      57
      63
      66
      58
      45
      45
      54
      48
      48
      49
      45
      42
      57
      53
      36
      63
      43
      57
      45
      49
      44
      45
      57
      44
      55
      44
      39
      55
      54
      54
      40
      51
      48
      40
      37
      41
      71
      40
      44
      57
      63
      40
      53
      40
      45
      40
      52
      39
      39
      40
      40
      46
      44
      54
      50
      33
      51
      47
      48
      54
      51
      45
      54
      46
      47
      51
      55
      42
      54
      52
      44
      43
      61
      53
      48
      47
      48
      44
      51
      44
      47
      40
      39
      51
      61
      59
      54
      55
      59
      39
      44
      49
      43
      45
      46
      58
      57
      35
      45
      53
      58
      50
      44
      48
      39
      38
      51
      43
      51
      44
      44
      60
      45
      50
      53
      42
      54
      34
      47
      64
      42
      43
      39
      43
      42
      54
      40
      47
      47
      44
      45
      41
      52
      63
      55
      54
      43
      43
      48
      41
      44
      47
      48
      54
      35
      48
      49
      57
      33
      44
      42
      52
      62
      52
      57
      63
      49
      42
      34
      59
      50
      41
      47
      49
      61
      41
      42
      66
      47
      53
      54
      47
      59
      44
      42
      54
      39
      61
      52
      43
      54
      53
      44
      63
      46
      42
      49
      50
      51
      48
      49
      44
      51
      55
      57
      58
      49
      55
      54
      44
      41
      50
      43
      49
      47
      45
      45
      39
      37
      51
      45
      57
      54
      50
      48
      47
      62
      40
      33
      68
      55
      54
      54
      40
      65
      38
      50
      43
      48
      56
      53
      51
      57
      58
      59
      45
      56
      51
      50
      51
      56
      54
      55
      67
      45
      51
      56
      42
      34
      51
      70
      49
      54
      53
      45
      55
      55
      58
      39
      48
      47
      52
      55
      50
      44
      45
      49
      55
      36
      27
       0
       0
       0
       0
       0
       0
       0
       0
       0
       0
       0
       0
       0
       0
       0
       0
       0
       0
       0
       0
       0
       0
       0
       0
       0
       0
       0
       0
       0
       0
       0
       0
       0
       0
       0
       0
       0
       0
       0
       0
       0
       0
       0
       0
       0
       0
       0
       0
       0
       0
       0
       0
       0
       0
       0
       0
       0
       0
       0
       0
       0
       0
       0
       0
       0
       0
$ROI:
2
95 97
514 605
$PRESETS:
Real Time
200
0
$ENER_FIT:
-289.438599 1.280702
$MCA_CAL:
3
-2.894386E+002 1.280702E+000 0.000000E+000
$SHAPE_CAL:
3
0.000000E+000 0.000000E+000 0.000000E+000
