$SPEC_ID:
MEASURE 760.
$SPEC_REM:
DET# 1
DETDESC# MCB 25
AP# Maestro Version 6.05
$DATE_MEA:
03/17/2003 22:14:31
$MEAS_TIM:
192 200
$DATA:
0 1023
       0
       0
       0
       0
       0
       0
       0
       0
       0
       0
       0
       0
       0
       0
       0
       0
       0
     127
     266
     247
     218
     226
     222
     261
     240
     252
     251
     238
     262
     265
     243
     263
     258
     275
     286
     248
     288
     259
     258
     230
     258
     246
     268
     305
     274
     284
     285
     302
     297
     248
     303
     298
     301
     268
     276
     283
     259
     286
     259
     280
     276
     259
     281
     299
     288
     306
     327
     303
     271
     313
     323
     328
     308
     315
     280
     316
     339
     310
     358
     317
     340
     339
     394
     348
     340
     370
     340
     360
     391
     428
     382
     431
     395
     415
     392
     452
     470
     475
     459
     453
     480
     490
     434
     473
     470
     503
     452
     496
     476
     505
     521
     508
     496
     506
     539
     523
     556
     493
     546
     562
     538
     554
     543
     588
     583
     561
     560
     556
     572
     596
     584
     584
     575
     618
     615
     566
     625
     616
     577
     629
     604
     612
     630
     666
     661
     631
     627
     636
     675
     623
     642
     662
     622
     627
     685
     658
     646
     651
     622
     704
     669
     647
     611
     671
     604
     683
     643
     649
     599
     703
     629
     660
     676
     654
     653
     642
     647
     668
     647
     647
     649
     648
     654
     636
     687
     656
     673
     643
     698
     648
     670
     715
     626
     721
     720
     683
     695
     719
     694
     674
     724
     714
     707
     685
     693
     762
     700
     747
     725
     673
     759
     798
     787
     732
     762
     776
     762
     812
     798
     751
     757
     681
     733
     710
     737
     787
     764
     770
     710
     695
     715
     703
     721
     678
     717
     698
     703
     630
     654
     647
     642
     637
     634
     663
     625
     617
     587
     604
     643
     573
     589
     555
     637
     598
     621
     553
     595
     616
     603
     596
     646
     569
     575
     573
     546
     554
     565
     541
     510
     589
     556
     546
     565
     534
     577
     569
     531
     542
     535
     549
     529
     506
     524
     502
     513
     504
     542
     515
     531
     502
     514
     525
     490
     476
     500
     464
     487
     478
     454
     468
     507
     481
     495
     498
     506
     460
     495
     482
     466
     478
     452
     426
     448
     435
     433
     432
     396
     443
     431
     394
     378
     421
     429
     422
     434
     436
     457
     425
     417
     376
     400
     388
     403
     406
     400
     375
     368
     407
     388
     342
     366
     359
     400
     382
     407
     365
     398
     367
     376
     415
     398
     370
     334
     367
     372
     363
     369
     378
     352
     353
     375
     366
     403
     396
     340
     333
     329
     357
     364
     353
     370
     343
     343
     332
     353
     324
     307
     341
     359
     330
     308
     321
     301
     312
     280
     323
     297
     318
     322
     315
     289
     282
     274
     290
     265
     243
     311
     270
     249
     237
     275
     264
     266
     236
     257
     247
     245
     231
     230
     228
     255
     223
     198
     204
     215
     214
     206
     185
     210
     184
     204
     166
     155
     204
     181
     208
     188
     184
     162
     168
     177
     175
     165
     202
     188
     155
     160
     160
     168
     164
     167
     154
     164
     210
     142
     136
     130
     150
     139
     146
     145
     161
     156
     140
     165
     154
     146
     148
     139
     158
     139
     158
     146
     130
     140
     161
     153
     145
     163
     138
     126
     131
     159
     140
     137
     133
     134
     128
     126
     121
     150
     152
     143
     127
     142
     112
     145
     144
     162
     131
     133
     119
     134
     129
     148
     120
     131
     114
     127
     123
     122
     154
     150
     130
     123
     133
     157
     115
     140
     114
     135
     129
     123
     132
     137
     140
     143
     135
     135
     120
     159
     126
     147
     119
     136
     151
     153
     139
     130
     153
     130
     151
     151
     158
     140
     154
     155
     181
     176
     159
     168
     193
     205
     220
     204
     198
     215
     216
     217
     217
     282
     280
     337
     291
     268
     335
     330
     389
     368
     402
     397
     450
     490
     501
     548
     563
     626
     611
     695
     643
     679
     722
     767
     797
     855
     844
     915
     962
    1020
    1058
    1077
    1051
    1121
    1097
    1139
    1176
    1168
    1221
    1196
    1269
    1298
    1304
    1247
    1366
    1439
    1396
    1371
    1337
    1379
    1413
    1447
    1385
    1316
    1370
    1296
    1288
    1295
    1247
    1197
    1215
    1123
    1145
    1122
    1042
    1042
     976
    1002
     905
     825
     781
     754
     708
     686
     688
     618
     586
     593
     506
     479
     428
     429
     367
     368
     368
     326
     311
     282
     251
     251
     230
     212
     194
     197
     160
     154
     141
     122
     123
     123
     100
     114
      93
      90
      71
      82
      78
      85
      74
      63
      57
      53
      68
      68
      48
      59
      62
      54
      49
      48
      40
      42
      63
      38
      52
      67
      59
      62
      48
      46
      60
      52
      47
      49
      62
      59
      55
      52
      51
      59
      43
      43
      56
      52
      56
      58
      50
      37
      42
      51
      47
      56
      43
      40
      48
      57
      51
      31
      54
      60
      46
      48
      49
      53
      69
      47
      48
      53
      47
      47
      48
      42
      59
      36
      41
      45
      46
      49
      60
      43
      33
      58
      44
      48
      47
      47
      41
      66
      41
      48
      46
      64
      39
      56
      44
      47
      47
      35
      41
      42
      48
      48
      47
      60
      56
      46
      44
      42
      65
      48
      44
      36
      36
      54
      44
      41
      50
      38
      37
      53
      50
      55
      37
      42
      60
      51
      55
      38
      34
      51
      53
      32
      38
      43
      46
      48
      44
      48
      49
      31
      56
      41
      38
      43
      44
      48
      41
      41
      40
      45
      41
      43
      50
      54
      54
      36
      47
      40
      56
      53
      49
      41
      38
      47
      49
      40
      34
      55
      55
      43
      53
      51
      48
      41
      41
      48
      46
      50
      49
      50
      37
      62
      46
      59
      54
      41
      48
      51
      45
      39
      39
      48
      54
      37
      53
      51
      52
      47
      40
      49
      53
      47
      45
      43
      50
      40
      38
      55
      44
      38
      62
      40
      49
      50
      37
      45
      44
      42
      52
      46
      40
      38
      33
      35
      52
      40
      60
      44
      57
      53
      44
      45
      48
      46
      44
      47
      43
      44
      45
      60
      50
      41
      48
      47
      31
      46
      47
      48
      46
      46
      49
      55
      49
      43
      41
      58
      46
      43
      52
      39
      44
      47
      49
      53
      55
      53
      55
      46
      52
      41
      36
      58
      46
      56
      53
      46
      40
      45
      50
      51
      51
      36
      50
      49
      39
      45
      37
      54
      48
      51
      47
      50
      43
      45
      52
      59
      48
      39
      56
      50
      57
      45
      48
      50
      46
      45
      58
      53
      39
       2
       0
       0
       0
       0
       0
       0
       0
       0
       0
       0
       0
       0
       0
       0
       0
       0
       0
       0
       0
       0
       0
       0
       0
       0
       0
       0
       0
       0
       0
       0
       0
       0
       0
       0
       0
       0
       0
       0
       0
       0
       0
       0
       0
       0
       0
       0
       0
       0
       0
       0
       0
       0
       0
       0
       0
       0
       0
       0
       0
       0
       0
       0
       0
       0
       0
$ROI:
2
95 97
514 605
$PRESETS:
Real Time
200
0
$ENER_FIT:
-289.438599 1.280702
$MCA_CAL:
3
-2.894386E+002 1.280702E+000 0.000000E+000
$SHAPE_CAL:
3
0.000000E+000 0.000000E+000 0.000000E+000
