$SPEC_ID:
MEASURE 751.
$SPEC_REM:
DET# 1
DETDESC# MCB 25
AP# Maestro Version 6.05
$DATE_MEA:
03/17/2003 21:29:31
$MEAS_TIM:
192 200
$DATA:
0 1023
       0
       0
       0
       0
       0
       0
       0
       0
       0
       0
       0
       0
       0
       0
       0
       0
       0
     108
     225
     256
     234
     249
     234
     246
     239
     238
     262
     253
     257
     267
     251
     301
     244
     270
     288
     265
     251
     268
     276
     274
     290
     278
     287
     258
     269
     273
     248
     266
     294
     266
     306
     273
     271
     328
     246
     297
     288
     282
     284
     297
     260
     262
     258
     274
     268
     289
     315
     319
     296
     286
     328
     321
     274
     311
     332
     323
     332
     305
     309
     345
     337
     334
     330
     377
     374
     378
     396
     369
     383
     390
     423
     413
     425
     419
     433
     420
     426
     414
     415
     444
     459
     432
     490
     460
     480
     505
     485
     504
     533
     560
     516
     531
     498
     512
     541
     507
     532
     525
     513
     528
     589
     526
     569
     571
     572
     507
     536
     592
     567
     550
     560
     598
     627
     569
     622
     588
     630
     630
     582
     602
     627
     618
     625
     623
     653
     662
     634
     666
     625
     585
     623
     629
     651
     663
     654
     677
     711
     628
     638
     620
     660
     644
     681
     627
     633
     655
     620
     650
     680
     661
     664
     623
     654
     653
     665
     658
     653
     611
     685
     640
     676
     609
     589
     669
     653
     626
     703
     631
     658
     652
     640
     689
     651
     675
     694
     704
     663
     691
     622
     652
     658
     683
     650
     747
     706
     720
     703
     768
     750
     748
     749
     741
     766
     801
     789
     732
     737
     716
     778
     767
     776
     785
     708
     741
     701
     739
     754
     724
     718
     711
     697
     706
     720
     695
     722
     707
     676
     653
     694
     670
     678
     634
     669
     684
     618
     638
     626
     611
     632
     623
     580
     594
     642
     606
     613
     570
     584
     628
     589
     571
     588
     611
     604
     585
     555
     599
     577
     547
     564
     549
     603
     548
     552
     563
     568
     561
     549
     555
     529
     528
     507
     534
     528
     535
     494
     528
     522
     526
     508
     505
     505
     517
     486
     443
     463
     488
     479
     475
     477
     466
     461
     481
     512
     452
     442
     464
     497
     428
     411
     461
     436
     417
     412
     467
     422
     454
     418
     461
     451
     420
     407
     442
     412
     438
     446
     405
     442
     387
     417
     427
     414
     416
     396
     389
     400
     423
     397
     390
     420
     398
     427
     387
     366
     371
     408
     411
     426
     418
     401
     390
     405
     355
     358
     372
     379
     339
     362
     343
     401
     364
     338
     391
     356
     362
     388
     359
     333
     363
     380
     328
     345
     355
     347
     345
     367
     338
     364
     297
     314
     300
     310
     353
     345
     292
     312
     267
     313
     303
     247
     331
     298
     250
     266
     291
     256
     261
     274
     272
     267
     271
     265
     236
     233
     262
     214
     218
     233
     228
     188
     236
     202
     219
     230
     219
     180
     213
     219
     206
     216
     183
     177
     196
     185
     196
     204
     213
     189
     180
     177
     173
     173
     194
     161
     167
     191
     174
     149
     170
     167
     177
     166
     184
     162
     153
     175
     171
     144
     183
     150
     150
     173
     139
     137
     135
     158
     177
     141
     145
     161
     160
     179
     140
     149
     133
     147
     144
     145
     159
     135
     151
     136
     153
     130
     146
     159
     133
     111
     146
     152
     138
     136
     153
     131
     139
     140
     138
     135
     128
     140
     133
     129
     115
     135
     142
     120
     129
     126
     137
     110
     123
     125
     125
     142
     123
     122
     144
     125
     135
     138
     120
     128
     139
     108
     154
     116
     137
     114
     133
     122
     132
     136
     116
     138
     154
     128
     146
     135
     139
     128
     117
     127
     166
     139
     155
     156
     146
     150
     152
     163
     158
     181
     181
     211
     199
     197
     224
     211
     223
     225
     260
     290
     253
     284
     306
     308
     354
     367
     400
     384
     412
     465
     456
     467
     496
     508
     567
     599
     612
     624
     632
     719
     743
     782
     778
     836
     788
     889
     927
     987
    1015
    1109
    1078
    1145
    1128
    1181
    1223
    1239
    1247
    1243
    1404
    1354
    1290
    1373
    1336
    1400
    1385
    1344
    1401
    1379
    1388
    1366
    1320
    1343
    1407
    1333
    1268
    1186
    1214
    1200
    1172
    1104
    1095
    1034
    1081
     989
     919
     900
     844
     833
     786
     802
     714
     650
     702
     648
     580
     576
     499
     494
     448
     414
     402
     379
     342
     317
     273
     293
     236
     223
     204
     213
     182
     183
     157
     148
     130
     123
     117
     107
      88
      93
      83
      91
      85
      62
      86
      55
      69
      74
      67
      72
      63
      55
      62
      45
      51
      64
      45
      39
      50
      50
      48
      47
      48
      51
      53
      37
      44
      63
      54
      61
      54
      47
      55
      49
      49
      44
      61
      40
      49
      59
      45
      45
      58
      48
      55
      49
      47
      55
      53
      55
      45
      44
      53
      52
      50
      49
      48
      53
      39
      50
      44
      56
      47
      55
      52
      49
      43
      37
      49
      52
      53
      59
      35
      51
      34
      53
      49
      48
      54
      51
      48
      50
      40
      48
      38
      41
      42
      51
      52
      51
      41
      45
      47
      44
      51
      42
      40
      54
      43
      52
      43
      53
      49
      53
      44
      56
      52
      48
      52
      45
      41
      58
      50
      39
      57
      35
      46
      47
      36
      47
      53
      35
      60
      62
      45
      44
      42
      34
      44
      60
      52
      44
      54
      53
      48
      46
      41
      52
      47
      49
      57
      40
      51
      34
      48
      39
      43
      37
      56
      50
      45
      29
      49
      50
      46
      42
      38
      45
      42
      49
      48
      37
      49
      38
      49
      41
      43
      44
      37
      41
      42
      45
      50
      49
      52
      45
      46
      47
      46
      41
      52
      44
      53
      49
      50
      47
      46
      43
      47
      47
      58
      50
      40
      56
      49
      46
      54
      51
      55
      56
      50
      65
      37
      41
      44
      50
      33
      55
      44
      47
      46
      41
      39
      53
      45
      36
      41
      42
      59
      61
      36
      49
      42
      44
      45
      43
      55
      52
      53
      48
      44
      58
      51
      40
      45
      39
      47
      51
      54
      37
      51
      50
      55
      40
      42
      45
      57
      47
      39
      45
      43
      38
      46
      45
      51
      45
      48
      49
      41
      46
      54
      55
      38
      44
      45
      35
      60
      45
      39
      45
      51
      45
      45
      43
      45
      42
      44
      49
      53
      47
      44
      36
      52
      40
      46
      33
      51
      54
      51
      45
      46
      53
      46
      44
      37
      43
      65
      43
      46
      37
      46
      47
      44
      51
      41
      38
      41
       1
       0
       0
       0
       0
       0
       0
       0
       0
       0
       0
       0
       0
       0
       0
       0
       0
       0
       0
       0
       0
       0
       0
       0
       0
       0
       0
       0
       0
       0
       0
       0
       0
       0
       0
       0
       0
       0
       0
       0
       0
       0
       0
       0
       0
       0
       0
       0
       0
       0
       0
       0
       0
       0
       0
       0
       0
       0
       0
       0
       0
       0
       0
       0
       0
       0
$ROI:
2
95 97
514 605
$PRESETS:
Real Time
200
0
$ENER_FIT:
-289.438599 1.280702
$MCA_CAL:
3
-2.894386E+002 1.280702E+000 0.000000E+000
$SHAPE_CAL:
3
0.000000E+000 0.000000E+000 0.000000E+000
