$SPEC_ID:
MEASURE 474.
$SPEC_REM:
DET# 1
DETDESC# MCB 25
AP# Maestro Version 6.05
$DATE_MEA:
03/16/2003 22:24:31
$MEAS_TIM:
192 200
$DATA:
0 1023
       0
       0
       0
       0
       0
       0
       0
       0
       0
       0
       0
       0
       0
       0
       0
       0
       0
     121
     238
     242
     262
     244
     245
     234
     269
     275
     249
     256
     251
     262
     257
     279
     292
     254
     271
     258
     274
     243
     298
     276
     273
     279
     277
     267
     267
     296
     247
     296
     308
     279
     282
     251
     300
     292
     307
     282
     282
     266
     271
     316
     299
     304
     311
     327
     343
     318
     283
     297
     332
     327
     321
     346
     343
     349
     319
     331
     347
     356
     343
     315
     370
     334
     339
     364
     354
     399
     360
     350
     405
     421
     425
     433
     421
     443
     416
     453
     425
     452
     421
     415
     451
     450
     506
     459
     488
     502
     495
     497
     515
     515
     512
     516
     572
     526
     504
     525
     526
     548
     585
     552
     576
     559
     569
     588
     567
     602
     584
     622
     630
     548
     599
     588
     533
     604
     601
     606
     627
     611
     605
     633
     593
     666
     648
     617
     658
     654
     582
     643
     681
     645
     697
     662
     645
     654
     633
     603
     622
     653
     663
     674
     662
     690
     694
     677
     617
     675
     677
     705
     687
     607
     663
     605
     670
     679
     694
     606
     635
     639
     688
     645
     673
     679
     642
     652
     608
     651
     652
     650
     684
     665
     702
     685
     630
     684
     695
     664
     670
     732
     735
     699
     679
     679
     695
     714
     768
     778
     715
     763
     731
     775
     755
     752
     754
     823
     768
     808
     744
     791
     755
     799
     759
     731
     753
     754
     753
     702
     747
     731
     706
     716
     694
     697
     700
     714
     677
     687
     663
     649
     672
     653
     684
     665
     664
     635
     679
     647
     594
     660
     607
     627
     592
     604
     569
     598
     621
     612
     569
     608
     635
     579
     580
     604
     584
     594
     616
     583
     576
     553
     513
     597
     533
     533
     570
     575
     524
     530
     536
     526
     547
     547
     526
     529
     542
     554
     500
     534
     483
     517
     500
     512
     510
     478
     470
     524
     517
     479
     479
     482
     482
     487
     483
     477
     430
     433
     455
     415
     457
     483
     455
     408
     408
     472
     448
     448
     425
     427
     441
     480
     425
     420
     421
     445
     425
     363
     399
     431
     397
     431
     418
     402
     411
     421
     404
     370
     404
     352
     410
     413
     403
     400
     378
     407
     325
     400
     369
     399
     399
     353
     403
     421
     374
     382
     365
     362
     360
     391
     347
     370
     382
     339
     366
     368
     351
     338
     347
     362
     359
     338
     349
     376
     343
     347
     359
     390
     332
     337
     324
     312
     313
     331
     342
     288
     327
     306
     313
     295
     308
     297
     280
     265
     315
     280
     264
     261
     246
     277
     292
     249
     235
     243
     240
     218
     215
     269
     224
     205
     217
     211
     209
     212
     213
     198
     225
     206
     213
     193
     199
     218
     205
     194
     216
     184
     180
     173
     206
     193
     172
     202
     173
     184
     168
     168
     163
     172
     175
     179
     174
     155
     169
     155
     171
     161
     171
     160
     157
     170
     177
     166
     170
     168
     149
     153
     157
     156
     147
     158
     141
     153
     170
     149
     153
     157
     145
     134
     119
     132
     124
     129
     122
     145
     142
     134
     128
     141
     156
     132
     136
     146
     128
     131
     145
     147
     122
     115
     135
     138
     156
     140
     121
     136
     146
     100
     121
     126
     147
     134
     123
     121
     134
     126
     129
     129
     120
     133
     114
     152
     135
     133
     159
     151
     112
     128
     147
     126
     130
     118
     149
     139
     157
     135
     151
     141
     153
     140
     128
     152
     146
     154
     153
     157
     174
     176
     182
     166
     171
     161
     166
     193
     166
     212
     237
     217
     243
     249
     240
     295
     259
     304
     331
     289
     339
     354
     400
     378
     411
     434
     466
     462
     491
     558
     557
     589
     594
     662
     718
     746
     754
     793
     815
     813
     888
     941
     935
     966
    1044
    1039
    1120
    1139
    1097
    1208
    1183
    1210
    1333
    1279
    1291
    1283
    1331
    1386
    1371
    1279
    1395
    1330
    1453
    1420
    1377
    1354
    1436
    1334
    1348
    1319
    1286
    1335
    1281
    1162
    1153
    1136
    1074
    1083
    1052
    1018
     962
     912
     857
     829
     782
     719
     701
     663
     627
     641
     616
     537
     537
     476
     409
     374
     402
     348
     388
     280
     272
     246
     230
     248
     198
     179
     153
     157
     141
     140
     131
     133
      98
     110
      78
      78
     101
      92
      71
      80
      74
      69
      52
      73
      77
      49
      68
      63
      48
      63
      58
      66
      70
      60
      57
      58
      43
      56
      53
      63
      42
      66
      50
      56
      57
      52
      37
      50
      56
      49
      56
      51
      45
      42
      48
      41
      50
      69
      40
      52
      58
      40
      55
      62
      48
      48
      50
      42
      65
      52
      51
      50
      69
      50
      71
      46
      58
      58
      61
      48
      53
      46
      48
      62
      56
      54
      45
      51
      55
      28
      53
      62
      36
      48
      44
      56
      48
      55
      48
      35
      44
      57
      37
      66
      47
      51
      44
      48
      55
      49
      47
      44
      51
      40
      54
      47
      41
      37
      63
      42
      45
      44
      57
      38
      53
      56
      41
      42
      47
      41
      44
      51
      42
      35
      46
      48
      45
      49
      54
      60
      46
      45
      46
      33
      45
      57
      51
      48
      41
      35
      37
      53
      54
      38
      39
      50
      48
      48
      51
      43
      50
      47
      37
      47
      46
      46
      48
      68
      56
      54
      33
      40
      50
      39
      49
      53
      59
      46
      34
      50
      40
      40
      51
      38
      56
      61
      48
      51
      54
      48
      38
      46
      38
      40
      40
      53
      54
      43
      53
      53
      42
      52
      41
      56
      47
      44
      50
      50
      48
      48
      41
      62
      43
      47
      49
      37
      54
      60
      53
      42
      51
      46
      52
      66
      42
      45
      47
      49
      56
      48
      51
      53
      61
      51
      46
      50
      51
      37
      49
      53
      52
      38
      43
      40
      49
      56
      43
      51
      45
      45
      47
      50
      55
      42
      54
      48
      45
      46
      45
      55
      44
      57
      48
      47
      40
      53
      54
      55
      56
      34
      46
      42
      49
      61
      37
      41
      53
      51
      36
      46
      39
      41
      46
      53
      52
      53
      37
      48
      52
      58
      62
      51
      48
      48
      44
      46
      32
      41
      61
      49
      52
      48
      44
      39
      42
      38
      57
      45
      59
      55
      62
      37
      36
      49
      53
      49
      55
      53
      49
      37
      53
      48
      59
      44
      53
      55
      40
      32
       3
       0
       0
       0
       0
       0
       0
       0
       0
       0
       0
       0
       0
       0
       0
       0
       0
       0
       0
       0
       0
       0
       0
       0
       0
       0
       0
       0
       0
       0
       0
       0
       0
       0
       0
       0
       0
       0
       0
       0
       0
       0
       0
       0
       0
       0
       0
       0
       0
       0
       0
       0
       0
       0
       0
       0
       0
       0
       0
       0
       0
       0
       0
       0
       0
       0
$ROI:
2
95 97
514 605
$PRESETS:
Real Time
200
0
$ENER_FIT:
-289.438599 1.280702
$MCA_CAL:
3
-2.894386E+002 1.280702E+000 0.000000E+000
$SHAPE_CAL:
3
0.000000E+000 0.000000E+000 0.000000E+000
