$SPEC_ID:
MEASURE 756.
$SPEC_REM:
DET# 1
DETDESC# MCB 25
AP# Maestro Version 6.05
$DATE_MEA:
03/17/2003 21:54:31
$MEAS_TIM:
192 200
$DATA:
0 1023
       0
       0
       0
       0
       0
       0
       0
       0
       0
       0
       0
       0
       0
       0
       0
       0
       0
     102
     263
     230
     223
     265
     244
     233
     258
     254
     252
     246
     256
     223
     283
     260
     242
     252
     215
     274
     256
     264
     265
     255
     263
     285
     254
     268
     283
     246
     258
     287
     281
     282
     279
     291
     274
     298
     279
     323
     289
     278
     268
     295
     278
     276
     287
     278
     324
     338
     287
     289
     261
     353
     266
     319
     310
     314
     346
     305
     329
     325
     331
     336
     311
     354
     341
     361
     356
     361
     393
     356
     392
     372
     373
     395
     456
     397
     437
     392
     395
     432
     446
     433
     476
     476
     497
     494
     482
     481
     478
     502
     520
     501
     497
     458
     500
     535
     517
     542
     534
     519
     531
     496
     545
     534
     536
     535
     565
     589
     561
     565
     545
     590
     613
     546
     609
     583
     583
     619
     599
     633
     589
     637
     633
     622
     635
     668
     663
     656
     654
     637
     665
     620
     644
     667
     630
     641
     601
     656
     647
     673
     680
     660
     630
     626
     663
     691
     603
     646
     681
     638
     634
     669
     652
     650
     673
     698
     639
     627
     667
     648
     625
     581
     676
     673
     679
     625
     640
     649
     643
     659
     688
     663
     615
     719
     655
     663
     689
     626
     645
     677
     682
     668
     724
     644
     731
     769
     725
     746
     692
     723
     730
     725
     708
     734
     767
     715
     740
     789
     793
     736
     765
     747
     702
     738
     763
     718
     730
     768
     701
     760
     691
     714
     684
     707
     702
     729
     726
     708
     677
     679
     660
     628
     634
     671
     671
     643
     634
     598
     596
     650
     627
     643
     635
     622
     591
     601
     602
     637
     619
     558
     591
     568
     611
     561
     589
     561
     601
     553
     581
     609
     621
     543
     590
     512
     560
     580
     528
     577
     544
     540
     541
     524
     524
     485
     509
     527
     500
     519
     514
     507
     485
     498
     502
     477
     551
     475
     457
     464
     484
     447
     458
     493
     454
     448
     415
     447
     425
     420
     421
     463
     467
     463
     404
     445
     467
     448
     465
     409
     412
     446
     474
     421
     421
     400
     419
     449
     428
     408
     423
     406
     409
     430
     408
     428
     404
     361
     392
     404
     393
     399
     387
     407
     380
     373
     407
     403
     378
     391
     367
     366
     359
     377
     401
     378
     389
     406
     383
     363
     347
     330
     383
     342
     351
     350
     356
     391
     373
     363
     348
     341
     375
     330
     352
     365
     345
     344
     355
     338
     324
     325
     323
     341
     287
     311
     329
     333
     290
     315
     287
     308
     282
     284
     298
     266
     294
     244
     277
     263
     293
     282
     260
     283
     258
     238
     234
     242
     204
     257
     240
     244
     200
     219
     205
     222
     223
     228
     202
     221
     216
     194
     176
     192
     170
     219
     189
     223
     175
     219
     203
     198
     175
     182
     184
     183
     182
     188
     171
     169
     153
     194
     166
     169
     147
     168
     138
     179
     164
     174
     168
     157
     162
     153
     126
     161
     167
     159
     139
     141
     172
     128
     144
     138
     138
     180
     163
     141
     148
     136
     152
     164
     149
     171
     141
     155
     146
     121
     144
     135
     142
     137
     158
     131
     157
     160
     131
     126
     141
     109
     123
     135
     129
     155
     125
     141
     157
     114
     132
     123
     141
     139
     161
     137
     135
     121
     148
     102
     146
     150
     112
     129
     134
     143
     125
     127
     130
     117
     110
     133
     133
     125
     144
     131
     132
     129
     149
     134
     141
     140
     136
     134
     130
     138
     121
     136
     161
     160
     156
     163
     155
     156
     169
     153
     168
     192
     212
     187
     197
     200
     216
     236
     249
     270
     255
     263
     273
     307
     297
     358
     390
     349
     353
     386
     442
     439
     480
     542
     522
     555
     600
     627
     662
     721
     682
     754
     763
     770
     839
     852
     899
     928
     981
    1008
    1037
    1062
    1145
    1105
    1177
    1188
    1234
    1248
    1247
    1249
    1320
    1318
    1316
    1311
    1376
    1374
    1384
    1361
    1436
    1307
    1394
    1385
    1374
    1328
    1258
    1316
    1252
    1331
    1217
    1145
    1120
    1104
    1085
     991
    1006
     985
     963
     829
     860
     870
     809
     716
     697
     694
     637
     572
     532
     558
     514
     443
     365
     402
     362
     324
     266
     316
     282
     262
     246
     207
     193
     167
     165
     157
     160
     134
     133
     116
     103
     119
      84
      81
      79
      91
      85
      64
      68
      65
      61
      62
      56
      70
      62
      64
      56
      66
      52
      63
      50
      55
      56
      52
      65
      45
      47
      52
      45
      48
      48
      61
      51
      57
      58
      70
      45
      56
      56
      66
      44
      54
      54
      47
      45
      46
      53
      42
      52
      46
      42
      63
      52
      51
      50
      41
      51
      44
      47
      45
      37
      52
      44
      50
      45
      44
      44
      49
      54
      52
      51
      48
      35
      55
      49
      64
      44
      47
      51
      58
      50
      49
      48
      55
      41
      46
      42
      50
      50
      59
      44
      49
      48
      49
      46
      43
      45
      44
      53
      36
      58
      46
      43
      44
      50
      42
      58
      46
      42
      48
      44
      40
      47
      54
      45
      44
      36
      52
      44
      35
      44
      45
      39
      61
      47
      38
      50
      35
      43
      42
      48
      45
      45
      46
      49
      43
      48
      39
      63
      47
      46
      45
      29
      41
      36
      64
      48
      48
      37
      62
      50
      41
      31
      54
      34
      45
      42
      31
      37
      56
      40
      42
      26
      45
      53
      38
      47
      40
      55
      38
      32
      40
      34
      39
      43
      62
      52
      45
      52
      55
      49
      47
      53
      46
      43
      47
      50
      44
      49
      58
      53
      51
      44
      43
      45
      47
      39
      37
      62
      35
      58
      41
      44
      52
      45
      39
      45
      50
      40
      55
      39
      37
      44
      45
      60
      40
      52
      48
      44
      50
      45
      40
      58
      53
      53
      58
      45
      46
      53
      56
      45
      47
      49
      49
      36
      41
      47
      50
      48
      49
      49
      31
      41
      37
      54
      55
      63
      50
      58
      47
      38
      62
      37
      46
      60
      30
      58
      58
      52
      37
      58
      31
      52
      51
      54
      48
      44
      55
      42
      49
      50
      46
      56
      40
      47
      51
      54
      41
      49
      41
      61
      42
      48
      50
      41
      35
      44
      45
      34
      45
      62
      34
      49
      51
      60
      48
      54
      54
      46
      42
      46
      44
      51
      50
      50
      44
      49
      41
      40
      28
       0
       0
       0
       0
       0
       0
       0
       0
       0
       0
       0
       0
       0
       0
       0
       0
       0
       0
       0
       0
       0
       0
       0
       0
       0
       0
       0
       0
       0
       0
       0
       0
       0
       0
       0
       0
       0
       0
       0
       0
       0
       0
       0
       0
       0
       0
       0
       0
       0
       0
       0
       0
       0
       0
       0
       0
       0
       0
       0
       0
       0
       0
       0
       0
       0
       0
$ROI:
2
95 97
514 605
$PRESETS:
Real Time
200
0
$ENER_FIT:
-289.438599 1.280702
$MCA_CAL:
3
-2.894386E+002 1.280702E+000 0.000000E+000
$SHAPE_CAL:
3
0.000000E+000 0.000000E+000 0.000000E+000
