$SPEC_ID:
MEASURE 702.
$SPEC_REM:
DET# 1
DETDESC# MCB 25
AP# Maestro Version 6.05
$DATE_MEA:
03/17/2003 17:24:31
$MEAS_TIM:
192 200
$DATA:
0 1023
       0
       0
       0
       0
       0
       0
       0
       0
       0
       0
       0
       0
       0
       0
       0
       0
       0
     124
     217
     209
     250
     253
     253
     221
     232
     228
     269
     258
     269
     239
     255
     266
     264
     261
     251
     284
     303
     290
     294
     251
     271
     262
     271
     264
     274
     247
     297
     258
     294
     285
     281
     276
     284
     297
     289
     262
     291
     273
     298
     298
     280
     289
     303
     293
     273
     311
     284
     294
     302
     287
     308
     315
     300
     296
     335
     321
     311
     343
     377
     353
     333
     359
     388
     341
     377
     377
     368
     392
     364
     390
     427
     424
     422
     421
     431
     418
     417
     447
     457
     477
     493
     470
     487
     476
     484
     495
     459
     492
     466
     521
     466
     525
     499
     500
     518
     536
     573
     532
     532
     503
     579
     548
     548
     581
     536
     543
     607
     617
     566
     560
     597
     566
     608
     604
     609
     629
     563
     568
     587
     656
     648
     637
     648
     651
     616
     630
     661
     637
     618
     656
     657
     655
     614
     611
     599
     615
     629
     668
     649
     620
     623
     684
     660
     608
     653
     683
     673
     641
     630
     624
     625
     648
     641
     672
     671
     678
     674
     650
     641
     668
     653
     645
     669
     659
     699
     616
     642
     677
     649
     615
     678
     636
     622
     651
     647
     688
     734
     662
     751
     690
     710
     697
     725
     755
     723
     710
     704
     743
     718
     767
     729
     706
     772
     771
     784
     747
     797
     741
     762
     779
     776
     802
     775
     723
     770
     764
     751
     775
     749
     718
     726
     703
     708
     700
     718
     700
     652
     705
     691
     660
     709
     641
     632
     632
     675
     626
     647
     631
     690
     613
     622
     630
     624
     594
     609
     586
     607
     603
     583
     590
     606
     572
     567
     614
     575
     530
     519
     560
     584
     563
     556
     539
     523
     539
     591
     574
     531
     524
     537
     525
     501
     553
     571
     503
     547
     536
     506
     519
     531
     518
     474
     482
     511
     426
     520
     519
     443
     494
     477
     481
     452
     479
     484
     414
     445
     488
     440
     455
     439
     478
     430
     486
     431
     404
     420
     448
     413
     404
     408
     410
     430
     402
     448
     397
     428
     399
     369
     408
     412
     444
     425
     416
     400
     431
     413
     412
     400
     407
     375
     391
     389
     366
     391
     426
     382
     384
     391
     393
     358
     337
     387
     364
     379
     374
     361
     373
     342
     388
     357
     376
     365
     355
     353
     387
     324
     352
     336
     326
     313
     328
     344
     327
     356
     338
     320
     322
     348
     365
     346
     302
     340
     339
     341
     329
     309
     306
     282
     296
     307
     271
     273
     281
     280
     254
     264
     266
     272
     261
     244
     283
     238
     238
     247
     269
     231
     263
     206
     244
     201
     231
     211
     232
     192
     214
     211
     208
     189
     211
     203
     201
     217
     185
     189
     189
     186
     183
     187
     199
     197
     166
     163
     181
     150
     178
     191
     155
     179
     168
     157
     166
     166
     193
     175
     168
     156
     153
     162
     138
     140
     163
     153
     160
     151
     141
     142
     145
     134
     144
     139
     131
     141
     153
     160
     124
     142
     127
     147
     139
     141
     137
     141
     154
     138
     153
     141
     139
     157
     153
     128
     156
     121
     144
     137
     154
     136
     161
     133
     139
     116
     119
     156
     104
     132
     166
     146
     133
     127
     139
     147
     132
     121
     142
     122
     121
     132
     114
     116
     125
     117
     108
     122
     130
     122
     115
     122
     126
     131
     134
     147
     133
     129
     139
     151
     135
     140
     126
     131
     139
     139
     153
     139
     159
     164
     173
     159
     185
     155
     166
     175
     158
     176
     204
     178
     201
     219
     214
     215
     259
     269
     249
     280
     313
     308
     308
     328
     313
     347
     392
     377
     449
     418
     466
     462
     544
     536
     611
     631
     636
     676
     705
     729
     753
     816
     891
     829
     917
     927
     972
    1013
    1004
    1057
    1105
    1150
    1197
    1215
    1233
    1199
    1293
    1288
    1386
    1301
    1407
    1342
    1388
    1352
    1368
    1374
    1437
    1400
    1350
    1267
    1349
    1345
    1307
    1255
    1300
    1181
    1213
    1164
    1151
    1069
    1119
    1033
    1001
     981
     942
     866
     859
     798
     783
     727
     692
     667
     627
     576
     587
     529
     466
     454
     411
     387
     376
     323
     321
     273
     273
     258
     210
     190
     215
     200
     166
     146
     156
     131
     116
      99
     105
      87
     115
      89
      59
      76
      84
      68
      83
      71
      70
      62
      56
      53
      70
      55
      63
      53
      54
      41
      60
      39
      53
      45
      45
      58
      34
      53
      45
      53
      55
      45
      52
      68
      51
      55
      47
      64
      56
      47
      44
      47
      49
      54
      54
      69
      53
      40
      57
      62
      45
      43
      54
      47
      63
      52
      50
      41
      70
      50
      52
      54
      52
      70
      45
      50
      48
      49
      40
      49
      58
      49
      49
      51
      48
      43
      49
      58
      60
      37
      53
      46
      48
      46
      57
      46
      44
      51
      44
      54
      29
      50
      53
      56
      37
      52
      52
      31
      42
      43
      58
      55
      53
      47
      43
      44
      50
      42
      44
      46
      33
      45
      51
      47
      43
      47
      43
      50
      46
      50
      54
      49
      57
      43
      44
      47
      39
      41
      42
      45
      47
      59
      46
      42
      47
      47
      40
      45
      54
      53
      44
      38
      45
      43
      49
      43
      48
      37
      50
      54
      44
      41
      48
      44
      52
      54
      42
      48
      53
      59
      46
      49
      48
      53
      56
      45
      37
      41
      49
      42
      38
      37
      52
      44
      51
      46
      54
      43
      50
      48
      40
      37
      44
      51
      50
      42
      46
      57
      48
      48
      58
      43
      49
      45
      45
      49
      37
      57
      41
      42
      39
      40
      48
      53
      43
      61
      48
      38
      46
      37
      46
      43
      45
      54
      50
      43
      50
      53
      51
      49
      57
      40
      49
      34
      52
      47
      41
      32
      41
      50
      35
      37
      54
      54
      36
      52
      63
      54
      56
      45
      51
      47
      61
      40
      44
      44
      45
      42
      51
      50
      43
      44
      35
      50
      52
      47
      54
      54
      42
      50
      57
      46
      51
      51
      49
      53
      51
      36
      42
      41
      56
      50
      46
      49
      53
      50
      42
      57
      51
      51
      48
      59
      51
      41
      53
      41
      46
      41
      54
      50
      48
      39
      42
      47
      51
      51
      46
      46
      46
      46
      47
      57
      63
      38
      54
      46
      43
      46
      41
      50
      34
       3
       0
       0
       0
       0
       0
       0
       0
       0
       0
       0
       0
       0
       0
       0
       0
       0
       0
       0
       0
       0
       0
       0
       0
       0
       0
       0
       0
       0
       0
       0
       0
       0
       0
       0
       0
       0
       0
       0
       0
       0
       0
       0
       0
       0
       0
       0
       0
       0
       0
       0
       0
       0
       0
       0
       0
       0
       0
       0
       0
       0
       0
       0
       0
       0
       0
$ROI:
2
95 97
514 605
$PRESETS:
Real Time
200
0
$ENER_FIT:
-289.438599 1.280702
$MCA_CAL:
3
-2.894386E+002 1.280702E+000 0.000000E+000
$SHAPE_CAL:
3
0.000000E+000 0.000000E+000 0.000000E+000
