$SPEC_ID:
MEASURE 581.
$SPEC_REM:
DET# 1
DETDESC# MCB 25
AP# Maestro Version 6.05
$DATE_MEA:
03/17/2003 07:19:31
$MEAS_TIM:
192 200
$DATA:
0 1023
       0
       0
       0
       0
       0
       0
       0
       0
       0
       0
       0
       0
       0
       0
       0
       0
       0
     101
     228
     258
     232
     224
     244
     262
     234
     264
     255
     238
     273
     234
     271
     274
     237
     266
     228
     247
     252
     281
     234
     284
     255
     258
     283
     289
     284
     273
     297
     249
     291
     264
     286
     289
     228
     265
     275
     274
     288
     290
     260
     298
     276
     309
     312
     300
     304
     286
     286
     306
     305
     309
     312
     313
     305
     336
     347
     332
     324
     322
     344
     359
     394
     341
     370
     372
     350
     358
     379
     397
     408
     380
     390
     384
     422
     425
     428
     427
     468
     435
     459
     456
     457
     451
     512
     484
     482
     471
     452
     490
     492
     492
     495
     517
     530
     532
     527
     523
     586
     515
     518
     498
     595
     561
     555
     605
     616
     591
     595
     593
     562
     571
     638
     587
     595
     606
     593
     615
     617
     590
     651
     650
     646
     652
     627
     625
     644
     618
     627
     661
     660
     656
     652
     627
     624
     681
     708
     607
     672
     645
     635
     667
     655
     739
     614
     663
     646
     636
     633
     661
     690
     601
     669
     625
     660
     624
     652
     625
     667
     677
     642
     648
     665
     690
     649
     619
     679
     684
     649
     673
     649
     699
     666
     634
     701
     719
     670
     661
     664
     744
     671
     669
     679
     712
     725
     714
     735
     752
     743
     694
     704
     763
     817
     775
     778
     745
     736
     746
     725
     768
     801
     792
     782
     737
     723
     747
     747
     756
     750
     715
     693
     677
     740
     731
     664
     685
     668
     694
     679
     686
     663
     672
     674
     632
     661
     631
     621
     593
     609
     631
     621
     639
     694
     603
     598
     563
     648
     582
     594
     618
     574
     609
     568
     584
     570
     538
     579
     572
     654
     605
     595
     541
     511
     507
     580
     549
     602
     541
     556
     513
     512
     532
     502
     531
     529
     470
     533
     513
     547
     532
     481
     511
     545
     500
     480
     488
     505
     492
     456
     480
     504
     487
     455
     496
     450
     437
     501
     444
     460
     436
     453
     454
     421
     445
     435
     466
     426
     452
     424
     428
     404
     452
     413
     431
     399
     403
     438
     386
     412
     435
     455
     427
     405
     430
     410
     411
     419
     410
     424
     382
     388
     425
     379
     382
     382
     393
     400
     399
     363
     388
     370
     363
     384
     380
     352
     376
     403
     356
     391
     336
     381
     373
     338
     382
     338
     381
     370
     368
     358
     327
     357
     357
     364
     334
     342
     311
     326
     320
     341
     338
     331
     320
     305
     318
     290
     314
     304
     305
     304
     300
     287
     287
     303
     279
     260
     301
     237
     260
     266
     245
     248
     268
     272
     260
     205
     227
     218
     236
     216
     221
     218
     213
     227
     204
     207
     217
     196
     188
     179
     193
     197
     182
     200
     198
     206
     195
     169
     183
     187
     168
     181
     200
     170
     178
     187
     175
     165
     205
     166
     170
     175
     153
     148
     156
     176
     159
     150
     141
     157
     166
     141
     142
     155
     145
     153
     159
     136
     156
     152
     145
     166
     155
     133
     147
     133
     160
     123
     143
     142
     142
     139
     131
     143
     142
     154
     132
     134
     139
     115
     135
     124
     142
     112
     135
     129
     131
     147
     147
     154
     130
     133
     157
     118
     111
     123
     135
     138
     121
     123
     122
     142
     128
     134
     133
     139
     121
     143
     127
     141
     115
     122
     123
     109
     132
     129
     123
     135
     138
     130
     140
     136
     134
     138
     144
     169
     160
     132
     140
     140
     141
     139
     158
     149
     134
     158
     169
     174
     187
     163
     179
     201
     183
     198
     182
     214
     244
     231
     271
     232
     252
     303
     323
     278
     356
     295
     354
     406
     428
     429
     403
     446
     492
     540
     522
     560
     609
     579
     632
     681
     680
     743
     767
     802
     828
     888
     862
     920
     943
    1015
    1079
    1085
    1121
    1147
    1159
    1243
    1266
    1225
    1334
    1320
    1262
    1378
    1309
    1299
    1360
    1348
    1408
    1419
    1431
    1389
    1379
    1396
    1352
    1356
    1300
    1346
    1258
    1242
    1226
    1204
    1098
    1085
    1060
    1008
    1020
     958
     911
     910
     808
     789
     809
     755
     678
     659
     626
     554
     543
     498
     474
     443
     397
     389
     322
     339
     322
     281
     250
     261
     210
     201
     196
     172
     161
     160
     139
     127
     131
     116
     100
      88
      88
      79
      89
      75
      82
      74
      75
      64
      64
      62
      64
      63
      65
      56
      49
      64
      62
      61
      69
      61
      51
      56
      47
      63
      51
      61
      50
      42
      50
      47
      46
      47
      40
      42
      60
      55
      50
      41
      71
      67
      53
      48
      48
      51
      46
      49
      45
      55
      58
      50
      41
      65
      46
      46
      46
      50
      50
      49
      34
      36
      37
      48
      48
      53
      54
      53
      40
      41
      41
      48
      43
      56
      41
      72
      53
      44
      57
      50
      50
      46
      52
      49
      48
      45
      37
      48
      56
      54
      50
      68
      48
      53
      43
      44
      51
      38
      54
      43
      42
      55
      49
      46
      49
      49
      48
      44
      47
      41
      56
      38
      44
      50
      44
      46
      52
      38
      51
      46
      55
      47
      44
      50
      41
      43
      47
      53
      46
      41
      49
      48
      41
      50
      50
      50
      48
      42
      36
      42
      50
      38
      38
      39
      46
      34
      31
      44
      48
      42
      40
      42
      44
      46
      49
      47
      30
      39
      40
      39
      59
      41
      42
      43
      35
      45
      52
      51
      42
      50
      46
      57
      44
      51
      52
      51
      42
      42
      42
      49
      34
      40
      44
      42
      53
      48
      46
      41
      57
      64
      44
      38
      39
      44
      49
      59
      30
      40
      35
      63
      55
      41
      40
      47
      48
      45
      32
      35
      40
      38
      46
      48
      52
      54
      44
      53
      42
      47
      51
      49
      56
      42
      40
      43
      45
      55
      42
      36
      55
      48
      58
      41
      43
      51
      46
      58
      58
      52
      51
      48
      47
      42
      38
      31
      51
      42
      49
      48
      51
      38
      47
      41
      50
      46
      55
      50
      46
      43
      47
      52
      39
      54
      53
      39
      45
      46
      40
      45
      46
      43
      39
      51
      54
      50
      38
      45
      46
      43
      59
      43
      45
      42
      55
      33
      50
      50
      45
      45
      48
      50
      44
      54
      39
      43
      43
      40
      39
      43
      46
      49
      41
      37
      55
      49
      49
      51
      46
      44
      47
      40
      41
      47
      34
       1
       0
       0
       0
       0
       0
       0
       0
       0
       0
       0
       0
       0
       0
       0
       0
       0
       0
       0
       0
       0
       0
       0
       0
       0
       0
       0
       0
       0
       0
       0
       0
       0
       0
       0
       0
       0
       0
       0
       0
       0
       0
       0
       0
       0
       0
       0
       0
       0
       0
       0
       0
       0
       0
       0
       0
       0
       0
       0
       0
       0
       0
       0
       0
       0
       0
$ROI:
2
95 97
514 605
$PRESETS:
Real Time
200
0
$ENER_FIT:
-289.438599 1.280702
$MCA_CAL:
3
-2.894386E+002 1.280702E+000 0.000000E+000
$SHAPE_CAL:
3
0.000000E+000 0.000000E+000 0.000000E+000
