$SPEC_ID:
MEASURE 553.
$SPEC_REM:
DET# 1
DETDESC# MCB 25
AP# Maestro Version 6.05
$DATE_MEA:
03/17/2003 04:59:31
$MEAS_TIM:
192 200
$DATA:
0 1023
       0
       0
       0
       0
       0
       0
       0
       0
       0
       0
       0
       0
       0
       0
       0
       0
       0
     125
     250
     254
     235
     252
     251
     245
     234
     266
     265
     271
     270
     258
     254
     282
     251
     286
     267
     255
     278
     281
     283
     262
     260
     256
     283
     297
     289
     315
     289
     284
     301
     294
     287
     307
     282
     271
     297
     270
     272
     309
     298
     285
     321
     330
     334
     258
     271
     274
     300
     318
     276
     305
     280
     323
     312
     343
     312
     285
     326
     335
     339
     327
     338
     340
     343
     381
     362
     365
     416
     399
     413
     390
     459
     412
     378
     444
     397
     429
     414
     446
     452
     431
     466
     425
     477
     442
     481
     486
     558
     507
     541
     513
     543
     498
     543
     512
     528
     498
     516
     545
     557
     573
     467
     541
     563
     567
     538
     550
     575
     607
     553
     593
     584
     595
     604
     640
     581
     613
     623
     605
     633
     623
     590
     635
     602
     689
     634
     593
     703
     641
     647
     659
     654
     633
     635
     659
     612
     664
     636
     659
     646
     676
     642
     669
     621
     663
     664
     670
     645
     642
     658
     643
     633
     672
     661
     602
     673
     662
     641
     645
     669
     688
     689
     666
     670
     609
     634
     652
     648
     705
     677
     635
     637
     646
     648
     624
     669
     697
     660
     722
     710
     703
     736
     686
     731
     754
     695
     712
     698
     763
     731
     804
     764
     727
     741
     696
     779
     788
     735
     786
     745
     777
     760
     796
     756
     815
     744
     711
     715
     786
     699
     709
     692
     653
     788
     659
     658
     724
     648
     686
     698
     683
     704
     673
     656
     637
     630
     649
     624
     621
     640
     564
     596
     627
     607
     561
     557
     584
     589
     585
     575
     599
     586
     542
     603
     556
     577
     557
     566
     578
     583
     535
     587
     588
     556
     499
     543
     548
     496
     587
     590
     517
     555
     543
     540
     508
     507
     516
     552
     510
     498
     509
     509
     491
     535
     516
     517
     475
     480
     492
     509
     451
     465
     436
     464
     442
     477
     414
     459
     426
     443
     459
     461
     444
     430
     435
     406
     438
     440
     416
     469
     412
     409
     407
     405
     388
     393
     460
     398
     433
     443
     423
     397
     398
     428
     416
     396
     393
     388
     382
     396
     409
     377
     399
     384
     414
     404
     385
     373
     344
     381
     382
     370
     388
     410
     382
     391
     339
     377
     384
     399
     369
     376
     312
     377
     321
     357
     389
     328
     349
     327
     370
     325
     360
     349
     358
     347
     324
     354
     337
     337
     315
     323
     331
     317
     302
     296
     317
     310
     283
     258
     304
     249
     279
     292
     305
     276
     241
     265
     252
     252
     240
     258
     223
     248
     210
     232
     248
     216
     219
     230
     238
     236
     199
     226
     224
     213
     204
     219
     193
     216
     219
     204
     178
     174
     185
     194
     167
     200
     182
     186
     185
     198
     188
     167
     178
     158
     176
     149
     164
     192
     143
     163
     150
     158
     172
     163
     154
     160
     170
     160
     146
     145
     170
     162
     148
     161
     158
     145
     154
     142
     143
     157
     159
     129
     156
     152
     137
     143
     142
     151
     142
     136
     152
     145
     144
     123
     149
     152
     134
     126
     127
     153
     130
     139
     149
     145
     124
     132
     137
     123
     131
     139
     137
     150
     137
     109
     139
     132
     142
     133
     152
     141
     122
     149
     140
     136
     142
     131
     133
     152
     130
     137
     112
     127
     142
     127
     147
     140
     121
     146
     125
     142
     133
     146
     161
     143
     149
     158
     141
     141
     152
     161
     166
     164
     173
     173
     173
     181
     178
     199
     201
     221
     222
     214
     230
     237
     229
     232
     263
     251
     312
     317
     350
     306
     351
     366
     421
     460
     485
     508
     520
     551
     539
     572
     595
     640
     673
     713
     713
     741
     792
     810
     899
     930
     945
     941
    1022
    1066
    1061
    1095
    1118
    1135
    1198
    1216
    1291
    1339
    1316
    1303
    1295
    1396
    1331
    1357
    1330
    1428
    1381
    1397
    1380
    1327
    1351
    1370
    1304
    1336
    1328
    1217
    1234
    1232
    1234
    1188
    1150
    1098
    1090
    1033
    1012
     904
     969
     891
     818
     787
     761
     707
     666
     666
     599
     536
     515
     487
     455
     409
     374
     378
     345
     285
     276
     290
     253
     224
     209
     176
     178
     167
     167
     166
     127
     118
     101
     110
     111
      98
      80
      99
      94
      58
      66
      65
      77
      70
      57
      60
      69
      49
      63
      62
      75
      46
      51
      52
      59
      62
      62
      54
      64
      51
      48
      63
      54
      55
      50
      42
      49
      55
      45
      47
      51
      43
      52
      48
      41
      37
      51
      40
      50
      45
      54
      66
      49
      54
      42
      50
      58
      51
      51
      48
      51
      48
      53
      49
      44
      48
      47
      41
      46
      61
      57
      52
      50
      43
      53
      56
      43
      59
      46
      37
      54
      46
      60
      38
      41
      38
      36
      54
      43
      45
      47
      52
      52
      58
      51
      53
      57
      44
      48
      50
      60
      52
      64
      52
      54
      42
      46
      54
      38
      55
      39
      43
      50
      41
      46
      53
      49
      39
      36
      53
      53
      38
      55
      50
      32
      40
      41
      37
      38
      39
      42
      46
      52
      40
      53
      46
      36
      52
      50
      47
      37
      56
      53
      43
      42
      51
      46
      58
      50
      34
      47
      38
      45
      32
      60
      45
      52
      48
      42
      50
      52
      42
      51
      39
      51
      56
      44
      41
      39
      61
      39
      44
      47
      38
      41
      35
      45
      49
      50
      39
      58
      46
      55
      56
      39
      46
      43
      40
      51
      32
      58
      47
      37
      47
      42
      50
      56
      47
      48
      48
      46
      52
      51
      36
      59
      43
      49
      32
      50
      50
      38
      58
      58
      53
      52
      50
      50
      57
      45
      46
      38
      48
      41
      46
      53
      49
      34
      54
      36
      54
      46
      40
      48
      43
      39
      49
      43
      40
      43
      53
      48
      55
      46
      44
      41
      43
      41
      41
      42
      40
      53
      44
      44
      44
      46
      50
      42
      38
      65
      53
      54
      44
      52
      47
      45
      53
      49
      45
      49
      39
      52
      48
      40
      49
      49
      50
      50
      46
      46
      28
      50
      45
      46
      32
      43
      36
      36
      36
      63
      51
      47
      47
      52
      45
      32
      44
      47
      41
      62
      48
      43
      54
      47
      53
      49
      45
      37
      43
      34
      47
      40
      40
      51
      50
      45
      40
      29
       3
       0
       0
       0
       0
       0
       0
       0
       0
       0
       0
       0
       0
       0
       0
       0
       0
       0
       0
       0
       0
       0
       0
       0
       0
       0
       0
       0
       0
       0
       0
       0
       0
       0
       0
       0
       0
       0
       0
       0
       0
       0
       0
       0
       0
       0
       0
       0
       0
       0
       0
       0
       0
       0
       0
       0
       0
       0
       0
       0
       0
       0
       0
       0
       0
       0
$ROI:
2
95 97
514 605
$PRESETS:
Real Time
200
0
$ENER_FIT:
-289.438599 1.280702
$MCA_CAL:
3
-2.894386E+002 1.280702E+000 0.000000E+000
$SHAPE_CAL:
3
0.000000E+000 0.000000E+000 0.000000E+000
