$SPEC_ID:
MEASURE 353.
$SPEC_REM:
DET# 1
DETDESC# MCB 25
AP# Maestro Version 6.05
$DATE_MEA:
03/16/2003 12:19:31
$MEAS_TIM:
192 200
$DATA:
0 1023
       0
       0
       0
       0
       0
       0
       0
       0
       0
       0
       0
       0
       0
       0
       0
       0
       0
     122
     248
     238
     232
     240
     248
     241
     233
     276
     243
     256
     270
     288
     250
     283
     257
     253
     250
     275
     285
     273
     286
     276
     295
     271
     301
     270
     297
     268
     258
     261
     325
     269
     272
     305
     295
     269
     310
     275
     331
     265
     286
     303
     269
     310
     311
     256
     298
     337
     302
     304
     283
     301
     292
     332
     333
     328
     330
     342
     306
     326
     367
     328
     345
     390
     369
     392
     336
     399
     378
     414
     367
     409
     402
     421
     457
     404
     445
     446
     417
     495
     424
     436
     483
     469
     475
     481
     485
     515
     494
     494
     480
     537
     526
     546
     530
     512
     547
     523
     553
     536
     572
     538
     579
     591
     572
     546
     582
     582
     539
     559
     648
     642
     641
     596
     643
     599
     613
     618
     601
     634
     655
     653
     603
     617
     665
     634
     665
     636
     665
     643
     640
     622
     657
     642
     649
     647
     675
     688
     664
     685
     692
     668
     682
     641
     687
     688
     689
     657
     624
     712
     633
     669
     698
     637
     625
     635
     652
     727
     597
     644
     642
     644
     629
     704
     656
     669
     647
     705
     645
     652
     678
     711
     682
     710
     696
     729
     697
     691
     706
     710
     703
     708
     733
     722
     723
     710
     707
     770
     723
     735
     744
     800
     735
     731
     827
     801
     810
     716
     778
     819
     773
     755
     799
     762
     768
     830
     746
     714
     736
     686
     691
     740
     720
     686
     667
     720
     654
     652
     679
     683
     671
     695
     634
     681
     646
     611
     649
     644
     624
     619
     593
     628
     661
     633
     591
     639
     628
     630
     592
     599
     587
     549
     585
     599
     583
     594
     586
     523
     557
     561
     589
     601
     524
     565
     556
     578
     560
     582
     505
     521
     519
     556
     546
     535
     534
     572
     512
     501
     501
     504
     494
     503
     521
     450
     437
     480
     487
     465
     478
     466
     517
     489
     485
     478
     475
     451
     429
     438
     469
     495
     469
     464
     409
     409
     474
     440
     420
     434
     440
     402
     416
     418
     418
     392
     391
     442
     375
     416
     396
     376
     372
     405
     403
     435
     395
     388
     439
     413
     410
     381
     429
     401
     399
     353
     405
     385
     388
     403
     382
     405
     404
     359
     408
     383
     405
     380
     346
     347
     351
     359
     362
     355
     369
     352
     363
     369
     361
     321
     365
     335
     334
     334
     360
     352
     351
     329
     327
     330
     343
     313
     318
     306
     291
     333
     291
     304
     287
     291
     304
     300
     290
     262
     257
     281
     278
     247
     257
     248
     263
     274
     224
     280
     221
     243
     242
     241
     253
     232
     253
     213
     197
     218
     195
     215
     192
     212
     187
     207
     190
     207
     170
     178
     168
     185
     177
     187
     183
     161
     152
     179
     173
     154
     182
     158
     181
     145
     139
     170
     174
     168
     178
     126
     187
     165
     139
     162
     138
     157
     151
     129
     160
     144
     154
     156
     160
     156
     155
     161
     139
     152
     153
     159
     149
     150
     145
     152
     154
     144
     163
     144
     163
     122
     146
     153
     136
     144
     145
     119
     136
     122
     139
     115
     140
     143
     139
     131
     122
     145
     135
     133
     134
     138
     123
     135
     137
     138
     125
     143
     129
     131
     138
     147
     141
     129
     153
     141
     143
     130
     139
     131
     125
     136
     129
     145
     142
     148
     147
     149
     118
     133
     148
     146
     142
     149
     142
     149
     136
     159
     194
     145
     180
     164
     165
     196
     185
     207
     215
     169
     229
     222
     232
     224
     267
     237
     248
     325
     296
     290
     342
     359
     356
     384
     430
     448
     420
     493
     516
     576
     557
     605
     572
     622
     735
     712
     721
     742
     789
     850
     892
     903
     967
    1021
     988
    1104
    1087
    1081
    1181
    1200
    1182
    1201
    1248
    1293
    1317
    1308
    1408
    1390
    1419
    1365
    1407
    1466
    1362
    1367
    1406
    1425
    1372
    1443
    1307
    1325
    1326
    1280
    1279
    1268
    1197
    1205
    1110
    1114
    1094
    1063
     979
     931
     899
     849
     794
     767
     743
     722
     673
     618
     525
     520
     554
     498
     478
     411
     428
     376
     319
     300
     240
     257
     259
     236
     199
     181
     186
     165
     161
     143
     130
     117
     115
     105
      96
      78
      72
      80
      71
      85
      70
      66
      67
      49
      59
      64
      59
      53
      50
      51
      59
      49
      55
      58
      54
      45
      56
      52
      67
      58
      58
      46
      45
      46
      57
      61
      64
      56
      55
      74
      48
      54
      46
      63
      59
      56
      52
      57
      47
      42
      51
      54
      55
      50
      49
      52
      49
      48
      59
      49
      44
      50
      59
      58
      43
      49
      46
      58
      54
      59
      42
      43
      49
      49
      46
      47
      57
      49
      40
      51
      49
      50
      53
      48
      58
      38
      56
      52
      49
      54
      49
      58
      42
      58
      57
      62
      43
      60
      47
      40
      50
      64
      57
      36
      40
      48
      36
      47
      53
      43
      49
      39
      35
      42
      62
      51
      47
      52
      46
      47
      53
      38
      45
      45
      52
      64
      62
      68
      59
      40
      40
      49
      34
      53
      55
      39
      54
      46
      44
      33
      39
      47
      45
      41
      64
      40
      41
      39
      69
      48
      41
      48
      46
      45
      50
      34
      37
      39
      41
      50
      59
      55
      44
      44
      49
      56
      50
      50
      51
      45
      52
      43
      53
      47
      44
      61
      52
      49
      43
      47
      44
      46
      39
      55
      56
      32
      49
      54
      41
      49
      35
      52
      39
      39
      46
      40
      65
      44
      42
      45
      41
      35
      44
      58
      52
      51
      43
      49
      47
      50
      63
      52
      42
      45
      47
      49
      49
      49
      52
      49
      44
      50
      45
      45
      41
      51
      51
      50
      49
      44
      45
      52
      47
      46
      54
      53
      51
      56
      35
      50
      51
      47
      45
      48
      48
      47
      40
      52
      54
      44
      44
      62
      39
      45
      41
      40
      50
      49
      49
      55
      42
      56
      42
      37
      38
      47
      44
      49
      56
      42
      41
      52
      51
      35
      46
      43
      52
      53
      49
      43
      59
      50
      58
      43
      58
      55
      55
      44
      54
      43
      53
      38
      45
      51
      67
      53
      46
      46
      56
      56
      51
      54
      34
      55
      48
      38
      49
      48
      43
      38
      39
      63
      48
      43
      53
      52
      37
      47
      53
      52
      52
      21
       0
       0
       0
       0
       0
       0
       0
       0
       0
       0
       0
       0
       0
       0
       0
       0
       0
       0
       0
       0
       0
       0
       0
       0
       0
       0
       0
       0
       0
       0
       0
       0
       0
       0
       0
       0
       0
       0
       0
       0
       0
       0
       0
       0
       0
       0
       0
       0
       0
       0
       0
       0
       0
       0
       0
       0
       0
       0
       0
       0
       0
       0
       0
       0
       0
       0
$ROI:
2
95 97
514 605
$PRESETS:
Real Time
200
0
$ENER_FIT:
-289.438599 1.280702
$MCA_CAL:
3
-2.894386E+002 1.280702E+000 0.000000E+000
$SHAPE_CAL:
3
0.000000E+000 0.000000E+000 0.000000E+000
