$SPEC_ID:
MEASURE 216.
$SPEC_REM:
DET# 1
DETDESC# MCB 25
AP# Maestro Version 6.05
$DATE_MEA:
03/16/2003 00:54:31
$MEAS_TIM:
192 200
$DATA:
0 1023
       0
       0
       0
       0
       0
       0
       0
       0
       0
       0
       0
       0
       0
       0
       0
       0
       0
     109
     254
     248
     249
     229
     220
     265
     259
     246
     267
     263
     272
     257
     284
     270
     260
     265
     294
     248
     280
     282
     285
     271
     288
     259
     298
     268
     273
     277
     271
     291
     296
     289
     303
     276
     287
     287
     298
     279
     299
     283
     297
     290
     307
     299
     293
     327
     315
     314
     290
     273
     308
     290
     299
     328
     341
     320
     340
     322
     358
     352
     362
     369
     361
     369
     384
     393
     379
     374
     388
     399
     417
     411
     437
     473
     440
     463
     412
     470
     436
     454
     492
     491
     470
     499
     516
     503
     475
     507
     533
     499
     506
     541
     494
     529
     523
     510
     516
     498
     535
     575
     599
     584
     557
     558
     579
     559
     544
     596
     630
     644
     631
     593
     644
     596
     599
     652
     671
     641
     635
     646
     659
     639
     618
     662
     683
     677
     647
     643
     681
     659
     655
     709
     615
     627
     625
     646
     635
     655
     664
     676
     665
     664
     648
     675
     702
     685
     648
     691
     667
     661
     655
     617
     634
     648
     654
     639
     643
     684
     658
     691
     641
     657
     612
     683
     663
     651
     679
     693
     664
     698
     707
     660
     653
     718
     694
     662
     687
     719
     709
     743
     706
     755
     777
     743
     738
     730
     763
     767
     762
     786
     738
     746
     732
     743
     780
     772
     788
     798
     798
     755
     707
     766
     754
     757
     711
     764
     759
     736
     756
     707
     727
     698
     719
     704
     682
     689
     709
     687
     708
     667
     698
     609
     661
     636
     655
     631
     562
     612
     577
     597
     593
     641
     599
     595
     609
     588
     617
     592
     644
     613
     556
     604
     608
     638
     535
     546
     594
     594
     567
     553
     563
     554
     602
     492
     532
     569
     534
     565
     565
     549
     493
     510
     499
     521
     546
     543
     503
     509
     522
     492
     474
     486
     520
     499
     462
     484
     484
     503
     485
     494
     485
     475
     498
     456
     439
     475
     463
     439
     424
     449
     401
     440
     404
     426
     437
     407
     432
     392
     441
     426
     425
     435
     417
     401
     457
     411
     418
     405
     373
     434
     393
     397
     372
     384
     408
     390
     403
     441
     367
     376
     394
     420
     388
     409
     393
     392
     426
     368
     406
     367
     371
     374
     403
     390
     361
     358
     362
     385
     350
     342
     338
     398
     351
     361
     326
     359
     348
     364
     354
     349
     322
     348
     289
     345
     358
     324
     312
     334
     306
     318
     293
     289
     304
     266
     284
     288
     316
     271
     261
     286
     264
     296
     258
     259
     258
     245
     228
     252
     251
     225
     210
     272
     213
     203
     218
     219
     238
     218
     189
     189
     217
     225
     173
     196
     183
     199
     198
     169
     163
     193
     167
     175
     187
     187
     197
     176
     158
     184
     169
     175
     143
     179
     152
     166
     160
     166
     162
     163
     146
     170
     179
     157
     173
     154
     169
     150
     146
     141
     160
     154
     142
     159
     145
     157
     141
     162
     136
     157
     133
     147
     147
     166
     143
     133
     140
     171
     146
     133
     140
     149
     162
     122
     143
     156
     163
     125
     148
     128
     138
     115
     114
     155
     153
     130
     141
     160
     129
     142
     114
     120
     147
     137
     132
     149
     139
     145
     149
     134
     149
     132
     139
     136
     130
     139
     135
     153
     152
     125
     126
     118
     119
     122
     140
     145
     162
     157
     143
     141
     149
     164
     146
     124
     145
     144
     154
     180
     170
     178
     162
     169
     191
     195
     188
     206
     199
     241
     259
     262
     238
     271
     296
     302
     319
     322
     328
     351
     363
     403
     396
     435
     462
     509
     561
     545
     578
     644
     669
     663
     710
     752
     736
     802
     826
     831
     908
     923
    1015
    1017
    1056
    1043
    1124
    1183
    1198
    1204
    1258
    1269
    1262
    1304
    1296
    1355
    1347
    1395
    1436
    1428
    1403
    1390
    1374
    1344
    1433
    1416
    1394
    1405
    1380
    1268
    1322
    1309
    1271
    1179
    1231
    1188
    1047
    1081
     999
     968
    1010
     934
     873
     811
     702
     737
     684
     650
     596
     609
     544
     524
     467
     450
     413
     393
     379
     361
     314
     268
     267
     236
     246
     208
     187
     199
     160
     155
     141
     100
     127
      99
     109
     114
      83
      86
      85
      73
      72
      76
      65
      51
      59
      81
      54
      68
      67
      53
      64
      55
      52
      42
      44
      62
      49
      67
      45
      50
      72
      59
      47
      48
      51
      50
      60
      39
      56
      46
      61
      55
      48
      54
      60
      52
      58
      48
      40
      38
      48
      65
      45
      55
      48
      52
      46
      48
      45
      52
      45
      53
      60
      50
      67
      55
      49
      62
      46
      45
      49
      50
      41
      49
      67
      53
      53
      36
      54
      44
      48
      60
      46
      49
      53
      49
      52
      48
      52
      44
      62
      45
      54
      38
      62
      48
      47
      44
      48
      42
      63
      41
      38
      54
      48
      48
      51
      42
      60
      59
      46
      36
      45
      61
      54
      49
      43
      51
      57
      63
      49
      48
      45
      51
      37
      49
      54
      40
      34
      51
      45
      39
      51
      43
      27
      46
      53
      44
      36
      38
      58
      45
      43
      49
      50
      48
      39
      43
      34
      39
      53
      49
      49
      41
      49
      46
      43
      63
      49
      46
      47
      51
      46
      47
      48
      50
      43
      44
      44
      36
      45
      54
      38
      43
      49
      48
      46
      47
      40
      43
      42
      38
      48
      45
      48
      52
      43
      38
      55
      50
      49
      40
      50
      48
      41
      49
      32
      56
      46
      41
      42
      46
      46
      50
      38
      46
      46
      52
      55
      51
      45
      46
      52
      48
      51
      43
      46
      45
      49
      43
      44
      44
      56
      53
      57
      51
      52
      53
      46
      54
      42
      42
      45
      34
      44
      38
      48
      63
      39
      63
      45
      53
      37
      49
      49
      41
      53
      62
      49
      41
      51
      57
      47
      45
      59
      52
      43
      45
      52
      57
      48
      44
      43
      51
      48
      53
      52
      61
      44
      46
      42
      48
      51
      39
      48
      37
      42
      43
      43
      47
      46
      64
      50
      42
      46
      48
      49
      57
      39
      44
      42
      54
      39
      54
      48
      39
      55
      70
      47
      49
      54
      56
      43
      56
      45
      43
      45
      56
      44
      35
      42
      40
      47
      49
      42
      53
      51
      55
      45
      36
      49
      40
      46
      41
      49
      55
      35
      24
       0
       0
       0
       0
       0
       0
       0
       0
       0
       0
       0
       0
       0
       0
       0
       0
       0
       0
       0
       0
       0
       0
       0
       0
       0
       0
       0
       0
       0
       0
       0
       0
       0
       0
       0
       0
       0
       0
       0
       0
       0
       0
       0
       0
       0
       0
       0
       0
       0
       0
       0
       0
       0
       0
       0
       0
       0
       0
       0
       0
       0
       0
       0
       0
       0
       0
$ROI:
2
95 97
514 605
$PRESETS:
Real Time
200
0
$ENER_FIT:
-289.438599 1.280702
$MCA_CAL:
3
-2.894386E+002 1.280702E+000 0.000000E+000
$SHAPE_CAL:
3
0.000000E+000 0.000000E+000 0.000000E+000
