$SPEC_ID:
MEASURE 385.
$SPEC_REM:
DET# 1
DETDESC# MCB 25
AP# Maestro Version 6.05
$DATE_MEA:
03/16/2003 14:59:31
$MEAS_TIM:
192 200
$DATA:
0 1023
       0
       0
       0
       0
       0
       0
       0
       0
       0
       0
       0
       0
       0
       0
       0
       0
       0
     124
     228
     245
     264
     232
     243
     255
     251
     279
     268
     270
     273
     243
     254
     220
     230
     295
     286
     255
     281
     293
     274
     258
     262
     285
     268
     287
     258
     299
     293
     307
     273
     266
     283
     316
     267
     283
     313
     281
     276
     298
     284
     263
     299
     328
     330
     312
     283
     302
     314
     280
     336
     328
     350
     332
     327
     336
     283
     287
     356
     344
     336
     355
     360
     393
     371
     382
     378
     361
     383
     389
     420
     386
     407
     433
     423
     440
     454
     449
     490
     429
     470
     479
     473
     440
     541
     468
     512
     509
     528
     526
     510
     522
     526
     567
     513
     520
     557
     556
     517
     534
     580
     522
     584
     572
     559
     562
     557
     598
     628
     592
     607
     616
     601
     569
     635
     610
     604
     604
     654
     660
     651
     617
     623
     684
     644
     618
     671
     664
     659
     672
     686
     678
     648
     638
     607
     664
     676
     703
     696
     654
     686
     666
     666
     614
     686
     661
     704
     677
     661
     653
     620
     665
     700
     615
     640
     640
     699
     654
     659
     654
     653
     625
     636
     670
     711
     660
     697
     666
     660
     649
     655
     652
     646
     724
     678
     673
     730
     653
     682
     706
     670
     715
     693
     734
     696
     738
     805
     729
     754
     763
     751
     745
     726
     810
     741
     793
     771
     731
     793
     801
     776
     793
     767
     739
     767
     758
     767
     740
     718
     719
     682
     761
     710
     677
     687
     638
     640
     737
     664
     635
     636
     609
     663
     655
     596
     663
     641
     651
     629
     622
     661
     616
     587
     602
     602
     597
     604
     639
     597
     644
     613
     615
     608
     539
     581
     592
     597
     534
     575
     574
     577
     516
     590
     553
     574
     530
     533
     546
     582
     511
     512
     538
     561
     554
     504
     520
     517
     557
     537
     493
     544
     468
     513
     488
     480
     485
     446
     496
     554
     463
     441
     438
     448
     436
     471
     465
     448
     393
     483
     447
     470
     438
     423
     448
     417
     433
     417
     464
     430
     447
     431
     415
     389
     430
     346
     459
     410
     390
     442
     424
     445
     397
     398
     388
     388
     411
     388
     399
     403
     438
     379
     392
     403
     368
     393
     407
     403
     409
     402
     369
     360
     369
     375
     374
     368
     353
     379
     391
     386
     379
     358
     394
     385
     357
     361
     371
     336
     347
     332
     370
     353
     361
     356
     333
     337
     370
     324
     340
     337
     329
     327
     331
     310
     306
     311
     329
     293
     310
     308
     235
     271
     253
     271
     273
     283
     280
     236
     264
     245
     241
     229
     225
     225
     259
     231
     238
     237
     232
     215
     202
     211
     207
     216
     181
     223
     196
     234
     214
     203
     199
     207
     213
     192
     164
     174
     191
     182
     185
     177
     188
     186
     174
     170
     164
     159
     167
     143
     166
     222
     182
     168
     164
     176
     150
     129
     177
     148
     154
     167
     151
     153
     154
     135
     115
     173
     161
     166
     147
     147
     151
     149
     146
     132
     131
     150
     126
     168
     147
     159
     151
     150
     158
     149
     132
     134
     143
     129
     126
     130
     154
     146
     123
     149
     150
     128
     145
     137
     115
     144
     148
     116
     135
     123
     136
     139
     148
     140
     131
     145
     131
     129
     123
     128
     140
     121
     133
     156
     124
     144
     145
     124
     111
     128
     129
     154
     140
     148
     145
     146
     139
     136
     138
     141
     127
     148
     138
     158
     155
     159
     164
     153
     180
     147
     149
     187
     190
     180
     208
     198
     185
     217
     228
     247
     253
     252
     293
     268
     300
     279
     356
     353
     369
     380
     419
     470
     469
     463
     502
     528
     554
     584
     620
     658
     637
     670
     743
     776
     783
     819
     881
     907
     946
     967
    1006
    1011
    1120
    1103
    1171
    1126
    1224
    1196
    1252
    1228
    1322
    1342
    1354
    1360
    1333
    1358
    1383
    1433
    1392
    1382
    1368
    1464
    1384
    1451
    1311
    1293
    1325
    1270
    1245
    1233
    1211
    1168
    1125
    1113
    1024
    1002
     964
     933
     893
     822
     807
     724
     738
     718
     680
     649
     576
     578
     511
     486
     458
     428
     374
     361
     352
     296
     296
     264
     236
     234
     190
     204
     179
     174
     158
     156
     147
     143
     110
     102
      88
      92
      89
      90
      79
      75
      75
      76
      71
      77
      66
      69
      41
      44
      46
      60
      51
      57
      57
      55
      52
      45
      64
      56
      47
      51
      41
      55
      55
      43
      51
      48
      79
      41
      54
      52
      49
      50
      51
      45
      35
      35
      68
      41
      55
      57
      57
      38
      47
      46
      53
      48
      62
      48
      56
      52
      42
      32
      45
      49
      55
      48
      61
      58
      56
      45
      55
      50
      46
      44
      53
      50
      55
      46
      53
      55
      58
      44
      55
      50
      45
      57
      49
      41
      43
      48
      42
      50
      64
      56
      51
      42
      50
      60
      45
      60
      44
      63
      50
      50
      49
      45
      45
      49
      52
      57
      46
      35
      53
      42
      53
      59
      47
      46
      43
      48
      44
      50
      47
      52
      35
      57
      48
      45
      37
      54
      38
      37
      50
      44
      44
      46
      46
      57
      51
      64
      48
      46
      43
      41
      36
      38
      33
      53
      47
      43
      52
      45
      36
      48
      58
      42
      47
      43
      53
      38
      38
      44
      48
      43
      52
      65
      54
      48
      44
      43
      55
      57
      28
      39
      44
      58
      51
      47
      47
      43
      42
      49
      46
      49
      58
      50
      45
      38
      35
      43
      42
      40
      44
      52
      41
      47
      55
      51
      37
      49
      52
      42
      54
      46
      37
      60
      50
      45
      45
      46
      57
      39
      42
      44
      46
      50
      38
      38
      55
      44
      51
      46
      52
      53
      47
      54
      48
      52
      52
      55
      50
      50
      56
      53
      42
      50
      48
      53
      41
      39
      46
      49
      42
      44
      50
      55
      37
      47
      43
      47
      51
      54
      44
      52
      32
      47
      41
      38
      46
      54
      54
      37
      50
      42
      49
      55
      38
      43
      54
      39
      48
      52
      48
      51
      43
      48
      38
      59
      48
      45
      39
      46
      51
      39
      49
      39
      48
      48
      56
      39
      40
      38
      50
      52
      47
      44
      54
      47
      49
      54
      47
      42
      53
      44
      48
      45
      54
      55
      34
      46
      55
      46
      37
      42
      47
      41
      56
      50
      49
      49
      23
       0
       0
       0
       0
       0
       0
       0
       0
       0
       0
       0
       0
       0
       0
       0
       0
       0
       0
       0
       0
       0
       0
       0
       0
       0
       0
       0
       0
       0
       0
       0
       0
       0
       0
       0
       0
       0
       0
       0
       0
       0
       0
       0
       0
       0
       0
       0
       0
       0
       0
       0
       0
       0
       0
       0
       0
       0
       0
       0
       0
       0
       0
       0
       0
       0
       0
$ROI:
2
95 97
514 605
$PRESETS:
Real Time
200
0
$ENER_FIT:
-289.438599 1.280702
$MCA_CAL:
3
-2.894386E+002 1.280702E+000 0.000000E+000
$SHAPE_CAL:
3
0.000000E+000 0.000000E+000 0.000000E+000
