$SPEC_ID:
MEASURE 487.
$SPEC_REM:
DET# 1
DETDESC# MCB 25
AP# Maestro Version 6.05
$DATE_MEA:
03/16/2003 23:29:31
$MEAS_TIM:
192 200
$DATA:
0 1023
       0
       0
       0
       0
       0
       0
       0
       0
       0
       0
       0
       0
       0
       0
       0
       0
       0
     135
     238
     234
     269
     236
     223
     252
     247
     259
     260
     262
     257
     248
     236
     256
     261
     264
     306
     265
     250
     261
     268
     271
     291
     286
     291
     278
     282
     282
     289
     275
     277
     287
     268
     290
     286
     268
     291
     301
     249
     260
     273
     313
     320
     289
     304
     288
     291
     307
     284
     304
     300
     314
     303
     332
     292
     352
     330
     293
     356
     354
     360
     335
     343
     385
     349
     361
     318
     385
     372
     383
     391
     417
     396
     399
     404
     410
     433
     463
     442
     450
     408
     455
     426
     490
     495
     520
     451
     511
     493
     476
     510
     506
     530
     486
     532
     529
     517
     559
     545
     505
     555
     565
     575
     579
     570
     575
     547
     540
     601
     606
     598
     574
     627
     579
     611
     590
     598
     637
     621
     643
     611
     647
     648
     637
     617
     633
     642
     605
     589
     669
     641
     655
     619
     676
     640
     711
     670
     658
     686
     641
     630
     676
     688
     631
     712
     695
     639
     651
     654
     660
     635
     666
     638
     674
     662
     667
     682
     676
     667
     632
     696
     686
     627
     618
     632
     662
     685
     703
     662
     644
     679
     665
     685
     684
     648
     672
     632
     698
     700
     700
     712
     700
     684
     711
     721
     686
     721
     721
     701
     744
     776
     758
     729
     789
     736
     766
     741
     746
     747
     757
     735
     756
     772
     740
     766
     827
     765
     733
     738
     721
     698
     749
     714
     712
     700
     741
     609
     719
     686
     681
     642
     631
     654
     627
     631
     614
     634
     619
     646
     645
     639
     560
     646
     588
     661
     628
     582
     623
     604
     574
     629
     594
     587
     576
     545
     563
     574
     561
     554
     578
     574
     573
     541
     543
     612
     557
     561
     513
     540
     508
     571
     529
     563
     557
     535
     506
     520
     512
     476
     513
     532
     495
     506
     500
     486
     490
     465
     498
     481
     493
     447
     458
     467
     457
     448
     471
     462
     458
     438
     466
     473
     425
     414
     444
     441
     422
     436
     429
     408
     439
     425
     383
     413
     391
     409
     448
     422
     415
     435
     426
     390
     403
     395
     430
     408
     371
     432
     398
     410
     393
     407
     410
     378
     410
     391
     387
     395
     390
     362
     396
     350
     390
     363
     413
     340
     387
     394
     357
     362
     363
     360
     379
     370
     392
     363
     348
     354
     375
     329
     359
     350
     367
     362
     328
     344
     359
     376
     359
     328
     306
     329
     308
     315
     305
     294
     323
     281
     329
     290
     298
     319
     281
     272
     261
     244
     243
     253
     288
     236
     233
     257
     250
     236
     218
     233
     218
     221
     230
     217
     198
     193
     211
     211
     216
     208
     207
     203
     213
     210
     186
     188
     193
     176
     201
     203
     186
     203
     189
     154
     177
     188
     191
     170
     167
     181
     202
     179
     174
     162
     160
     165
     166
     157
     148
     141
     151
     148
     158
     154
     135
     170
     150
     175
     162
     156
     142
     147
     162
     146
     154
     156
     119
     151
     157
     147
     159
     136
     142
     135
     152
     142
     127
     146
     147
     135
     131
     156
     149
     143
     127
     134
     135
     144
     153
     116
     133
     115
     136
     129
     136
     155
     136
     118
     130
     129
     110
     119
     158
     135
     157
     131
     108
     139
     129
     119
     130
     134
     131
     133
     130
     137
     117
     151
     142
     139
     128
     126
     132
     145
     136
     139
     142
     145
     143
     125
     131
     137
     150
     132
     143
     145
     155
     160
     148
     151
     157
     168
     204
     184
     202
     201
     210
     198
     210
     218
     237
     227
     270
     271
     291
     298
     324
     362
     354
     360
     392
     383
     413
     506
     497
     521
     555
     540
     576
     563
     629
     714
     752
     758
     788
     832
     845
     863
     900
     934
     959
    1009
    1059
    1060
    1077
    1116
    1244
    1152
    1207
    1254
    1263
    1281
    1309
    1307
    1345
    1409
    1414
    1359
    1398
    1407
    1390
    1394
    1407
    1368
    1376
    1318
    1376
    1294
    1264
    1256
    1234
    1110
    1189
    1125
    1044
    1080
     990
     970
     921
     916
     924
     833
     749
     807
     758
     631
     644
     605
     550
     513
     460
     445
     399
     396
     373
     333
     310
     284
     263
     250
     207
     189
     199
     184
     168
     161
     132
     110
     116
     113
     126
     109
     115
     103
      69
      88
      97
      83
      70
      61
      66
      55
      62
      59
      59
      50
      50
      49
      56
      49
      64
      53
      56
      64
      54
      44
      52
      53
      60
      42
      52
      47
      50
      48
      52
      37
      66
      45
      57
      68
      67
      46
      46
      55
      61
      49
      46
      44
      47
      42
      52
      43
      57
      52
      40
      55
      52
      57
      52
      49
      44
      51
      49
      61
      48
      56
      36
      39
      43
      52
      47
      50
      43
      43
      55
      44
      51
      52
      55
      63
      46
      52
      48
      50
      51
      42
      47
      52
      49
      53
      40
      50
      40
      40
      47
      36
      54
      40
      60
      54
      49
      67
      48
      48
      45
      55
      45
      55
      42
      36
      47
      42
      44
      54
      41
      45
      46
      39
      46
      44
      41
      41
      42
      43
      44
      40
      40
      60
      58
      45
      38
      41
      43
      41
      37
      46
      70
      47
      45
      44
      51
      49
      45
      56
      49
      54
      41
      47
      36
      45
      58
      35
      38
      41
      45
      40
      47
      38
      51
      51
      55
      43
      61
      44
      46
      49
      50
      42
      43
      60
      61
      47
      57
      45
      50
      54
      49
      45
      46
      45
      33
      50
      51
      49
      46
      43
      55
      43
      52
      60
      49
      59
      61
      39
      52
      37
      50
      38
      52
      50
      43
      47
      52
      45
      47
      48
      43
      48
      60
      34
      49
      54
      44
      50
      57
      45
      45
      51
      51
      47
      47
      48
      47
      53
      41
      45
      57
      42
      42
      44
      57
      50
      44
      47
      48
      36
      46
      44
      42
      52
      51
      56
      64
      47
      46
      54
      36
      48
      45
      53
      55
      49
      51
      40
      44
      47
      50
      42
      38
      47
      44
      50
      47
      61
      60
      52
      47
      46
      55
      46
      54
      67
      48
      47
      52
      51
      44
      37
      45
      59
      48
      49
      49
      45
      41
      61
      48
      37
      49
      47
      51
      44
      51
      50
      54
      49
      52
      47
      52
      42
      42
      51
      44
      45
      52
      36
      65
      48
      47
      42
      42
      47
      57
      42
      19
       0
       0
       0
       0
       0
       0
       0
       0
       0
       0
       0
       0
       0
       0
       0
       0
       0
       0
       0
       0
       0
       0
       0
       0
       0
       0
       0
       0
       0
       0
       0
       0
       0
       0
       0
       0
       0
       0
       0
       0
       0
       0
       0
       0
       0
       0
       0
       0
       0
       0
       0
       0
       0
       0
       0
       0
       0
       0
       0
       0
       0
       0
       0
       0
       0
       0
$ROI:
2
95 97
514 605
$PRESETS:
Real Time
200
0
$ENER_FIT:
-289.438599 1.280702
$MCA_CAL:
3
-2.894386E+002 1.280702E+000 0.000000E+000
$SHAPE_CAL:
3
0.000000E+000 0.000000E+000 0.000000E+000
