$SPEC_ID:
MEASURE 616.
$SPEC_REM:
DET# 1
DETDESC# MCB 25
AP# Maestro Version 6.05
$DATE_MEA:
03/17/2003 10:14:31
$MEAS_TIM:
192 200
$DATA:
0 1023
       0
       0
       0
       0
       0
       0
       0
       0
       0
       0
       0
       0
       0
       0
       0
       0
       0
     106
     255
     242
     235
     237
     228
     245
     267
     280
     256
     239
     289
     237
     254
     276
     267
     248
     242
     285
     282
     271
     241
     258
     270
     262
     270
     256
     264
     285
     274
     278
     290
     310
     260
     298
     280
     290
     278
     313
     263
     286
     281
     292
     313
     281
     299
     270
     278
     293
     299
     305
     259
     268
     292
     330
     306
     310
     323
     335
     321
     343
     306
     324
     356
     364
     353
     380
     348
     399
     393
     380
     368
     420
     419
     387
     429
     437
     404
     434
     461
     444
     448
     456
     467
     457
     419
     483
     470
     474
     485
     514
     516
     493
     487
     494
     528
     532
     575
     534
     543
     546
     520
     519
     514
     557
     550
     574
     569
     534
     547
     631
     604
     594
     594
     561
     604
     618
     574
     650
     641
     631
     589
     620
     572
     628
     649
     628
     598
     597
     654
     638
     663
     652
     642
     632
     638
     570
     669
     603
     697
     647
     630
     691
     649
     694
     674
     643
     631
     614
     629
     647
     653
     678
     650
     670
     641
     649
     665
     621
     661
     686
     689
     649
     638
     671
     640
     708
     692
     634
     642
     672
     678
     664
     677
     638
     631
     657
     704
     641
     649
     715
     719
     672
     718
     722
     734
     678
     706
     752
     762
     748
     787
     725
     760
     751
     749
     808
     708
     752
     742
     745
     741
     731
     741
     804
     742
     743
     754
     756
     745
     722
     703
     689
     720
     713
     699
     668
     751
     666
     687
     663
     701
     690
     678
     645
     652
     682
     655
     627
     654
     624
     660
     646
     612
     610
     636
     605
     585
     599
     577
     589
     591
     606
     609
     574
     590
     565
     555
     550
     573
     575
     540
     560
     558
     524
     546
     573
     520
     575
     547
     539
     523
     575
     507
     485
     497
     535
     532
     496
     507
     514
     464
     511
     521
     510
     513
     472
     467
     501
     512
     485
     458
     447
     461
     471
     465
     470
     470
     447
     395
     426
     463
     437
     449
     428
     427
     458
     412
     432
     461
     404
     415
     438
     449
     420
     392
     434
     384
     407
     410
     443
     413
     418
     417
     389
     409
     399
     387
     377
     381
     375
     376
     406
     392
     396
     425
     374
     402
     397
     376
     404
     383
     355
     388
     357
     345
     384
     370
     395
     413
     366
     405
     367
     393
     383
     344
     382
     350
     340
     358
     315
     359
     313
     338
     326
     333
     302
     334
     330
     319
     315
     335
     332
     312
     332
     328
     313
     289
     290
     293
     291
     279
     272
     281
     282
     302
     254
     259
     265
     247
     251
     244
     255
     265
     237
     242
     209
     238
     223
     197
     222
     228
     196
     222
     220
     235
     200
     195
     212
     186
     180
     194
     210
     195
     187
     183
     182
     183
     182
     192
     177
     181
     187
     184
     166
     172
     172
     165
     175
     192
     176
     162
     175
     157
     170
     174
     173
     147
     156
     160
     163
     148
     165
     160
     163
     128
     150
     166
     146
     127
     163
     151
     171
     145
     146
     125
     123
     124
     147
     143
     147
     138
     127
     129
     139
     138
     138
     146
     142
     140
     146
     138
     149
     125
     136
     119
     155
     137
     149
     122
     123
     128
     132
     129
     119
     143
     134
     129
     140
     138
     136
     117
     133
     163
     116
     133
     138
     157
     133
     162
     115
     128
     139
     140
     141
     135
     138
     134
     127
     122
     139
     135
     140
     119
     168
     122
     153
     119
     115
     128
     135
     144
     137
     121
     158
     163
     190
     153
     165
     191
     160
     183
     178
     176
     212
     211
     247
     209
     235
     247
     256
     296
     298
     299
     266
     319
     347
     354
     397
     356
     433
     393
     479
     493
     490
     503
     574
     625
     655
     650
     691
     728
     734
     828
     838
     871
     898
     925
     964
    1009
    1013
    1064
    1106
    1137
    1130
    1213
    1158
    1168
    1283
    1329
    1302
    1385
    1346
    1382
    1322
    1413
    1326
    1402
    1338
    1391
    1379
    1379
    1396
    1359
    1317
    1313
    1252
    1243
    1206
    1206
    1187
    1194
    1091
    1036
    1054
     922
     948
     919
     894
     878
     818
     767
     729
     666
     660
     606
     554
     541
     512
     456
     419
     375
     351
     345
     341
     290
     262
     262
     235
     216
     223
     159
     182
     149
     136
     124
     145
     120
     108
      96
     100
     103
      85
      75
      64
      71
      62
      55
      63
      75
      61
      56
      62
      65
      53
      49
      46
      59
      60
      56
      43
      39
      52
      49
      58
      49
      49
      48
      49
      55
      52
      47
      60
      45
      53
      51
      42
      47
      58
      53
      44
      47
      57
      45
      51
      52
      61
      52
      43
      53
      60
      48
      51
      52
      48
      47
      53
      49
      44
      40
      42
      46
      55
      58
      46
      49
      59
      54
      54
      56
      53
      38
      65
      32
      43
      42
      53
      52
      51
      46
      56
      51
      49
      53
      44
      49
      53
      49
      56
      45
      44
      43
      50
      48
      41
      55
      45
      44
      54
      56
      56
      37
      50
      50
      44
      52
      43
      48
      51
      47
      51
      54
      43
      45
      52
      52
      46
      63
      39
      56
      43
      39
      49
      44
      47
      36
      55
      42
      48
      48
      47
      34
      51
      34
      55
      51
      53
      50
      42
      50
      43
      34
      50
      41
      39
      53
      46
      41
      50
      48
      48
      49
      44
      41
      54
      48
      49
      45
      52
      49
      36
      56
      50
      53
      53
      40
      45
      48
      43
      43
      38
      40
      42
      46
      37
      49
      43
      48
      39
      40
      50
      51
      43
      46
      49
      54
      42
      45
      48
      36
      42
      53
      41
      39
      48
      43
      41
      44
      53
      41
      48
      49
      51
      49
      49
      44
      50
      44
      64
      43
      51
      35
      50
      46
      42
      59
      32
      38
      42
      46
      54
      47
      54
      47
      48
      38
      36
      48
      53
      45
      34
      40
      59
      55
      41
      49
      57
      46
      47
      49
      51
      45
      49
      51
      58
      49
      40
      46
      57
      46
      53
      42
      49
      48
      34
      46
      37
      54
      54
      42
      51
      39
      43
      56
      45
      55
      46
      46
      48
      52
      44
      61
      40
      47
      48
      43
      39
      47
      51
      60
      55
      47
      49
      49
      42
      49
      31
      56
      47
      45
      57
      51
      51
      47
      40
      46
      59
      42
      45
      49
      44
      48
      48
      48
      61
      55
      49
      44
      52
      43
      30
       0
       0
       0
       0
       0
       0
       0
       0
       0
       0
       0
       0
       0
       0
       0
       0
       0
       0
       0
       0
       0
       0
       0
       0
       0
       0
       0
       0
       0
       0
       0
       0
       0
       0
       0
       0
       0
       0
       0
       0
       0
       0
       0
       0
       0
       0
       0
       0
       0
       0
       0
       0
       0
       0
       0
       0
       0
       0
       0
       0
       0
       0
       0
       0
       0
       0
$ROI:
2
95 97
514 605
$PRESETS:
Real Time
200
0
$ENER_FIT:
-289.438599 1.280702
$MCA_CAL:
3
-2.894386E+002 1.280702E+000 0.000000E+000
$SHAPE_CAL:
3
0.000000E+000 0.000000E+000 0.000000E+000
