$SPEC_ID:
MEASURE 767.
$SPEC_REM:
DET# 1
DETDESC# MCB 25
AP# Maestro Version 6.05
$DATE_MEA:
03/17/2003 22:49:31
$MEAS_TIM:
192 200
$DATA:
0 1023
       0
       0
       0
       0
       0
       0
       0
       0
       0
       0
       0
       0
       0
       0
       0
       0
       0
     106
     224
     238
     226
     218
     279
     252
     239
     261
     242
     264
     252
     250
     257
     266
     261
     282
     276
     263
     277
     282
     260
     246
     272
     280
     270
     264
     281
     275
     276
     304
     255
     269
     276
     283
     285
     263
     276
     309
     259
     282
     269
     301
     268
     318
     310
     311
     269
     289
     290
     287
     320
     314
     302
     318
     323
     316
     314
     345
     306
     323
     340
     317
     321
     350
     312
     358
     382
     385
     383
     373
     390
     420
     391
     357
     413
     427
     435
     435
     454
     403
     411
     455
     452
     440
     484
     449
     483
     496
     474
     499
     481
     489
     521
     515
     578
     519
     505
     562
     527
     481
     530
     562
     556
     546
     576
     565
     572
     589
     544
     600
     527
     611
     556
     578
     571
     626
     612
     612
     598
     606
     592
     641
     637
     587
     632
     671
     634
     630
     629
     618
     600
     656
     610
     677
     591
     626
     628
     683
     641
     618
     627
     694
     683
     644
     632
     619
     619
     673
     690
     638
     639
     608
     679
     616
     661
     651
     679
     690
     678
     643
     639
     671
     652
     680
     601
     657
     647
     634
     662
     664
     604
     690
     659
     656
     629
     655
     641
     669
     688
     693
     671
     684
     695
     689
     737
     729
     783
     728
     739
     750
     689
     760
     737
     761
     779
     749
     817
     752
     739
     761
     730
     771
     829
     749
     761
     732
     758
     777
     718
     722
     666
     733
     689
     698
     665
     691
     720
     720
     648
     734
     697
     659
     685
     625
     667
     609
     640
     651
     659
     650
     547
     619
     613
     639
     631
     603
     580
     550
     647
     563
     591
     632
     607
     599
     581
     595
     574
     525
     582
     564
     561
     560
     557
     571
     544
     504
     521
     566
     529
     515
     551
     485
     554
     494
     515
     538
     538
     512
     523
     500
     521
     522
     552
     503
     498
     546
     475
     486
     488
     471
     494
     488
     507
     464
     479
     473
     456
     465
     453
     466
     454
     418
     412
     442
     458
     424
     376
     428
     465
     417
     421
     433
     396
     420
     407
     412
     419
     408
     424
     403
     419
     385
     390
     395
     394
     379
     399
     451
     364
     407
     351
     406
     349
     386
     394
     376
     387
     386
     387
     335
     362
     360
     379
     394
     350
     383
     397
     337
     368
     372
     352
     359
     374
     373
     371
     343
     349
     359
     376
     350
     331
     360
     348
     328
     313
     340
     329
     339
     348
     332
     330
     323
     310
     299
     354
     311
     295
     318
     271
     304
     281
     289
     333
     300
     254
     278
     259
     307
     276
     265
     261
     242
     249
     253
     233
     263
     230
     229
     226
     218
     233
     218
     226
     205
     184
     196
     227
     202
     197
     188
     213
     219
     183
     175
     174
     189
     204
     189
     186
     188
     178
     187
     177
     203
     183
     174
     178
     154
     185
     151
     184
     163
     180
     145
     160
     178
     149
     171
     154
     163
     136
     124
     162
     137
     156
     173
     127
     140
     148
     147
     158
     148
     173
     164
     173
     140
     172
     127
     156
     125
     141
     136
     125
     143
     141
     136
     141
     148
     153
     154
     153
     150
     137
     122
     166
     135
     127
     139
     150
     137
     118
     110
     130
     110
     126
     120
     134
     128
     111
     139
     134
     125
     143
     117
     145
     126
     126
     121
     143
     138
     132
     124
     132
     130
     138
     136
     118
     126
     127
     122
     150
     136
     135
     140
     143
     128
     145
     168
     157
     140
     159
     133
     151
     151
     166
     171
     163
     161
     130
     166
     192
     175
     176
     185
     183
     183
     198
     209
     220
     261
     239
     255
     254
     250
     301
     310
     314
     340
     337
     386
     404
     382
     441
     458
     459
     483
     499
     564
     600
     591
     597
     701
     731
     717
     749
     805
     832
     886
     863
     920
     944
     970
    1105
    1054
    1112
    1200
    1212
    1134
    1236
    1209
    1340
    1268
    1266
    1296
    1375
    1380
    1358
    1407
    1365
    1416
    1390
    1320
    1379
    1322
    1408
    1277
    1301
    1288
    1248
    1264
    1252
    1181
    1167
    1107
    1066
    1060
    1049
     906
     933
     843
     854
     799
     783
     723
     690
     655
     650
     641
     592
     519
     470
     475
     402
     401
     353
     356
     345
     309
     259
     252
     264
     231
     213
     193
     167
     153
     150
     142
     126
     125
     119
      90
     109
     104
      93
      74
      81
      68
      77
      78
      74
      63
      66
      58
      70
      63
      71
      62
      47
      55
      70
      51
      54
      58
      54
      51
      51
      47
      63
      49
      56
      57
      54
      51
      50
      46
      54
      63
      38
      54
      52
      53
      57
      63
      57
      55
      46
      51
      45
      52
      62
      32
      37
      56
      54
      58
      64
      47
      42
      49
      49
      53
      49
      65
      46
      48
      40
      58
      46
      48
      52
      54
      50
      35
      40
      42
      61
      46
      43
      52
      48
      46
      53
      42
      43
      41
      52
      47
      53
      40
      34
      40
      49
      42
      39
      35
      45
      54
      40
      40
      44
      50
      50
      47
      51
      47
      47
      50
      45
      45
      44
      47
      46
      42
      63
      40
      33
      33
      43
      58
      36
      44
      46
      41
      48
      43
      48
      53
      39
      32
      52
      50
      44
      53
      41
      43
      56
      38
      54
      54
      38
      43
      37
      56
      58
      57
      49
      41
      46
      46
      48
      39
      53
      45
      39
      53
      43
      49
      40
      33
      53
      44
      52
      52
      38
      48
      49
      53
      54
      52
      44
      45
      50
      33
      36
      50
      50
      39
      44
      39
      33
      37
      59
      50
      52
      48
      46
      37
      27
      47
      53
      49
      43
      44
      52
      68
      58
      46
      49
      41
      50
      43
      37
      46
      46
      43
      45
      35
      39
      39
      51
      44
      57
      47
      53
      40
      55
      42
      46
      62
      44
      35
      45
      53
      47
      51
      49
      35
      44
      59
      40
      51
      49
      52
      47
      56
      28
      43
      50
      39
      45
      56
      53
      33
      42
      49
      46
      41
      44
      41
      52
      39
      59
      38
      43
      45
      46
      47
      42
      41
      42
      62
      51
      46
      52
      41
      57
      44
      45
      46
      66
      33
      38
      43
      53
      44
      52
      47
      49
      43
      64
      37
      56
      49
      33
      39
      56
      52
      31
      56
      51
      43
      53
      61
      54
      56
      47
      55
      50
      49
      62
      51
      45
      42
      50
      42
      38
      40
      43
      36
       3
       0
       0
       0
       0
       0
       0
       0
       0
       0
       0
       0
       0
       0
       0
       0
       0
       0
       0
       0
       0
       0
       0
       0
       0
       0
       0
       0
       0
       0
       0
       0
       0
       0
       0
       0
       0
       0
       0
       0
       0
       0
       0
       0
       0
       0
       0
       0
       0
       0
       0
       0
       0
       0
       0
       0
       0
       0
       0
       0
       0
       0
       0
       0
       0
       0
$ROI:
2
95 97
514 605
$PRESETS:
Real Time
200
0
$ENER_FIT:
-289.438599 1.280702
$MCA_CAL:
3
-2.894386E+002 1.280702E+000 0.000000E+000
$SHAPE_CAL:
3
0.000000E+000 0.000000E+000 0.000000E+000
