$SPEC_ID:
MEASURE 724.
$SPEC_REM:
DET# 1
DETDESC# MCB 25
AP# Maestro Version 6.05
$DATE_MEA:
03/17/2003 19:14:31
$MEAS_TIM:
192 200
$DATA:
0 1023
       0
       0
       0
       0
       0
       0
       0
       0
       0
       0
       0
       0
       0
       0
       0
       0
       0
     100
     219
     222
     247
     240
     253
     245
     238
     262
     243
     245
     283
     249
     257
     228
     289
     257
     278
     255
     286
     289
     281
     278
     264
     259
     286
     265
     272
     288
     281
     288
     271
     289
     261
     276
     276
     294
     302
     294
     257
     264
     294
     270
     300
     308
     278
     307
     295
     292
     290
     280
     298
     298
     307
     278
     335
     306
     330
     321
     341
     379
     336
     349
     352
     346
     363
     343
     375
     371
     370
     362
     345
     397
     370
     400
     418
     414
     455
     451
     444
     451
     430
     449
     452
     473
     467
     488
     484
     450
     477
     464
     503
     512
     540
     554
     538
     541
     586
     555
     531
     513
     550
     549
     598
     591
     554
     586
     548
     556
     572
     529
     566
     556
     565
     585
     624
     572
     599
     625
     599
     657
     546
     569
     635
     662
     595
     607
     661
     662
     651
     687
     593
     657
     619
     661
     627
     678
     671
     645
     605
     615
     676
     621
     669
     649
     637
     648
     625
     647
     636
     649
     657
     644
     710
     674
     671
     604
     673
     618
     644
     633
     633
     637
     660
     647
     639
     636
     650
     697
     641
     693
     660
     644
     641
     673
     673
     629
     712
     678
     651
     665
     627
     707
     686
     624
     722
     703
     748
     701
     700
     747
     704
     733
     782
     787
     788
     757
     752
     820
     783
     777
     750
     806
     730
     753
     747
     758
     730
     759
     712
     721
     743
     668
     713
     723
     726
     681
     699
     774
     664
     677
     647
     646
     669
     687
     657
     647
     637
     617
     659
     604
     659
     596
     635
     582
     604
     597
     587
     617
     610
     565
     583
     537
     587
     550
     581
     596
     545
     570
     616
     559
     519
     562
     567
     539
     537
     566
     563
     544
     525
     535
     533
     555
     541
     520
     519
     527
     549
     522
     503
     492
     493
     503
     501
     484
     519
     488
     467
     495
     532
     453
     501
     472
     466
     453
     450
     473
     446
     477
     452
     437
     434
     451
     472
     425
     458
     420
     448
     422
     424
     442
     433
     422
     431
     427
     432
     389
     389
     427
     412
     392
     384
     402
     473
     395
     384
     370
     409
     380
     409
     391
     424
     365
     403
     406
     386
     374
     415
     375
     401
     381
     381
     391
     389
     369
     368
     370
     388
     364
     371
     399
     358
     366
     366
     350
     373
     359
     404
     352
     389
     337
     384
     372
     348
     337
     352
     336
     316
     313
     323
     311
     328
     291
     309
     305
     300
     284
     303
     281
     303
     325
     287
     271
     274
     272
     287
     266
     289
     256
     250
     269
     239
     268
     256
     258
     266
     244
     230
     249
     222
     225
     199
     244
     245
     195
     225
     184
     215
     196
     216
     217
     188
     205
     189
     175
     192
     172
     196
     194
     171
     183
     189
     184
     172
     198
     173
     146
     187
     171
     181
     164
     167
     158
     166
     202
     143
     161
     140
     144
     157
     172
     150
     153
     169
     167
     170
     139
     165
     160
     151
     147
     145
     174
     126
     137
     161
     146
     133
     141
     132
     150
     164
     163
     132
     148
     120
     136
     146
     130
     126
     135
     127
     140
     149
     119
     142
     115
     147
     141
     114
     159
     136
     134
     127
     120
     133
     124
     134
     129
     153
     129
     136
     156
     145
     154
     152
     133
     152
     148
     132
     137
     128
     126
     132
     137
     138
     157
     152
     125
     121
     153
     140
     130
     120
     133
     134
     122
     138
     126
     126
     159
     153
     168
     175
     146
     162
     163
     193
     161
     158
     162
     184
     194
     162
     199
     193
     201
     181
     212
     205
     243
     277
     239
     252
     317
     297
     322
     348
     359
     334
     384
     405
     448
     401
     451
     486
     514
     515
     547
     571
     644
     691
     694
     683
     837
     838
     801
     892
     915
     952
     963
    1000
    1003
    1064
    1107
    1145
    1152
    1198
    1249
    1243
    1234
    1267
    1253
    1425
    1444
    1404
    1340
    1393
    1390
    1355
    1408
    1423
    1336
    1316
    1350
    1380
    1310
    1283
    1322
    1274
    1222
    1195
    1238
    1131
    1136
    1090
    1011
     982
     937
     900
     913
     851
     783
     761
     725
     681
     641
     617
     588
     566
     532
     521
     467
     424
     408
     371
     354
     299
     277
     258
     232
     217
     208
     186
     187
     147
     160
     134
     123
     132
      95
     122
      99
      80
      91
      94
      75
      92
      59
      68
      49
      52
      74
      51
      56
      64
      64
      70
      52
      51
      65
      53
      51
      56
      45
      58
      55
      42
      51
      52
      56
      46
      65
      46
      58
      42
      33
      58
      51
      51
      49
      55
      53
      42
      48
      45
      46
      62
      50
      50
      44
      54
      46
      50
      52
      63
      49
      60
      56
      48
      61
      47
      66
      46
      48
      42
      55
      61
      57
      59
      54
      48
      54
      48
      52
      40
      42
      46
      38
      51
      46
      39
      46
      55
      45
      47
      48
      45
      54
      51
      48
      39
      62
      37
      44
      50
      39
      56
      49
      48
      60
      41
      38
      53
      37
      59
      41
      40
      50
      45
      50
      56
      49
      35
      39
      49
      42
      47
      57
      37
      44
      67
      44
      56
      42
      35
      46
      46
      38
      40
      43
      51
      51
      54
      51
      36
      47
      39
      46
      46
      48
      50
      49
      31
      39
      44
      51
      48
      52
      50
      40
      60
      40
      51
      38
      50
      35
      48
      54
      45
      48
      32
      46
      51
      46
      49
      51
      38
      35
      42
      42
      40
      33
      44
      45
      46
      43
      55
      39
      59
      54
      42
      47
      50
      37
      50
      57
      41
      43
      35
      46
      42
      41
      40
      37
      37
      33
      56
      34
      44
      44
      50
      46
      52
      40
      71
      48
      49
      47
      34
      51
      47
      41
      51
      61
      52
      50
      44
      40
      46
      35
      42
      39
      37
      51
      45
      51
      51
      40
      37
      49
      50
      42
      52
      49
      61
      41
      51
      39
      43
      48
      44
      52
      43
      57
      45
      37
      36
      40
      57
      45
      47
      51
      45
      56
      43
      50
      61
      42
      50
      49
      46
      58
      54
      43
      60
      53
      49
      52
      47
      44
      47
      53
      53
      45
      42
      34
      49
      38
      43
      48
      40
      37
      53
      45
      54
      56
      43
      49
      43
      34
      40
      44
      48
      59
      38
      59
      48
      44
      36
      72
      51
      38
      51
      50
      48
      40
      54
      44
      45
      29
       2
       0
       0
       0
       0
       0
       0
       0
       0
       0
       0
       0
       0
       0
       0
       0
       0
       0
       0
       0
       0
       0
       0
       0
       0
       0
       0
       0
       0
       0
       0
       0
       0
       0
       0
       0
       0
       0
       0
       0
       0
       0
       0
       0
       0
       0
       0
       0
       0
       0
       0
       0
       0
       0
       0
       0
       0
       0
       0
       0
       0
       0
       0
       0
       0
       0
$ROI:
2
95 97
514 605
$PRESETS:
Real Time
200
0
$ENER_FIT:
-289.438599 1.280702
$MCA_CAL:
3
-2.894386E+002 1.280702E+000 0.000000E+000
$SHAPE_CAL:
3
0.000000E+000 0.000000E+000 0.000000E+000
