$SPEC_ID:
MEASURE 010.
$SPEC_REM:
DET# 1
DETDESC# MCB 25
AP# Maestro Version 6.05
$DATE_MEA:
03/15/2003 07:44:31
$MEAS_TIM:
192 200
$DATA:
0 1023
       0
       0
       0
       0
       0
       0
       0
       0
       0
       0
       0
       0
       0
       0
       0
       0
       0
     146
     252
     271
     292
     258
     263
     260
     292
     289
     274
     267
     239
     286
     279
     289
     285
     272
     279
     290
     328
     274
     252
     287
     274
     300
     311
     289
     265
     286
     301
     266
     324
     287
     310
     321
     300
     298
     271
     297
     299
     326
     311
     294
     342
     314
     330
     320
     321
     312
     344
     339
     303
     334
     332
     312
     357
     359
     362
     364
     401
     395
     372
     392
     379
     421
     425
     401
     400
     403
     458
     460
     469
     447
     476
     493
     471
     453
     479
     513
     538
     519
     531
     519
     550
     512
     548
     517
     556
     541
     559
     537
     548
     549
     595
     584
     574
     575
     567
     596
     586
     613
     625
     643
     594
     618
     643
     648
     625
     653
     655
     674
     629
     650
     681
     671
     685
     632
     647
     677
     708
     683
     633
     677
     691
     661
     675
     641
     689
     696
     674
     676
     690
     690
     647
     690
     673
     727
     678
     672
     651
     667
     697
     669
     722
     707
     703
     662
     708
     670
     682
     665
     674
     666
     673
     697
     649
     673
     670
     640
     668
     732
     706
     721
     723
     680
     683
     728
     728
     734
     728
     721
     753
     734
     749
     722
     736
     770
     720
     779
     814
     764
     812
     785
     809
     801
     794
     799
     764
     820
     830
     820
     836
     795
     759
     761
     749
     818
     781
     724
     778
     785
     761
     751
     723
     748
     756
     699
     678
     721
     691
     689
     717
     711
     697
     694
     647
     649
     671
     622
     656
     649
     708
     653
     626
     657
     685
     641
     674
     581
     618
     637
     617
     588
     586
     643
     609
     576
     577
     571
     629
     625
     593
     585
     631
     592
     547
     578
     561
     578
     499
     543
     542
     549
     547
     550
     538
     550
     534
     543
     513
     510
     497
     469
     508
     524
     510
     480
     480
     496
     492
     481
     521
     465
     495
     470
     469
     496
     475
     511
     435
     439
     458
     493
     423
     420
     444
     433
     452
     416
     465
     427
     431
     413
     419
     430
     415
     451
     461
     440
     441
     423
     420
     433
     399
     420
     401
     415
     399
     415
     412
     419
     390
     391
     397
     383
     380
     396
     403
     379
     371
     379
     345
     373
     384
     378
     375
     385
     369
     381
     373
     368
     353
     382
     380
     369
     356
     358
     339
     351
     360
     346
     372
     369
     353
     333
     329
     300
     328
     274
     317
     306
     300
     298
     284
     302
     290
     287
     295
     241
     296
     291
     267
     258
     247
     271
     245
     249
     261
     221
     230
     221
     229
     222
     220
     226
     221
     213
     237
     212
     209
     215
     201
     193
     198
     187
     201
     178
     215
     184
     199
     208
     158
     199
     188
     189
     189
     183
     178
     149
     187
     164
     177
     158
     155
     153
     148
     169
     162
     175
     154
     175
     179
     172
     157
     157
     159
     166
     137
     163
     160
     148
     172
     151
     146
     142
     143
     158
     159
     160
     149
     166
     155
     148
     141
     145
     153
     128
     167
     134
     155
     138
     143
     138
     158
     175
     146
     162
     129
     125
     111
     150
     147
     140
     140
     132
     133
     155
     133
     136
     131
     130
     121
     146
     135
     125
     146
     121
     120
     107
     166
     140
     154
     139
     154
     159
     139
     142
     162
     144
     149
     165
     135
     176
     172
     138
     167
     178
     174
     160
     176
     185
     180
     205
     204
     207
     198
     214
     213
     235
     233
     254
     255
     261
     279
     329
     311
     322
     351
     387
     413
     441
     422
     446
     479
     478
     545
     571
     631
     647
     663
     729
     722
     808
     803
     869
     926
     930
     942
    1040
    1025
    1099
    1031
    1137
    1182
    1169
    1225
    1303
    1328
    1319
    1379
    1360
    1394
    1347
    1478
    1437
    1457
    1451
    1442
    1437
    1469
    1496
    1440
    1461
    1481
    1392
    1379
    1358
    1354
    1283
    1256
    1242
    1220
    1094
    1070
    1032
     964
     922
     872
     834
     843
     721
     716
     667
     637
     573
     552
     569
     453
     446
     407
     357
     341
     314
     278
     260
     284
     232
     206
     193
     185
     197
     164
     152
     153
     112
     147
     103
      97
      98
      78
      90
      76
      81
      77
      73
      74
      70
      58
      72
      63
      65
      63
      51
      65
      43
      56
      57
      70
      65
      49
      47
      53
      54
      60
      51
      62
      67
      52
      52
      60
      72
      53
      44
      40
      63
      54
      43
      45
      64
      53
      50
      67
      45
      46
      55
      61
      56
      55
      51
      46
      59
      48
      66
      52
      47
      55
      47
      61
      53
      59
      56
      51
      59
      45
      56
      59
      43
      45
      49
      47
      48
      55
      55
      50
      49
      39
      53
      32
      46
      60
      58
      50
      44
      51
      55
      57
      50
      52
      52
      54
      44
      46
      62
      57
      45
      52
      35
      54
      47
      51
      50
      52
      53
      55
      57
      52
      58
      55
      43
      60
      45
      54
      53
      70
      48
      54
      50
      63
      36
      63
      52
      56
      44
      61
      33
      30
      46
      52
      66
      44
      42
      42
      45
      47
      49
      39
      52
      48
      62
      52
      47
      59
      48
      53
      35
      57
      53
      55
      51
      58
      44
      55
      38
      60
      44
      45
      51
      53
      51
      62
      46
      39
      44
      51
      61
      48
      60
      55
      53
      45
      44
      36
      54
      39
      46
      52
      43
      45
      52
      50
      51
      61
      39
      53
      52
      60
      61
      56
      46
      53
      48
      51
      36
      48
      52
      53
      52
      52
      44
      40
      59
      62
      55
      54
      59
      57
      42
      60
      35
      48
      39
      49
      56
      39
      55
      47
      57
      42
      64
      41
      52
      47
      46
      71
      52
      59
      59
      45
      53
      54
      44
      52
      59
      52
      36
      50
      36
      40
      45
      58
      49
      52
      56
      61
      48
      55
      54
      60
      46
      53
      52
      44
      43
      57
      51
      45
      49
      45
      43
      45
      55
      48
      48
      44
      55
      42
      54
      50
      48
      53
      56
      45
      41
      56
      59
      39
      45
      61
      48
      51
      59
      51
      40
      46
      58
      57
      41
      54
      43
      47
      40
      49
      50
      52
      48
      45
      50
      59
      45
      51
      45
      53
      49
      52
      37
      60
      50
      50
      45
      54
      56
      51
      52
      45
      50
      50
      55
      62
      50
      59
      54
      40
      67
      54
      68
      49
      60
      49
      44
      39
      61
      53
      55
      59
      53
      61
      62
      52
      57
      21
       0
       0
       0
       0
       0
       0
       0
       0
       0
       0
       0
       0
       0
       0
       0
       0
       0
       0
       0
       0
       0
       0
       0
       0
       0
       0
       0
       0
       0
       0
       0
       0
       0
       0
       0
       0
       0
       0
       0
       0
       0
       0
       0
       0
       0
       0
       0
       0
       0
       0
       0
       0
       0
       0
       0
       0
       0
       0
       0
       0
       0
       0
       0
       0
       0
       0
       0
$ROI:
2
95 97
514 605
$PRESETS:
Real Time
200
0
$ENER_FIT:
-289.438599 1.280702
$MCA_CAL:
3
-2.894386E+002 1.280702E+000 0.000000E+000
$SHAPE_CAL:
3
0.000000E+000 0.000000E+000 0.000000E+000
