$SPEC_ID:
MEASURE 417.
$SPEC_REM:
DET# 1
DETDESC# MCB 25
AP# Maestro Version 6.05
$DATE_MEA:
03/16/2003 17:39:31
$MEAS_TIM:
192 200
$DATA:
0 1023
       0
       0
       0
       0
       0
       0
       0
       0
       0
       0
       0
       0
       0
       0
       0
       0
       0
     112
     234
     245
     242
     246
     227
     289
     284
     262
     242
     260
     245
     279
     274
     258
     276
     280
     273
     246
     270
     282
     276
     263
     287
     262
     286
     279
     277
     278
     303
     290
     284
     292
     288
     290
     270
     275
     291
     262
     276
     296
     286
     295
     308
     289
     296
     298
     283
     343
     307
     296
     313
     308
     305
     294
     314
     332
     300
     305
     346
     319
     381
     359
     376
     342
     364
     369
     366
     392
     381
     405
     378
     421
     427
     409
     417
     454
     432
     434
     451
     459
     437
     505
     484
     446
     462
     465
     489
     499
     479
     542
     498
     502
     511
     485
     557
     508
     535
     541
     557
     540
     546
     526
     550
     596
     573
     571
     556
     589
     618
     594
     609
     582
     622
     608
     576
     596
     593
     592
     641
     654
     613
     626
     635
     665
     619
     615
     642
     665
     682
     613
     673
     628
     666
     633
     620
     648
     669
     652
     637
     627
     680
     605
     650
     654
     687
     657
     679
     643
     657
     639
     655
     617
     643
     623
     687
     633
     628
     661
     648
     631
     698
     655
     613
     629
     669
     692
     631
     652
     655
     637
     648
     690
     683
     715
     687
     689
     651
     675
     716
     661
     704
     711
     713
     713
     777
     708
     713
     780
     717
     779
     751
     774
     770
     758
     734
     739
     769
     771
     766
     786
     755
     751
     774
     717
     762
     749
     766
     761
     755
     735
     755
     677
     764
     707
     691
     664
     668
     699
     671
     675
     695
     705
     658
     644
     668
     616
     641
     654
     584
     600
     645
     601
     592
     623
     611
     595
     593
     606
     593
     602
     589
     584
     556
     566
     567
     557
     576
     583
     552
     601
     571
     591
     589
     571
     548
     527
     553
     537
     517
     536
     533
     525
     515
     496
     550
     503
     515
     518
     502
     536
     469
     500
     479
     455
     462
     468
     482
     490
     481
     495
     471
     450
     472
     449
     468
     464
     490
     468
     432
     478
     432
     471
     435
     445
     422
     429
     434
     431
     409
     459
     449
     461
     419
     384
     425
     426
     380
     411
     396
     422
     381
     404
     406
     390
     400
     411
     424
     414
     377
     401
     439
     372
     380
     404
     425
     379
     370
     396
     413
     386
     375
     381
     374
     398
     379
     380
     373
     392
     377
     385
     400
     396
     345
     374
     352
     366
     348
     383
     350
     318
     331
     346
     358
     340
     320
     367
     347
     321
     353
     325
     286
     320
     288
     324
     337
     283
     319
     282
     313
     259
     261
     260
     274
     282
     283
     273
     278
     290
     237
     245
     248
     256
     238
     253
     221
     246
     242
     226
     241
     236
     205
     212
     209
     197
     181
     223
     206
     199
     187
     213
     202
     192
     179
     196
     175
     186
     184
     183
     175
     179
     176
     169
     183
     180
     168
     182
     170
     146
     163
     178
     172
     173
     188
     182
     173
     185
     151
     138
     165
     151
     144
     144
     158
     137
     144
     151
     155
     145
     187
     160
     156
     152
     145
     164
     176
     142
     163
     143
     153
     150
     151
     142
     147
     136
     139
     132
     155
     148
     130
     138
     139
     143
     132
     131
     125
     128
     127
     137
     130
     152
     129
     116
     124
     127
     124
     149
     131
     139
     146
     114
     135
     144
     130
     138
     142
     127
     132
     132
     146
     148
     118
     117
     116
     112
     134
     145
     107
     136
     141
     138
     122
     133
     142
     147
     160
     122
     135
     147
     142
     159
     156
     162
     167
     172
     140
     186
     209
     191
     202
     195
     214
     202
     240
     230
     247
     238
     266
     277
     318
     324
     322
     320
     343
     373
     380
     414
     489
     476
     504
     530
     528
     593
     575
     640
     678
     718
     786
     740
     804
     827
     891
     881
     968
    1010
     976
    1059
    1089
    1165
    1191
    1175
    1092
    1277
    1221
    1276
    1305
    1331
    1314
    1314
    1388
    1392
    1388
    1391
    1340
    1384
    1444
    1456
    1399
    1302
    1360
    1328
    1303
    1244
    1206
    1231
    1223
    1167
    1083
    1083
    1077
    1026
     959
     947
     931
     870
     851
     806
     745
     678
     643
     632
     578
     512
     500
     514
     468
     406
     408
     334
     344
     305
     309
     240
     226
     230
     211
     200
     198
     174
     133
     135
     129
     133
     105
     102
      88
     101
      98
      81
      91
      75
      60
      93
      88
      44
      64
      85
      64
      56
      58
      51
      58
      65
      59
      46
      55
      47
      52
      49
      56
      61
      55
      38
      48
      51
      66
      54
      50
      57
      42
      60
      72
      52
      52
      44
      51
      45
      52
      43
      44
      46
      57
      44
      56
      65
      51
      51
      48
      50
      49
      51
      56
      55
      39
      47
      47
      49
      52
      51
      45
      47
      55
      40
      56
      45
      44
      47
      56
      51
      39
      49
      43
      47
      53
      44
      54
      31
      66
      62
      43
      46
      49
      42
      40
      39
      47
      51
      54
      46
      47
      34
      51
      51
      45
      39
      49
      48
      47
      56
      39
      41
      43
      50
      41
      62
      40
      43
      47
      46
      50
      54
      37
      46
      47
      48
      43
      34
      48
      41
      55
      43
      50
      51
      34
      43
      41
      52
      45
      62
      49
      47
      54
      38
      38
      44
      40
      47
      49
      41
      44
      45
      43
      36
      59
      48
      45
      51
      48
      42
      46
      44
      47
      42
      50
      59
      49
      39
      51
      39
      40
      54
      53
      37
      45
      45
      57
      44
      43
      46
      36
      39
      43
      58
      44
      47
      46
      48
      58
      50
      51
      45
      49
      52
      54
      54
      61
      41
      50
      44
      45
      52
      58
      44
      54
      51
      49
      53
      55
      55
      42
      47
      42
      37
      48
      47
      43
      50
      49
      40
      47
      42
      44
      39
      42
      53
      43
      36
      36
      59
      44
      48
      33
      47
      40
      50
      45
      53
      52
      46
      53
      35
      49
      46
      46
      60
      50
      50
      43
      53
      42
      52
      40
      48
      50
      48
      53
      40
      41
      41
      52
      47
      47
      55
      42
      48
      40
      38
      49
      44
      47
      53
      44
      48
      49
      47
      38
      38
      32
      43
      34
      50
      49
      35
      37
      49
      52
      42
      32
      40
      45
      64
      30
      50
      64
      47
      41
      51
      42
      46
      44
      59
      41
      54
      44
      44
      58
      37
      43
      49
      51
      46
      42
      45
      40
      52
      52
      56
      43
      46
      51
      31
       0
       0
       0
       0
       0
       0
       0
       0
       0
       0
       0
       0
       0
       0
       0
       0
       0
       0
       0
       0
       0
       0
       0
       0
       0
       0
       0
       0
       0
       0
       0
       0
       0
       0
       0
       0
       0
       0
       0
       0
       0
       0
       0
       0
       0
       0
       0
       0
       0
       0
       0
       0
       0
       0
       0
       0
       0
       0
       0
       0
       0
       0
       0
       0
       0
       0
$ROI:
2
95 97
514 605
$PRESETS:
Real Time
200
0
$ENER_FIT:
-289.438599 1.280702
$MCA_CAL:
3
-2.894386E+002 1.280702E+000 0.000000E+000
$SHAPE_CAL:
3
0.000000E+000 0.000000E+000 0.000000E+000
