$SPEC_ID:
MEASURE 005.
$SPEC_REM:
DET# 1
DETDESC# MCB 25
AP# Maestro Version 6.05
$DATE_MEA:
03/15/2003 07:19:31
$MEAS_TIM:
193 200
$DATA:
0 1023
       0
       0
       0
       0
       0
       0
       0
       0
       0
       0
       0
       0
       0
       0
       0
       0
       0
     131
     255
     255
     253
     240
     281
     258
     255
     277
     258
     275
     271
     281
     271
     301
     278
     278
     281
     283
     324
     285
     268
     270
     289
     290
     298
     307
     288
     286
     279
     302
     305
     292
     307
     317
     305
     306
     314
     311
     295
     321
     306
     285
     332
     327
     328
     322
     294
     322
     308
     329
     380
     322
     309
     347
     335
     316
     379
     378
     378
     399
     392
     425
     395
     387
     419
     438
     436
     413
     386
     506
     459
     445
     468
     496
     500
     448
     501
     522
     497
     498
     493
     522
     498
     524
     528
     511
     525
     530
     583
     532
     582
     597
     559
     539
     577
     558
     603
     557
     593
     629
     569
     638
     590
     609
     603
     591
     614
     673
     610
     585
     655
     660
     648
     651
     689
     671
     671
     639
     692
     660
     682
     690
     641
     675
     640
     644
     649
     688
     645
     712
     704
     663
     718
     730
     742
     699
     707
     672
     667
     698
     693
     685
     639
     667
     706
     678
     735
     746
     754
     690
     650
     668
     670
     744
     721
     667
     677
     709
     692
     697
     677
     665
     699
     626
     722
     692
     739
     653
     733
     711
     741
     727
     697
     767
     722
     754
     829
     763
     779
     789
     712
     818
     813
     791
     820
     815
     864
     834
     793
     804
     810
     803
     813
     768
     774
     805
     781
     773
     773
     696
     746
     727
     747
     726
     721
     709
     703
     707
     723
     708
     701
     687
     659
     669
     677
     657
     680
     665
     647
     610
     646
     618
     636
     652
     664
     661
     656
     617
     648
     636
     648
     601
     568
     670
     587
     604
     588
     589
     586
     558
     590
     579
     588
     605
     574
     513
     550
     563
     559
     606
     562
     532
     521
     548
     598
     527
     546
     515
     528
     543
     492
     508
     528
     509
     484
     490
     514
     520
     445
     489
     499
     470
     437
     476
     503
     450
     477
     482
     456
     501
     432
     432
     427
     468
     476
     411
     454
     438
     441
     429
     474
     446
     428
     442
     434
     454
     402
     431
     373
     391
     413
     415
     408
     430
     403
     436
     414
     383
     447
     367
     398
     379
     415
     400
     427
     400
     386
     386
     416
     404
     386
     361
     375
     370
     378
     354
     424
     382
     386
     393
     348
     380
     342
     396
     376
     324
     361
     359
     349
     342
     325
     359
     325
     350
     352
     337
     310
     327
     334
     283
     331
     311
     334
     276
     296
     291
     261
     273
     259
     247
     263
     252
     256
     225
     254
     244
     251
     244
     222
     254
     221
     220
     225
     235
     224
     199
     183
     195
     205
     212
     202
     224
     205
     186
     210
     193
     187
     188
     217
     189
     154
     206
     158
     184
     202
     166
     187
     190
     179
     174
     133
     155
     157
     168
     158
     151
     179
     151
     185
     166
     179
     166
     167
     182
     154
     170
     152
     155
     150
     159
     137
     139
     125
     130
     164
     168
     155
     141
     156
     136
     154
     140
     112
     149
     151
     153
     140
     137
     167
     141
     145
     148
     150
     153
     152
     127
     148
     119
     137
     144
     145
     135
     136
     131
     132
     136
     139
     132
     119
     129
     150
     151
     151
     134
     145
     123
     139
     136
     145
     133
     133
     136
     124
     119
     157
     139
     150
     154
     154
     137
     150
     157
     154
     140
     176
     178
     177
     174
     180
     173
     196
     209
     196
     218
     203
     224
     233
     224
     248
     267
     271
     265
     298
     309
     327
     361
     421
     435
     425
     459
     484
     460
     500
     585
     579
     600
     633
     730
     715
     768
     826
     842
     855
     902
     916
     988
     987
    1069
    1107
    1149
    1147
    1218
    1253
    1261
    1240
    1291
    1330
    1355
    1388
    1420
    1410
    1398
    1432
    1503
    1443
    1420
    1474
    1441
    1452
    1542
    1420
    1449
    1382
    1396
    1339
    1267
    1247
    1238
    1221
    1142
    1124
    1070
    1077
     927
     921
     906
     854
     817
     752
     716
     643
     628
     585
     576
     500
     473
     441
     424
     381
     329
     297
     314
     280
     267
     215
     221
     197
     184
     168
     144
     155
     148
     120
     104
      97
      84
      97
      92
      94
      94
      68
      59
      67
      78
      74
      55
      79
      65
      64
      56
      57
      70
      49
      41
      52
      56
      61
      68
      49
      54
      54
      65
      52
      54
      59
      50
      53
      61
      50
      49
      63
      66
      56
      60
      53
      49
      47
      63
      57
      51
      59
      48
      55
      47
      52
      49
      59
      63
      59
      55
      60
      59
      54
      45
      50
      60
      48
      43
      50
      58
      50
      41
      45
      48
      42
      57
      43
      50
      39
      49
      44
      61
      52
      51
      62
      47
      55
      51
      39
      56
      60
      46
      60
      49
      53
      52
      47
      40
      38
      51
      58
      45
      41
      50
      48
      47
      44
      57
      54
      47
      39
      42
      39
      47
      45
      42
      58
      50
      56
      36
      58
      53
      45
      46
      51
      61
      46
      39
      43
      53
      39
      48
      43
      54
      35
      44
      48
      55
      37
      45
      59
      49
      32
      55
      48
      52
      43
      44
      44
      43
      45
      49
      52
      41
      57
      45
      54
      48
      50
      39
      48
      51
      36
      45
      56
      44
      50
      50
      57
      43
      53
      46
      51
      47
      57
      53
      54
      30
      45
      53
      52
      49
      47
      49
      58
      48
      56
      35
      45
      45
      56
      59
      49
      56
      46
      46
      36
      51
      53
      48
      52
      36
      41
      43
      47
      56
      56
      50
      50
      44
      52
      57
      55
      43
      48
      40
      41
      45
      49
      46
      50
      46
      65
      43
      54
      51
      43
      46
      57
      47
      53
      58
      39
      54
      39
      40
      48
      55
      51
      48
      55
      48
      58
      46
      58
      54
      58
      51
      43
      51
      51
      47
      45
      50
      42
      54
      55
      50
      33
      44
      41
      72
      50
      53
      46
      52
      53
      50
      57
      56
      52
      55
      50
      60
      57
      49
      52
      73
      56
      39
      46
      53
      50
      58
      50
      60
      51
      42
      50
      52
      44
      44
      42
      65
      54
      51
      59
      53
      52
      51
      58
      51
      59
      54
      54
      47
      54
      52
      41
      47
      53
      46
      48
      51
      56
      46
      39
      63
      42
      41
      55
      52
      53
      57
      49
      51
      55
      41
      59
      35
      40
      55
      56
      52
      50
      45
      52
      61
      59
      55
      61
      49
      55
      59
      49
      52
      51
      59
      23
       0
       0
       0
       0
       0
       0
       0
       0
       0
       0
       0
       0
       0
       0
       0
       0
       0
       0
       0
       0
       0
       0
       0
       0
       0
       0
       0
       0
       0
       0
       0
       0
       0
       0
       0
       0
       0
       0
       0
       0
       0
       0
       0
       0
       0
       0
       0
       0
       0
       0
       0
       0
       0
       0
       0
       0
       0
       0
       0
       0
       0
       0
       0
       0
       0
       0
       0
$ROI:
2
95 97
514 605
$PRESETS:
Real Time
200
0
$ENER_FIT:
-289.438599 1.280702
$MCA_CAL:
3
-2.894386E+002 1.280702E+000 0.000000E+000
$SHAPE_CAL:
3
0.000000E+000 0.000000E+000 0.000000E+000
