$SPEC_ID:
MEASURE 153.
$SPEC_REM:
DET# 1
DETDESC# MCB 25
AP# Maestro Version 6.05
$DATE_MEA:
03/15/2003 19:39:31
$MEAS_TIM:
192 200
$DATA:
0 1023
       0
       0
       0
       0
       0
       0
       0
       0
       0
       0
       0
       0
       0
       0
       0
       0
       0
     108
     221
     261
     248
     244
     273
     227
     248
     255
     265
     266
     256
     291
     271
     286
     235
     259
     264
     277
     260
     250
     300
     287
     263
     302
     271
     285
     267
     264
     333
     281
     302
     297
     288
     303
     278
     312
     274
     297
     273
     280
     313
     330
     308
     290
     269
     330
     300
     327
     320
     337
     305
     334
     315
     325
     315
     332
     300
     324
     337
     343
     364
     388
     373
     362
     378
     398
     393
     417
     418
     415
     409
     437
     444
     441
     462
     432
     438
     447
     421
     446
     481
     471
     455
     475
     505
     512
     543
     504
     518
     544
     502
     535
     578
     593
     546
     525
     559
     537
     548
     618
     583
     567
     574
     574
     593
     611
     582
     578
     608
     675
     563
     623
     612
     661
     659
     594
     599
     641
     614
     632
     641
     606
     674
     622
     640
     627
     669
     632
     676
     633
     667
     666
     664
     664
     658
     653
     687
     682
     682
     692
     650
     714
     681
     692
     699
     688
     681
     703
     650
     688
     681
     720
     645
     655
     686
     660
     667
     688
     640
     675
     646
     660
     677
     642
     649
     632
     672
     660
     736
     697
     666
     655
     691
     681
     686
     706
     698
     704
     695
     719
     699
     709
     705
     781
     739
     749
     845
     803
     779
     789
     740
     732
     783
     822
     870
     772
     691
     804
     807
     782
     710
     769
     786
     750
     723
     754
     796
     778
     755
     714
     689
     715
     661
     683
     698
     652
     688
     646
     663
     694
     649
     630
     664
     634
     603
     656
     658
     593
     620
     630
     619
     612
     628
     589
     559
     627
     639
     587
     593
     585
     586
     580
     595
     544
     598
     591
     516
     545
     579
     564
     537
     556
     546
     535
     587
     554
     557
     539
     558
     555
     504
     548
     510
     521
     488
     508
     500
     505
     474
     499
     502
     510
     518
     493
     528
     456
     518
     465
     471
     490
     471
     460
     460
     473
     430
     429
     454
     429
     444
     473
     423
     443
     403
     405
     439
     433
     401
     441
     431
     433
     424
     419
     418
     400
     439
     443
     430
     435
     371
     386
     392
     397
     425
     407
     378
     396
     374
     417
     368
     421
     413
     402
     376
     390
     391
     394
     365
     392
     399
     394
     406
     372
     333
     409
     419
     352
     387
     351
     381
     385
     357
     355
     354
     350
     354
     328
     386
     372
     355
     347
     355
     336
     335
     319
     315
     321
     329
     297
     304
     312
     300
     288
     284
     277
     282
     266
     258
     284
     254
     284
     279
     268
     254
     232
     248
     231
     249
     265
     221
     249
     216
     217
     236
     258
     215
     217
     218
     174
     186
     206
     209
     204
     181
     175
     179
     185
     180
     175
     182
     175
     179
     171
     184
     178
     190
     188
     172
     164
     172
     166
     175
     180
     151
     161
     181
     161
     171
     166
     161
     140
     154
     142
     155
     143
     160
     154
     160
     163
     143
     136
     154
     134
     138
     160
     165
     172
     158
     154
     139
     130
     158
     127
     148
     151
     133
     139
     139
     183
     139
     141
     143
     137
     136
     136
     135
     153
     119
     133
     129
     131
     139
     126
      99
     147
     146
     121
     134
     119
     142
     138
     149
     123
     147
     139
     129
     129
     130
     116
     137
     152
     143
     126
     135
     120
     121
     130
     122
     133
     144
     144
     142
     138
     134
     145
     141
     140
     143
     164
     153
     151
     169
     129
     127
     181
     173
     185
     181
     188
     179
     198
     199
     211
     235
     238
     251
     238
     279
     288
     309
     292
     319
     352
     374
     369
     395
     436
     444
     455
     498
     498
     563
     600
     604
     662
     675
     686
     742
     818
     853
     820
     881
     941
     986
     991
     985
    1011
    1125
    1114
    1142
    1132
    1196
    1285
    1318
    1330
    1269
    1374
    1330
    1388
    1404
    1403
    1552
    1416
    1409
    1459
    1431
    1452
    1397
    1443
    1423
    1311
    1323
    1278
    1264
    1249
    1180
    1166
    1098
    1061
    1108
     971
    1019
     916
     893
     803
     832
     755
     693
     685
     603
     589
     577
     516
     468
     471
     445
     390
     376
     340
     323
     307
     304
     249
     227
     198
     194
     194
     175
     151
     140
     132
     122
     105
     109
      98
      89
      90
      75
      72
      66
      64
      52
      63
      58
      54
      71
      60
      56
      56
      67
      52
      55
      61
      55
      52
      74
      61
      41
      61
      44
      54
      38
      47
      57
      48
      48
      46
      50
      60
      52
      50
      53
      61
      61
      51
      44
      55
      53
      55
      45
      47
      50
      56
      45
      53
      51
      55
      38
      53
      58
      56
      69
      44
      49
      45
      42
      46
      62
      46
      62
      44
      52
      46
      62
      44
      44
      50
      58
      46
      47
      51
      53
      46
      43
      44
      57
      58
      47
      46
      55
      33
      52
      50
      53
      49
      52
      53
      43
      50
      45
      41
      44
      40
      56
      43
      48
      43
      47
      48
      39
      54
      54
      48
      61
      45
      55
      42
      41
      49
      60
      40
      69
      32
      40
      45
      41
      50
      50
      40
      52
      44
      53
      61
      47
      43
      55
      52
      49
      43
      45
      47
      53
      52
      34
      29
      44
      42
      41
      35
      47
      50
      47
      44
      43
      46
      35
      37
      46
      50
      40
      46
      44
      43
      54
      47
      48
      53
      62
      51
      43
      46
      50
      44
      43
      41
      47
      45
      48
      45
      49
      38
      52
      55
      44
      46
      49
      43
      44
      45
      52
      56
      42
      46
      59
      49
      40
      49
      43
      47
      53
      34
      39
      43
      49
      42
      52
      44
      49
      50
      32
      55
      58
      44
      46
      50
      53
      46
      47
      45
      44
      47
      45
      51
      55
      42
      49
      44
      42
      39
      63
      51
      53
      50
      45
      48
      45
      42
      52
      48
      50
      36
      50
      52
      54
      52
      46
      29
      46
      42
      54
      53
      56
      47
      32
      34
      55
      39
      32
      51
      54
      47
      54
      44
      40
      45
      52
      37
      45
      48
      46
      52
      40
      51
      48
      46
      48
      55
      30
      38
      43
      55
      48
      49
      57
      48
      55
      48
      47
      50
      46
      36
      36
      42
      57
      58
      45
      59
      38
      39
      54
      45
      45
      43
      36
      58
      49
      53
      61
      57
      47
      41
      50
      40
      51
      51
      44
      41
      54
      64
      41
      46
      59
      50
      43
      42
      48
      40
      49
      54
      38
      20
       0
       0
       0
       0
       0
       0
       0
       0
       0
       0
       0
       0
       0
       0
       0
       0
       0
       0
       0
       0
       0
       0
       0
       0
       0
       0
       0
       0
       0
       0
       0
       0
       0
       0
       0
       0
       0
       0
       0
       0
       0
       0
       0
       0
       0
       0
       0
       0
       0
       0
       0
       0
       0
       0
       0
       0
       0
       0
       0
       0
       0
       0
       0
       0
       0
       0
$ROI:
2
95 97
514 605
$PRESETS:
Real Time
200
0
$ENER_FIT:
-289.438599 1.280702
$MCA_CAL:
3
-2.894386E+002 1.280702E+000 0.000000E+000
$SHAPE_CAL:
3
0.000000E+000 0.000000E+000 0.000000E+000
