$SPEC_ID:
MEASURE 768.
$SPEC_REM:
DET# 1
DETDESC# MCB 25
AP# Maestro Version 6.05
$DATE_MEA:
03/17/2003 22:54:31
$MEAS_TIM:
192 200
$DATA:
0 1023
       0
       0
       0
       0
       0
       0
       0
       0
       0
       0
       0
       0
       0
       0
       0
       0
       0
     108
     235
     231
     259
     243
     225
     245
     249
     281
     256
     246
     285
     254
     260
     244
     252
     298
     271
     263
     263
     233
     221
     248
     285
     286
     249
     285
     280
     242
     276
     291
     311
     254
     249
     271
     261
     303
     285
     308
     302
     279
     256
     288
     307
     311
     314
     298
     301
     274
     324
     299
     293
     300
     296
     332
     305
     315
     329
     321
     328
     323
     330
     325
     353
     318
     349
     349
     380
     352
     407
     362
     381
     388
     392
     364
     415
     435
     393
     405
     393
     420
     451
     429
     418
     490
     473
     472
     487
     464
     467
     448
     517
     466
     516
     497
     532
     530
     538
     516
     544
     490
     550
     562
     524
     529
     592
     522
     551
     587
     557
     561
     559
     611
     623
     602
     592
     569
     569
     621
     646
     651
     612
     631
     611
     638
     644
     621
     673
     670
     643
     590
     616
     635
     641
     634
     670
     678
     647
     632
     599
     685
     670
     650
     703
     638
     633
     669
     662
     658
     641
     648
     621
     635
     649
     645
     643
     653
     620
     601
     680
     666
     683
     622
     640
     609
     631
     679
     663
     633
     662
     670
     658
     651
     629
     681
     642
     646
     714
     704
     678
     656
     640
     696
     695
     650
     682
     692
     714
     725
     727
     697
     746
     704
     773
     791
     791
     708
     738
     775
     722
     741
     777
     773
     764
     757
     753
     719
     729
     752
     713
     712
     671
     740
     767
     655
     684
     678
     692
     671
     675
     724
     645
     641
     685
     620
     715
     633
     628
     639
     612
     629
     673
     644
     626
     587
     591
     581
     575
     592
     581
     590
     583
     575
     582
     568
     571
     576
     544
     556
     536
     586
     530
     524
     543
     555
     570
     531
     552
     521
     589
     561
     578
     544
     543
     525
     524
     497
     560
     531
     519
     529
     464
     504
     465
     500
     508
     495
     500
     489
     455
     480
     462
     430
     500
     475
     480
     440
     449
     477
     492
     475
     425
     460
     441
     445
     459
     432
     432
     453
     466
     401
     423
     415
     405
     417
     398
     394
     444
     402
     410
     379
     419
     389
     417
     377
     405
     375
     414
     390
     372
     394
     367
     414
     383
     367
     379
     395
     379
     367
     385
     395
     401
     380
     380
     397
     373
     398
     340
     363
     351
     363
     382
     343
     344
     379
     356
     338
     340
     368
     331
     338
     364
     360
     348
     346
     340
     357
     327
     300
     354
     326
     357
     308
     307
     299
     304
     311
     288
     314
     301
     294
     319
     296
     286
     299
     225
     266
     276
     276
     300
     246
     244
     245
     243
     241
     236
     255
     208
     210
     217
     231
     237
     210
     233
     213
     214
     203
     190
     211
     236
     195
     196
     176
     187
     194
     190
     191
     203
     174
     200
     202
     164
     201
     167
     159
     181
     192
     168
     170
     155
     157
     170
     191
     161
     163
     170
     177
     187
     155
     171
     152
     152
     155
     120
     147
     162
     155
     154
     180
     145
     149
     176
     151
     161
     137
     165
     132
     132
     146
     128
     146
     145
     140
     132
     136
     138
     135
     123
     152
     148
     129
     132
     139
     140
     133
     153
     141
     113
     124
     128
     140
     138
     134
     120
     142
     154
     131
     139
     138
     134
     122
     132
     153
     113
     136
     118
     139
     122
     126
     131
     128
     126
     139
     119
     127
     133
     127
     130
     121
     124
     133
     130
     130
     117
     143
     139
     125
     117
     131
     139
     140
     128
     129
     168
     141
     151
     150
     144
     152
     162
     161
     166
     179
     181
     190
     182
     184
     206
     215
     245
     192
     255
     245
     278
     259
     279
     284
     308
     308
     326
     371
     391
     368
     425
     443
     480
     493
     552
     558
     574
     574
     602
     652
     695
     739
     746
     783
     864
     866
     947
     933
     975
    1021
    1044
    1104
    1127
    1119
    1190
    1177
    1282
    1304
    1328
    1294
    1332
    1295
    1385
    1271
    1389
    1275
    1428
    1317
    1399
    1396
    1303
    1340
    1310
    1386
    1330
    1278
    1249
    1339
    1188
    1215
    1167
    1090
    1142
    1031
    1010
    1006
     958
     904
     817
     859
     732
     722
     708
     666
     642
     606
     555
     553
     510
     448
     441
     419
     350
     386
     319
     285
     254
     245
     231
     229
     195
     187
     197
     153
     150
     121
     146
     135
     114
     105
     104
      88
      75
      78
      81
      76
      65
      60
      67
      66
      71
      59
      48
      71
      58
      65
      59
      54
      60
      55
      55
      47
      59
      53
      59
      47
      45
      54
      52
      48
      70
      44
      52
      61
      60
      42
      61
      52
      58
      62
      56
      49
      53
      54
      45
      46
      48
      58
      45
      60
      42
      48
      40
      38
      48
      41
      49
      44
      44
      51
      34
      44
      57
      47
      52
      60
      42
      54
      48
      52
      44
      46
      52
      42
      36
      54
      55
      45
      50
      45
      60
      46
      40
      43
      44
      50
      58
      34
      44
      57
      42
      44
      46
      47
      55
      47
      49
      47
      41
      37
      51
      54
      47
      48
      49
      49
      42
      48
      44
      62
      53
      37
      45
      55
      45
      48
      50
      44
      45
      71
      41
      44
      40
      36
      39
      49
      54
      65
      58
      40
      47
      44
      41
      55
      58
      48
      48
      46
      60
      45
      40
      48
      55
      51
      40
      46
      53
      42
      35
      42
      42
      44
      40
      56
      53
      41
      50
      38
      42
      39
      48
      46
      47
      50
      48
      43
      52
      46
      31
      41
      51
      33
      50
      46
      49
      38
      46
      39
      34
      50
      52
      36
      40
      52
      66
      48
      51
      45
      48
      29
      33
      46
      50
      42
      44
      47
      49
      53
      51
      34
      44
      39
      50
      52
      39
      45
      43
      45
      40
      42
      50
      48
      47
      47
      54
      43
      37
      44
      54
      55
      57
      44
      42
      60
      58
      46
      42
      64
      43
      43
      50
      40
      66
      53
      41
      50
      40
      51
      47
      50
      49
      51
      36
      44
      52
      53
      57
      41
      45
      54
      55
      48
      57
      38
      55
      51
      37
      56
      57
      44
      47
      41
      36
      38
      73
      39
      57
      39
      44
      54
      59
      60
      48
      38
      47
      53
      46
      40
      28
      37
      52
      38
      54
      53
      45
      47
      41
      45
      62
      58
      41
      42
      42
      46
      52
      41
      37
      56
      48
      40
      46
      48
      40
      47
      58
      44
      39
      39
       1
       0
       0
       0
       0
       0
       0
       0
       0
       0
       0
       0
       0
       0
       0
       0
       0
       0
       0
       0
       0
       0
       0
       0
       0
       0
       0
       0
       0
       0
       0
       0
       0
       0
       0
       0
       0
       0
       0
       0
       0
       0
       0
       0
       0
       0
       0
       0
       0
       0
       0
       0
       0
       0
       0
       0
       0
       0
       0
       0
       0
       0
       0
       0
       0
       0
$ROI:
2
95 97
514 605
$PRESETS:
Real Time
200
0
$ENER_FIT:
-289.438599 1.280702
$MCA_CAL:
3
-2.894386E+002 1.280702E+000 0.000000E+000
$SHAPE_CAL:
3
0.000000E+000 0.000000E+000 0.000000E+000
