$SPEC_ID:
MEASURE 274.
$SPEC_REM:
DET# 1
DETDESC# MCB 25
AP# Maestro Version 6.05
$DATE_MEA:
03/16/2003 05:44:31
$MEAS_TIM:
192 200
$DATA:
0 1023
       0
       0
       0
       0
       0
       0
       0
       0
       0
       0
       0
       0
       0
       0
       0
       0
       0
     121
     262
     255
     277
     225
     266
     277
     268
     261
     268
     245
     275
     277
     268
     260
     254
     268
     276
     305
     290
     252
     281
     276
     282
     286
     244
     273
     261
     270
     283
     300
     269
     283
     275
     318
     300
     314
     278
     314
     298
     302
     298
     282
     311
     296
     303
     310
     306
     280
     302
     341
     301
     303
     293
     312
     349
     324
     361
     339
     356
     348
     344
     333
     351
     356
     372
     367
     361
     403
     356
     390
     384
     402
     429
     463
     414
     428
     444
     417
     465
     452
     456
     451
     448
     491
     526
     483
     507
     528
     503
     472
     505
     495
     543
     521
     544
     545
     582
     539
     608
     579
     587
     584
     583
     570
     561
     564
     615
     641
     572
     592
     579
     589
     627
     581
     675
     640
     657
     611
     642
     601
     640
     620
     620
     611
     661
     621
     644
     623
     640
     639
     631
     668
     658
     685
     661
     686
     678
     668
     655
     655
     688
     644
     646
     712
     662
     641
     670
     679
     681
     652
     661
     617
     677
     652
     718
     677
     642
     660
     688
     666
     676
     704
     633
     650
     651
     656
     674
     628
     674
     697
     719
     687
     693
     673
     666
     716
     679
     740
     724
     720
     688
     715
     802
     720
     750
     731
     717
     792
     801
     774
     819
     781
     826
     744
     797
     755
     747
     744
     731
     821
     816
     756
     714
     736
     776
     770
     745
     728
     731
     726
     747
     707
     706
     736
     733
     673
     708
     659
     712
     679
     650
     641
     610
     688
     686
     617
     643
     588
     638
     669
     577
     596
     598
     625
     617
     593
     585
     586
     575
     555
     572
     574
     595
     559
     595
     609
     602
     541
     581
     532
     570
     573
     606
     522
     563
     527
     555
     577
     527
     538
     544
     552
     493
     523
     500
     533
     531
     481
     501
     467
     471
     478
     511
     485
     441
     463
     472
     488
     470
     484
     489
     483
     459
     451
     460
     447
     452
     430
     410
     440
     446
     449
     439
     450
     425
     454
     448
     410
     404
     391
     429
     384
     410
     407
     402
     438
     423
     391
     467
     425
     427
     403
     395
     404
     445
     396
     434
     407
     396
     381
     377
     386
     439
     374
     383
     405
     361
     349
     385
     389
     360
     362
     349
     356
     369
     403
     363
     389
     381
     345
     364
     330
     317
     351
     386
     382
     364
     364
     354
     365
     360
     333
     315
     326
     322
     319
     324
     313
     335
     322
     318
     309
     330
     316
     314
     285
     295
     311
     280
     270
     274
     250
     253
     257
     236
     266
     233
     258
     253
     260
     239
     235
     242
     241
     223
     234
     236
     207
     199
     219
     195
     220
     207
     214
     165
     214
     216
     185
     206
     205
     193
     200
     190
     179
     178
     197
     187
     161
     166
     173
     182
     162
     173
     156
     176
     174
     169
     165
     168
     181
     158
     154
     170
     144
     170
     180
     145
     156
     158
     150
     142
     155
     171
     152
     141
     133
     132
     151
     140
     171
     131
     144
     138
     150
     142
     127
     121
     125
     145
     161
     139
     139
     142
     124
     165
     146
     139
     127
     155
     145
     129
     147
     116
     143
     122
     134
     143
     135
     151
     155
     148
     136
     139
     142
     132
     149
     133
     136
     127
     128
     145
     145
     113
     133
     142
     142
     133
     138
     124
     133
     159
     143
     121
     158
     150
     144
     150
     154
     158
     151
     123
     144
     146
     152
     158
     145
     190
     170
     182
     168
     177
     188
     174
     218
     207
     201
     207
     232
     212
     254
     304
     273
     282
     277
     326
     321
     289
     389
     359
     394
     442
     454
     456
     473
     501
     588
     553
     611
     679
     655
     703
     713
     781
     770
     807
     901
     905
     931
    1032
    1031
    1029
    1111
    1139
    1179
    1177
    1205
    1230
    1215
    1238
    1341
    1273
    1306
    1373
    1424
    1387
    1400
    1406
    1453
    1420
    1483
    1383
    1387
    1380
    1414
    1345
    1338
    1348
    1242
    1280
    1236
    1212
    1137
    1067
    1056
    1040
    1015
     929
     945
     918
     831
     756
     701
     694
     682
     634
     576
     528
     518
     435
     440
     379
     414
     386
     341
     303
     289
     258
     258
     226
     219
     194
     168
     167
     146
     141
     114
     131
      91
     111
     105
      88
     107
      77
      93
      84
      54
      76
      60
      64
      67
      70
      61
      61
      72
      59
      54
      61
      53
      56
      53
      64
      53
      47
      55
      56
      60
      48
      61
      60
      56
      61
      54
      58
      47
      55
      48
      51
      45
      54
      57
      60
      47
      42
      63
      57
      50
      43
      54
      47
      41
      46
      47
      52
      44
      56
      47
      42
      55
      51
      54
      45
      43
      40
      65
      33
      44
      57
      46
      46
      52
      39
      43
      47
      43
      49
      61
      55
      52
      58
      59
      58
      47
      62
      54
      36
      62
      49
      50
      47
      48
      47
      47
      62
      45
      55
      49
      53
      43
      40
      41
      47
      48
      42
      44
      40
      60
      59
      43
      52
      40
      44
      32
      44
      47
      50
      44
      55
      54
      41
      52
      50
      51
      54
      68
      60
      50
      54
      46
      53
      53
      49
      38
      39
      45
      41
      40
      40
      44
      58
      58
      50
      46
      53
      43
      41
      31
      44
      57
      39
      39
      37
      40
      59
      54
      51
      55
      52
      43
      47
      52
      39
      48
      47
      51
      43
      46
      48
      32
      47
      40
      47
      34
      48
      50
      37
      51
      55
      39
      43
      40
      46
      56
      40
      52
      48
      51
      47
      56
      43
      58
      54
      48
      36
      46
      40
      53
      46
      54
      44
      48
      50
      46
      48
      51
      32
      44
      47
      46
      47
      45
      52
      36
      44
      56
      45
      47
      53
      42
      44
      37
      41
      47
      36
      61
      55
      55
      33
      36
      48
      48
      44
      25
      35
      49
      40
      43
      48
      42
      43
      48
      40
      55
      56
      63
      35
      48
      51
      41
      57
      49
      49
      55
      43
      48
      26
      42
      42
      45
      41
      42
      57
      52
      56
      48
      41
      48
      50
      46
      31
      48
      43
      48
      40
      48
      43
      42
      54
      48
      52
      46
      45
      48
      47
      46
      46
      56
      32
      52
      48
      40
      62
      56
      50
      42
      48
      50
      42
      47
      41
      55
      42
      52
      47
      48
      53
      45
      58
      43
      57
      55
      48
      53
      51
      54
      51
      39
      58
      62
      56
      19
       1
       0
       0
       0
       0
       0
       0
       0
       0
       0
       0
       0
       0
       0
       0
       0
       0
       0
       0
       0
       0
       0
       0
       0
       0
       0
       0
       0
       0
       0
       0
       0
       0
       0
       0
       0
       0
       0
       0
       0
       0
       0
       0
       0
       0
       0
       0
       0
       0
       0
       0
       0
       0
       0
       0
       0
       0
       0
       0
       0
       0
       0
       0
       0
       0
       0
$ROI:
2
95 97
514 605
$PRESETS:
Real Time
200
0
$ENER_FIT:
-289.438599 1.280702
$MCA_CAL:
3
-2.894386E+002 1.280702E+000 0.000000E+000
$SHAPE_CAL:
3
0.000000E+000 0.000000E+000 0.000000E+000
