$SPEC_ID:
MEASURE 272.
$SPEC_REM:
DET# 1
DETDESC# MCB 25
AP# Maestro Version 6.05
$DATE_MEA:
03/16/2003 05:34:31
$MEAS_TIM:
192 200
$DATA:
0 1023
       0
       0
       0
       0
       0
       0
       0
       0
       0
       0
       0
       0
       0
       0
       0
       0
       0
     142
     267
     250
     245
     228
     249
     254
     254
     245
     240
     241
     251
     248
     247
     289
     272
     286
     264
     295
     270
     256
     279
     271
     267
     245
     268
     281
     292
     260
     316
     260
     299
     301
     301
     283
     268
     279
     293
     271
     277
     288
     334
     284
     317
     326
     300
     314
     328
     315
     308
     329
     307
     299
     317
     332
     342
     340
     356
     356
     347
     377
     338
     360
     349
     389
     371
     404
     394
     396
     384
     398
     412
     429
     400
     406
     449
     429
     431
     483
     435
     471
     481
     484
     472
     472
     518
     470
     499
     496
     477
     479
     517
     533
     521
     527
     531
     518
     576
     556
     516
     546
     573
     516
     565
     592
     575
     543
     618
     560
     616
     627
     602
     627
     614
     620
     649
     631
     638
     606
     607
     608
     642
     620
     643
     640
     652
     624
     609
     684
     627
     708
     654
     646
     653
     627
     712
     670
     650
     682
     690
     670
     726
     640
     620
     642
     683
     679
     720
     653
     652
     660
     612
     630
     670
     634
     690
     653
     672
     727
     661
     643
     621
     648
     669
     674
     681
     626
     660
     666
     684
     698
     722
     673
     670
     642
     623
     671
     706
     642
     708
     701
     681
     725
     703
     778
     726
     751
     755
     785
     738
     750
     712
     766
     747
     797
     783
     753
     803
     783
     749
     799
     783
     763
     798
     800
     743
     720
     778
     714
     774
     684
     722
     684
     709
     713
     690
     614
     655
     649
     653
     655
     629
     685
     640
     657
     666
     671
     623
     676
     590
     673
     584
     589
     590
     624
     614
     584
     613
     596
     596
     555
     577
     554
     608
     589
     566
     598
     585
     569
     594
     541
     602
     547
     562
     542
     560
     570
     558
     550
     563
     522
     504
     551
     488
     492
     478
     501
     513
     516
     466
     487
     507
     471
     477
     480
     492
     495
     468
     422
     484
     457
     460
     451
     478
     433
     416
     437
     447
     451
     459
     479
     449
     426
     437
     415
     408
     413
     424
     447
     404
     425
     403
     435
     436
     409
     430
     405
     423
     418
     402
     430
     414
     385
     424
     432
     393
     434
     420
     418
     403
     386
     415
     365
     395
     414
     385
     393
     387
     356
     401
     428
     378
     389
     402
     383
     362
     369
     357
     342
     374
     350
     356
     380
     345
     350
     342
     381
     348
     342
     371
     357
     330
     339
     315
     329
     309
     299
     321
     331
     294
     289
     327
     309
     297
     315
     299
     279
     295
     284
     258
     261
     274
     283
     258
     241
     265
     260
     239
     257
     248
     254
     234
     212
     219
     261
     225
     205
     218
     228
     213
     204
     209
     201
     175
     211
     185
     213
     186
     192
     205
     188
     199
     157
     172
     194
     190
     167
     183
     207
     168
     161
     149
     177
     172
     161
     185
     167
     169
     176
     180
     166
     183
     128
     181
     142
     148
     164
     168
     134
     151
     155
     138
     173
     140
     146
     164
     135
     151
     134
     129
     154
     150
     145
     142
     156
     146
     175
     152
     142
     155
     121
     148
     133
     154
     154
     149
     127
     158
     134
     140
     122
     137
     143
     169
     118
     150
     127
     139
     129
     145
     116
     147
     149
     161
     143
     119
     129
     145
     132
     121
     153
     116
     128
     137
     136
     144
     148
     143
     137
     126
     104
     136
     152
     124
     142
     126
     143
     124
     134
     147
     184
     149
     172
     136
     157
     147
     161
     160
     164
     154
     181
     185
     187
     188
     203
     201
     215
     215
     220
     241
     257
     254
     255
     289
     293
     280
     338
     341
     332
     370
     405
     392
     498
     458
     500
     517
     556
     609
     585
     692
     684
     703
     692
     756
     776
     826
     915
     923
     937
    1024
    1024
     968
    1091
    1093
    1154
    1129
    1222
    1251
    1367
    1305
    1293
    1326
    1428
    1352
    1390
    1372
    1355
    1378
    1463
    1415
    1426
    1415
    1357
    1410
    1374
    1348
    1314
    1321
    1252
    1197
    1163
    1135
    1108
    1121
    1061
    1036
    1006
     919
     908
     835
     831
     836
     764
     733
     700
     617
     551
     546
     480
     491
     426
     412
     370
     350
     301
     302
     276
     260
     244
     228
     196
     167
     188
     161
     157
     141
     138
     115
     106
      85
     107
      96
      86
      86
      90
      88
      87
      58
      63
      68
      51
      68
      51
      59
      50
      61
      59
      65
      42
      57
      60
      55
      65
      52
      53
      62
      47
      47
      52
      47
      60
      49
      54
      63
      50
      52
      39
      49
      46
      71
      51
      56
      42
      40
      44
      55
      56
      46
      63
      48
      47
      44
      45
      60
      44
      60
      35
      46
      56
      72
      56
      40
      50
      55
      53
      42
      44
      55
      42
      52
      51
      45
      57
      53
      57
      56
      54
      46
      51
      37
      48
      41
      49
      57
      41
      43
      58
      45
      61
      46
      43
      47
      47
      44
      63
      47
      54
      44
      43
      62
      42
      64
      45
      54
      48
      37
      44
      46
      51
      42
      41
      58
      31
      38
      42
      41
      52
      56
      50
      41
      48
      40
      50
      53
      45
      48
      48
      31
      54
      44
      52
      43
      43
      49
      47
      43
      50
      31
      55
      55
      57
      54
      29
      45
      44
      48
      62
      46
      60
      43
      39
      37
      44
      48
      44
      55
      48
      56
      47
      36
      47
      35
      49
      53
      42
      60
      45
      60
      50
      49
      46
      39
      44
      53
      46
      54
      48
      49
      43
      51
      45
      45
      38
      50
      48
      47
      38
      51
      48
      41
      40
      46
      46
      58
      68
      40
      44
      48
      43
      41
      38
      47
      39
      38
      35
      44
      55
      44
      49
      42
      34
      48
      47
      38
      45
      39
      57
      49
      47
      73
      40
      45
      33
      52
      40
      56
      58
      49
      44
      59
      52
      35
      34
      36
      40
      57
      47
      58
      47
      40
      54
      54
      40
      50
      49
      54
      45
      52
      50
      44
      50
      65
      58
      41
      55
      52
      54
      57
      47
      57
      50
      35
      53
      38
      48
      45
      54
      46
      45
      46
      45
      44
      48
      49
      47
      53
      52
      55
      48
      49
      48
      48
      53
      46
      36
      54
      53
      50
      41
      52
      44
      34
      49
      51
      41
      50
      47
      54
      49
      46
      46
      43
      57
      43
      38
      46
      51
      37
      57
      45
      51
      51
      65
      41
      52
      40
      43
      45
      47
      49
      15
       1
       0
       0
       0
       0
       0
       0
       0
       0
       0
       0
       0
       0
       0
       0
       0
       0
       0
       0
       0
       0
       0
       0
       0
       0
       0
       0
       0
       0
       0
       0
       0
       0
       0
       0
       0
       0
       0
       0
       0
       0
       0
       0
       0
       0
       0
       0
       0
       0
       0
       0
       0
       0
       0
       0
       0
       0
       0
       0
       0
       0
       0
       0
       0
       0
       0
$ROI:
2
95 97
514 605
$PRESETS:
Real Time
200
0
$ENER_FIT:
-289.438599 1.280702
$MCA_CAL:
3
-2.894386E+002 1.280702E+000 0.000000E+000
$SHAPE_CAL:
3
0.000000E+000 0.000000E+000 0.000000E+000
