$SPEC_ID:
MEASURE 525.
$SPEC_REM:
DET# 1
DETDESC# MCB 25
AP# Maestro Version 6.05
$DATE_MEA:
03/17/2003 02:39:31
$MEAS_TIM:
192 200
$DATA:
0 1023
       0
       0
       0
       0
       0
       0
       0
       0
       0
       0
       0
       0
       0
       0
       0
       0
       0
     108
     234
     260
     249
     257
     249
     239
     226
     253
     245
     253
     253
     251
     260
     302
     235
     247
     280
     283
     288
     266
     271
     256
     292
     272
     300
     240
     296
     295
     273
     275
     283
     284
     298
     287
     299
     282
     299
     278
     285
     300
     317
     298
     289
     287
     289
     263
     296
     297
     282
     299
     271
     300
     263
     309
     328
     322
     327
     340
     319
     329
     353
     337
     315
     348
     354
     381
     407
     358
     407
     419
     409
     409
     401
     420
     411
     446
     440
     418
     448
     417
     448
     437
     476
     511
     448
     469
     469
     461
     479
     511
     512
     500
     488
     576
     525
     524
     548
     553
     511
     556
     524
     537
     597
     601
     593
     535
     549
     585
     557
     603
     589
     635
     621
     570
     611
     613
     632
     616
     641
     589
     627
     604
     680
     648
     609
     618
     609
     671
     605
     664
     640
     604
     640
     620
     630
     682
     709
     669
     659
     663
     653
     678
     665
     634
     708
     606
     657
     665
     642
     632
     627
     657
     668
     674
     646
     674
     631
     669
     648
     643
     649
     657
     603
     625
     632
     616
     669
     657
     637
     679
     641
     672
     662
     669
     661
     755
     707
     683
     681
     664
     709
     682
     679
     723
     657
     753
     747
     735
     756
     684
     759
     810
     759
     746
     753
     745
     796
     813
     764
     735
     691
     716
     785
     726
     742
     740
     763
     735
     783
     727
     658
     704
     688
     750
     688
     708
     699
     688
     690
     681
     703
     704
     634
     670
     609
     596
     651
     668
     663
     665
     641
     660
     590
     605
     594
     641
     579
     599
     597
     583
     590
     548
     581
     561
     571
     570
     604
     570
     543
     592
     557
     557
     575
     536
     555
     542
     498
     529
     487
     530
     524
     555
     555
     539
     469
     521
     502
     477
     502
     518
     515
     493
     527
     465
     499
     469
     421
     487
     480
     463
     450
     463
     433
     457
     434
     463
     459
     450
     429
     427
     443
     434
     464
     437
     428
     451
     400
     433
     426
     408
     444
     418
     471
     411
     450
     415
     406
     416
     429
     411
     410
     402
     380
     379
     375
     401
     397
     391
     372
     422
     429
     376
     400
     380
     401
     378
     366
     413
     410
     382
     389
     357
     380
     378
     333
     386
     366
     396
     366
     359
     377
     356
     340
     355
     342
     384
     343
     368
     357
     383
     365
     323
     313
     372
     338
     353
     339
     334
     344
     343
     322
     304
     305
     312
     311
     300
     300
     298
     305
     297
     260
     289
     294
     280
     283
     287
     268
     260
     280
     284
     236
     284
     246
     228
     230
     236
     236
     222
     211
     203
     235
     214
     217
     215
     236
     207
     187
     211
     189
     217
     222
     189
     192
     168
     171
     191
     188
     189
     193
     180
     184
     184
     188
     184
     149
     176
     185
     177
     150
     167
     154
     165
     149
     161
     173
     162
     166
     159
     151
     153
     168
     137
     166
     164
     149
     145
     139
     169
     141
     131
     144
     143
     154
     143
     161
     159
     151
     132
     160
     126
     132
     122
     112
     146
     140
     135
     146
     144
     152
     117
     146
     129
     133
     124
     128
     128
     124
     148
     140
     146
     141
     136
     127
     138
     124
     149
     128
     127
     141
     124
     144
     114
     124
     133
     139
     140
     113
     131
     124
     133
     126
     164
     136
     127
     135
     122
     122
     136
     119
     132
     141
     145
     153
     138
     136
     144
     153
     144
     137
     143
     150
     161
     178
     163
     160
     153
     176
     158
     174
     186
     206
     196
     190
     229
     204
     257
     267
     255
     252
     309
     292
     316
     321
     326
     329
     417
     404
     404
     392
     479
     486
     524
     509
     559
     641
     630
     656
     707
     701
     745
     774
     868
     834
     870
     913
     950
    1029
     993
    1042
    1107
    1160
    1149
    1169
    1220
    1243
    1275
    1258
    1280
    1310
    1394
    1381
    1355
    1371
    1436
    1417
    1367
    1351
    1351
    1317
    1346
    1353
    1356
    1267
    1265
    1301
    1269
    1230
    1168
    1091
    1086
    1094
    1041
     956
     931
     943
     877
     814
     810
     828
     742
     683
     654
     633
     627
     578
     505
     463
     450
     395
     370
     347
     323
     312
     264
     260
     234
     236
     216
     191
     203
     158
     138
     139
     145
     118
      98
      97
     114
      86
      92
      94
      94
      72
      76
      55
      59
      65
      68
      52
      51
      56
      65
      62
      60
      58
      66
      57
      64
      35
      60
      49
      66
      43
      44
      51
      52
      50
      59
      46
      41
      54
      52
      49
      52
      55
      55
      44
      54
      46
      53
      49
      51
      51
      45
      55
      44
      53
      58
      53
      46
      54
      54
      53
      51
      59
      54
      58
      62
      39
      59
      48
      59
      54
      48
      71
      52
      43
      56
      45
      46
      62
      51
      53
      53
      52
      49
      50
      56
      47
      42
      43
      40
      52
      38
      60
      60
      50
      47
      48
      38
      58
      45
      46
      38
      46
      41
      55
      59
      52
      42
      47
      40
      39
      43
      49
      52
      50
      53
      54
      47
      36
      45
      50
      51
      43
      48
      37
      55
      32
      41
      34
      52
      51
      45
      38
      53
      58
      50
      50
      54
      43
      59
      46
      40
      42
      49
      48
      33
      48
      49
      55
      47
      55
      42
      47
      53
      44
      35
      44
      51
      47
      53
      54
      41
      52
      38
      47
      49
      35
      44
      47
      45
      47
      47
      55
      40
      56
      52
      40
      51
      44
      54
      40
      34
      49
      51
      40
      48
      54
      49
      45
      42
      37
      53
      52
      51
      63
      46
      54
      39
      53
      43
      53
      52
      42
      41
      34
      44
      45
      65
      28
      51
      45
      56
      57
      41
      50
      43
      45
      53
      48
      44
      45
      55
      40
      66
      58
      40
      47
      46
      45
      39
      44
      40
      55
      44
      40
      47
      42
      43
      44
      47
      41
      51
      47
      39
      38
      47
      39
      39
      46
      39
      50
      38
      45
      40
      35
      59
      44
      47
      44
      30
      55
      56
      52
      47
      34
      39
      46
      43
      51
      53
      37
      45
      50
      55
      53
      42
      49
      39
      49
      53
      42
      49
      58
      38
      42
      40
      39
      51
      42
      48
      48
      45
      50
      41
      41
      48
      50
      33
      48
      47
      47
      52
      41
      60
      51
      45
      57
      39
      43
      57
      44
      49
      53
      47
      50
      51
      38
      30
       0
       0
       0
       0
       0
       0
       0
       0
       0
       0
       0
       0
       0
       0
       0
       0
       0
       0
       0
       0
       0
       0
       0
       0
       0
       0
       0
       0
       0
       0
       0
       0
       0
       0
       0
       0
       0
       0
       0
       0
       0
       0
       0
       0
       0
       0
       0
       0
       0
       0
       0
       0
       0
       0
       0
       0
       0
       0
       0
       0
       0
       0
       0
       0
       0
       0
$ROI:
2
95 97
514 605
$PRESETS:
Real Time
200
0
$ENER_FIT:
-289.438599 1.280702
$MCA_CAL:
3
-2.894386E+002 1.280702E+000 0.000000E+000
$SHAPE_CAL:
3
0.000000E+000 0.000000E+000 0.000000E+000
