$SPEC_ID:
MEASURE 281.
$SPEC_REM:
DET# 1
DETDESC# MCB 25
AP# Maestro Version 6.05
$DATE_MEA:
03/16/2003 06:19:31
$MEAS_TIM:
192 200
$DATA:
0 1023
       0
       0
       0
       0
       0
       0
       0
       0
       0
       0
       0
       0
       0
       0
       0
       0
       0
     129
     232
     230
     265
     250
     283
     229
     235
     239
     257
     288
     227
     249
     230
     288
     260
     277
     277
     265
     250
     289
     262
     263
     279
     290
     276
     295
     277
     289
     261
     262
     295
     292
     298
     299
     288
     321
     305
     293
     317
     260
     280
     313
     309
     298
     312
     308
     321
     324
     309
     301
     349
     312
     319
     318
     316
     347
     310
     333
     345
     365
     347
     355
     337
     355
     326
     375
     377
     389
     397
     354
     396
     376
     429
     426
     392
     408
     427
     457
     448
     457
     486
     471
     461
     501
     446
     472
     517
     463
     523
     495
     512
     522
     525
     550
     533
     531
     562
     553
     578
     537
     563
     584
     585
     583
     585
     596
     551
     608
     577
     655
     544
     599
     637
     605
     657
     608
     618
     609
     608
     611
     658
     639
     668
     684
     654
     635
     648
     600
     674
     657
     614
     664
     686
     694
     652
     669
     641
     649
     635
     684
     623
     698
     677
     680
     665
     662
     645
     685
     677
     689
     654
     674
     664
     705
     641
     675
     647
     687
     677
     694
     710
     707
     681
     692
     680
     640
     655
     721
     701
     684
     678
     692
     625
     662
     698
     712
     676
     679
     690
     686
     734
     718
     719
     736
     716
     772
     726
     764
     764
     784
     776
     727
     831
     793
     738
     861
     792
     734
     787
     719
     771
     794
     750
     726
     728
     676
     753
     794
     731
     708
     681
     745
     703
     697
     702
     697
     673
     666
     669
     698
     650
     641
     718
     614
     629
     621
     646
     598
     604
     676
     610
     611
     570
     593
     641
     601
     594
     610
     585
     592
     611
     592
     556
     569
     554
     577
     589
     567
     560
     585
     548
     547
     561
     517
     538
     504
     523
     525
     495
     532
     554
     570
     515
     491
     482
     493
     460
     475
     523
     488
     494
     474
     499
     480
     492
     504
     464
     468
     470
     422
     494
     465
     498
     485
     439
     446
     490
     478
     440
     468
     459
     431
     463
     448
     451
     405
     474
     404
     431
     457
     486
     401
     411
     417
     407
     437
     413
     393
     396
     431
     407
     443
     380
     395
     400
     382
     391
     380
     400
     370
     388
     386
     390
     411
     412
     336
     371
     409
     366
     389
     352
     393
     365
     393
     391
     386
     348
     372
     362
     367
     377
     340
     339
     355
     368
     375
     333
     342
     327
     373
     362
     345
     325
     382
     327
     326
     330
     318
     331
     316
     321
     293
     291
     272
     317
     320
     310
     268
     283
     260
     272
     280
     272
     304
     248
     269
     238
     247
     240
     244
     222
     260
     260
     239
     220
     198
     255
     217
     227
     202
     171
     197
     209
     193
     212
     180
     217
     202
     186
     174
     200
     172
     207
     180
     168
     175
     169
     194
     194
     191
     157
     161
     162
     160
     182
     169
     160
     166
     172
     182
     164
     160
     174
     159
     152
     142
     186
     147
     167
     162
     153
     148
     146
     164
     149
     135
     161
     157
     136
     162
     147
     152
     162
     138
     145
     153
     148
     129
     164
     140
     140
     163
     128
     142
     137
     146
     158
     142
     130
     146
     130
     130
     135
     144
     114
     152
     120
     132
     137
     119
     127
     134
     116
     107
     145
     129
     121
     106
     134
     129
     121
     125
     126
     126
     132
     142
     126
     134
     123
     143
     141
     128
     128
     137
     126
     111
     133
     146
     149
     137
     154
     146
     152
     144
     170
     160
     191
     160
     175
     183
     159
     210
     193
     202
     198
     210
     185
     240
     193
     239
     253
     252
     247
     292
     294
     352
     374
     379
     379
     365
     432
     468
     407
     455
     490
     516
     555
     636
     687
     602
     705
     718
     784
     807
     841
     872
     891
     933
     982
    1013
    1050
    1074
    1220
    1136
    1221
    1255
    1187
    1281
    1297
    1251
    1321
    1335
    1356
    1376
    1465
    1429
    1403
    1343
    1349
    1402
    1481
    1348
    1327
    1368
    1346
    1330
    1287
    1251
    1275
    1195
    1183
    1142
    1160
    1022
    1117
    1034
     939
     943
     874
     833
     749
     713
     773
     658
     648
     614
     637
     513
     456
     475
     394
     384
     366
     364
     330
     281
     282
     266
     231
     208
     175
     197
     185
     168
     148
     130
     135
     125
     104
      97
      96
      88
      99
      79
      71
      72
      66
      73
      66
      55
      64
      44
      62
      45
      59
      58
      56
      58
      67
      55
      48
      62
      49
      52
      48
      54
      35
      51
      74
      71
      43
      67
      68
      46
      56
      52
      41
      51
      44
      52
      53
      66
      44
      43
      51
      53
      54
      49
      63
      55
      66
      50
      47
      43
      32
      61
      52
      43
      45
      51
      52
      47
      38
      53
      43
      53
      56
      46
      38
      50
      55
      43
      58
      53
      47
      48
      54
      41
      47
      55
      50
      40
      49
      50
      40
      53
      45
      46
      63
      36
      52
      55
      46
      49
      48
      44
      41
      47
      54
      44
      40
      50
      42
      54
      47
      44
      40
      42
      34
      51
      48
      45
      44
      50
      45
      47
      54
      53
      44
      53
      52
      50
      47
      45
      52
      42
      58
      46
      58
      45
      40
      48
      54
      67
      49
      46
      52
      48
      33
      42
      45
      44
      41
      52
      36
      48
      51
      48
      46
      43
      60
      45
      51
      57
      42
      55
      53
      42
      47
      49
      51
      59
      48
      42
      47
      50
      46
      40
      52
      51
      44
      54
      42
      40
      43
      43
      48
      49
      55
      54
      39
      48
      49
      50
      57
      45
      43
      44
      53
      44
      46
      35
      54
      66
      43
      51
      44
      58
      50
      56
      52
      42
      47
      47
      48
      56
      60
      39
      49
      51
      35
      41
      47
      40
      42
      46
      38
      35
      54
      56
      50
      31
      45
      42
      57
      37
      57
      45
      42
      45
      51
      42
      54
      48
      40
      53
      54
      46
      35
      38
      52
      51
      60
      56
      58
      50
      52
      59
      56
      63
      39
      44
      40
      55
      48
      48
      47
      48
      46
      46
      53
      41
      44
      48
      38
      57
      55
      51
      34
      45
      41
      37
      37
      42
      39
      47
      48
      36
      51
      47
      51
      55
      53
      52
      37
      39
      49
      49
      55
      69
      52
      62
      53
      58
      42
      51
      47
      43
      55
      41
      51
      40
      49
      54
      50
      43
      43
      56
      39
      50
      48
      49
      58
      53
      51
      47
      46
      41
      58
      25
       0
       0
       0
       0
       0
       0
       0
       0
       0
       0
       0
       0
       0
       0
       0
       0
       0
       0
       0
       0
       0
       0
       0
       0
       0
       0
       0
       0
       0
       0
       0
       0
       0
       0
       0
       0
       0
       0
       0
       0
       0
       0
       0
       0
       0
       0
       0
       0
       0
       0
       0
       0
       0
       0
       0
       0
       0
       0
       0
       0
       0
       0
       0
       0
       0
       0
$ROI:
2
95 97
514 605
$PRESETS:
Real Time
200
0
$ENER_FIT:
-289.438599 1.280702
$MCA_CAL:
3
-2.894386E+002 1.280702E+000 0.000000E+000
$SHAPE_CAL:
3
0.000000E+000 0.000000E+000 0.000000E+000
