$SPEC_ID:
MEASURE 371.
$SPEC_REM:
DET# 1
DETDESC# MCB 25
AP# Maestro Version 6.05
$DATE_MEA:
03/16/2003 13:49:31
$MEAS_TIM:
192 200
$DATA:
0 1023
       0
       0
       0
       0
       0
       0
       0
       0
       0
       0
       0
       0
       0
       0
       0
       0
       0
     101
     221
     229
     245
     219
     277
     258
     273
     258
     247
     247
     270
     242
     279
     289
     286
     270
     246
     274
     279
     280
     290
     298
     313
     263
     308
     281
     271
     283
     279
     316
     291
     288
     325
     263
     301
     310
     296
     288
     275
     281
     282
     305
     278
     296
     268
     325
     299
     315
     323
     340
     325
     340
     320
     314
     287
     300
     305
     327
     372
     305
     312
     347
     343
     361
     343
     377
     394
     382
     394
     396
     375
     398
     409
     445
     424
     415
     423
     486
     434
     410
     489
     450
     512
     466
     468
     491
     471
     463
     467
     495
     559
     519
     526
     541
     547
     505
     519
     540
     535
     573
     615
     556
     573
     574
     536
     537
     577
     577
     578
     556
     618
     604
     617
     570
     613
     602
     588
     625
     599
     607
     633
     629
     675
     644
     661
     651
     644
     630
     681
     655
     667
     572
     611
     692
     709
     690
     639
     696
     646
     678
     641
     688
     660
     625
     651
     648
     675
     685
     635
     660
     648
     635
     645
     666
     656
     652
     645
     624
     704
     636
     637
     659
     676
     660
     692
     641
     633
     662
     650
     699
     637
     683
     667
     675
     669
     691
     684
     698
     745
     666
     696
     660
     709
     712
     736
     708
     788
     736
     740
     758
     738
     798
     794
     798
     750
     812
     728
     800
     803
     779
     775
     809
     753
     717
     787
     731
     747
     721
     706
     743
     712
     712
     677
     728
     702
     709
     733
     661
     679
     734
     679
     660
     637
     599
     638
     611
     634
     652
     628
     605
     596
     572
     619
     611
     627
     642
     606
     596
     596
     556
     622
     569
     606
     582
     608
     591
     580
     583
     550
     598
     531
     532
     525
     551
     507
     570
     543
     489
     531
     513
     577
     526
     492
     538
     560
     499
     548
     512
     515
     524
     499
     509
     521
     510
     503
     483
     508
     495
     512
     444
     469
     470
     488
     459
     441
     479
     428
     477
     474
     475
     498
     438
     426
     441
     425
     439
     442
     407
     413
     427
     356
     412
     418
     419
     389
     418
     410
     386
     418
     393
     398
     401
     415
     424
     429
     403
     389
     396
     404
     367
     419
     410
     402
     435
     403
     351
     433
     373
     383
     416
     347
     373
     375
     372
     394
     331
     377
     347
     366
     389
     370
     356
     377
     347
     342
     357
     361
     349
     345
     346
     371
     361
     346
     373
     352
     312
     309
     342
     296
     339
     322
     339
     292
     269
     291
     307
     274
     300
     316
     276
     282
     274
     262
     282
     270
     252
     240
     266
     229
     229
     243
     234
     236
     222
     231
     222
     228
     197
     210
     217
     211
     208
     229
     212
     213
     197
     194
     184
     223
     213
     189
     179
     160
     198
     184
     202
     174
     209
     177
     191
     187
     163
     176
     193
     163
     162
     189
     167
     150
     159
     171
     147
     166
     163
     177
     162
     155
     172
     142
     160
     144
     144
     143
     134
     150
     158
     143
     165
     159
     152
     163
     122
     159
     163
     153
     134
     123
     140
     152
     128
     167
     149
     137
     113
     151
     137
     148
     139
     133
     135
     124
     151
     135
     145
     150
     138
     141
     138
     147
     134
     115
     138
     115
     141
     132
     133
     127
     122
     140
     136
     136
     131
     136
     120
     149
     129
     156
     135
     134
     135
     138
     129
     131
     144
     127
     143
     145
     106
     141
     130
     158
     141
     139
     130
     143
     153
     177
     145
     184
     141
     144
     146
     190
     160
     185
     194
     197
     208
     196
     225
     235
     235
     247
     258
     230
     277
     296
     322
     326
     359
     364
     362
     372
     401
     425
     486
     456
     465
     560
     578
     571
     587
     666
     678
     745
     761
     752
     842
     913
     860
     941
     952
    1022
    1004
    1052
    1117
    1108
    1165
    1178
    1236
    1194
    1242
    1305
    1332
    1375
    1359
    1408
    1386
    1387
    1340
    1437
    1428
    1331
    1374
    1441
    1399
    1397
    1333
    1262
    1355
    1239
    1261
    1237
    1133
    1133
    1061
    1017
    1028
    1001
    1018
     902
     852
     803
     829
     762
     708
     648
     606
     581
     592
     519
     472
     468
     415
     407
     388
     321
     298
     298
     262
     256
     260
     251
     204
     169
     189
     150
     176
     128
     123
     107
     100
     100
     102
      88
      85
      91
      89
      61
      68
      78
      67
      61
      66
      56
      63
      59
      67
      49
      54
      51
      45
      66
      50
      46
      55
      47
      53
      54
      60
      55
      47
      50
      52
      51
      48
      59
      57
      57
      44
      56
      57
      42
      54
      56
      44
      49
      53
      41
      41
      55
      42
      56
      53
      62
      50
      47
      54
      57
      53
      49
      47
      58
      44
      52
      41
      44
      48
      55
      40
      44
      46
      56
      56
      47
      33
      52
      52
      56
      53
      52
      44
      45
      56
      41
      53
      56
      35
      51
      46
      46
      50
      49
      43
      44
      43
      28
      46
      52
      47
      38
      46
      49
      29
      38
      51
      51
      46
      53
      48
      49
      38
      51
      57
      49
      48
      52
      51
      41
      50
      50
      42
      48
      64
      46
      40
      47
      42
      52
      46
      44
      57
      58
      46
      32
      40
      32
      41
      50
      58
      50
      55
      45
      51
      38
      45
      45
      50
      50
      44
      55
      51
      35
      49
      46
      43
      55
      47
      55
      44
      42
      47
      43
      55
      42
      57
      41
      63
      46
      30
      60
      43
      52
      43
      52
      53
      39
      36
      40
      49
      36
      49
      51
      50
      44
      56
      46
      49
      44
      47
      50
      54
      49
      38
      50
      41
      45
      40
      51
      52
      39
      48
      47
      58
      48
      62
      33
      58
      51
      44
      46
      47
      37
      47
      57
      40
      47
      40
      55
      49
      42
      47
      51
      51
      56
      41
      49
      52
      53
      45
      49
      52
      44
      54
      44
      41
      34
      50
      43
      47
      37
      46
      55
      38
      40
      47
      39
      52
      44
      37
      55
      47
      41
      43
      43
      51
      49
      55
      47
      50
      47
      43
      47
      38
      48
      55
      48
      57
      51
      39
      49
      40
      56
      50
      51
      46
      39
      49
      56
      50
      36
      43
      47
      53
      45
      42
      36
      51
      46
      35
      51
      42
      54
      45
      45
      40
      52
      53
      42
      59
      58
      39
      55
      62
      37
      56
      39
      52
      48
      52
      42
      40
      40
      49
      49
      50
      45
      44
      48
      29
       1
       0
       0
       0
       0
       0
       0
       0
       0
       0
       0
       0
       0
       0
       0
       0
       0
       0
       0
       0
       0
       0
       0
       0
       0
       0
       0
       0
       0
       0
       0
       0
       0
       0
       0
       0
       0
       0
       0
       0
       0
       0
       0
       0
       0
       0
       0
       0
       0
       0
       0
       0
       0
       0
       0
       0
       0
       0
       0
       0
       0
       0
       0
       0
       0
       0
$ROI:
2
95 97
514 605
$PRESETS:
Real Time
200
0
$ENER_FIT:
-289.438599 1.280702
$MCA_CAL:
3
-2.894386E+002 1.280702E+000 0.000000E+000
$SHAPE_CAL:
3
0.000000E+000 0.000000E+000 0.000000E+000
