$SPEC_ID:
MEASURE 496.
$SPEC_REM:
DET# 1
DETDESC# MCB 25
AP# Maestro Version 6.05
$DATE_MEA:
03/17/2003 00:14:31
$MEAS_TIM:
192 200
$DATA:
0 1023
       0
       0
       0
       0
       0
       0
       0
       0
       0
       0
       0
       0
       0
       0
       0
       0
       0
     127
     226
     243
     250
     240
     258
     269
     277
     239
     217
     236
     240
     262
     251
     258
     261
     278
     267
     263
     254
     243
     246
     284
     266
     294
     243
     292
     256
     266
     293
     251
     312
     275
     296
     263
     298
     263
     270
     310
     277
     286
     330
     294
     300
     289
     320
     295
     323
     279
     320
     310
     299
     318
     337
     310
     329
     303
     314
     330
     308
     316
     306
     371
     330
     346
     346
     348
     360
     375
     383
     351
     395
     379
     372
     394
     434
     423
     448
     462
     445
     450
     469
     474
     486
     491
     470
     453
     453
     497
     464
     489
     517
     538
     515
     565
     503
     517
     542
     503
     536
     560
     573
     570
     595
     575
     576
     579
     581
     592
     549
     590
     576
     573
     585
     589
     579
     635
     641
     603
     598
     610
     623
     610
     612
     640
     650
     610
     672
     579
     625
     669
     637
     667
     595
     641
     647
     602
     657
     660
     686
     705
     633
     683
     663
     667
     686
     636
     678
     699
     637
     663
     655
     693
     665
     676
     615
     662
     666
     682
     697
     635
     630
     624
     649
     601
     635
     655
     653
     693
     616
     684
     652
     659
     674
     679
     640
     656
     684
     712
     701
     712
     688
     716
     681
     695
     714
     785
     762
     721
     770
     736
     795
     781
     772
     776
     778
     760
     783
     757
     768
     767
     786
     747
     795
     709
     692
     803
     747
     697
     787
     771
     735
     727
     701
     736
     709
     680
     691
     687
     704
     626
     670
     597
     666
     622
     678
     623
     654
     646
     636
     626
     598
     632
     617
     619
     597
     633
     581
     623
     578
     587
     579
     603
     579
     531
     590
     562
     569
     548
     575
     571
     564
     588
     528
     519
     576
     502
     547
     541
     563
     510
     541
     508
     554
     556
     507
     523
     514
     507
     530
     514
     494
     503
     489
     480
     467
     500
     474
     491
     473
     456
     484
     443
     486
     478
     462
     437
     445
     425
     433
     477
     449
     462
     418
     462
     433
     445
     452
     457
     429
     407
     404
     428
     401
     420
     407
     426
     395
     423
     405
     400
     419
     390
     407
     399
     413
     415
     414
     388
     434
     445
     371
     375
     366
     404
     366
     383
     391
     365
     346
     390
     375
     384
     413
     395
     377
     359
     355
     406
     394
     350
     359
     352
     374
     357
     366
     364
     321
     351
     319
     322
     332
     351
     308
     306
     307
     342
     316
     322
     306
     308
     334
     295
     305
     329
     316
     286
     305
     297
     302
     282
     292
     279
     290
     267
     259
     265
     276
     281
     260
     228
     277
     264
     256
     236
     255
     246
     216
     237
     206
     194
     242
     236
     218
     188
     201
     197
     198
     205
     208
     193
     202
     186
     177
     217
     200
     187
     167
     175
     197
     147
     176
     173
     144
     170
     164
     157
     174
     169
     169
     152
     198
     139
     137
     172
     168
     154
     172
     155
     148
     168
     143
     138
     170
     161
     163
     175
     142
     147
     174
     143
     150
     142
     155
     144
     171
     135
     150
     142
     134
     153
     136
     155
     152
     117
     148
     143
     145
     115
     100
     144
     124
     127
     162
     124
     156
     149
     154
     137
     135
     132
     133
     135
     116
     119
     125
     123
     126
     132
     132
     136
     131
     116
     130
     127
     134
     131
     112
     114
     138
     118
     138
     129
     123
     124
     143
      97
     151
     139
     132
     133
     147
     139
     141
     119
     121
     136
     162
     126
     150
     149
     176
     131
     150
     136
     167
     174
     182
     166
     185
     177
     221
     197
     220
     241
     214
     252
     252
     256
     261
     297
     315
     348
     333
     324
     350
     411
     426
     440
     455
     453
     500
     544
     560
     606
     609
     624
     682
     696
     729
     807
     836
     801
     881
     946
     954
     945
    1062
    1069
    1118
    1098
    1151
    1185
    1269
    1221
    1213
    1299
    1318
    1370
    1323
    1339
    1393
    1365
    1355
    1429
    1380
    1373
    1295
    1393
    1372
    1399
    1306
    1284
    1243
    1272
    1253
    1228
    1276
    1105
    1145
    1111
    1027
    1053
     976
     956
     850
     845
     799
     820
     778
     671
     660
     619
     602
     571
     495
     497
     467
     415
     425
     324
     319
     326
     295
     271
     226
     213
     198
     194
     168
     179
     149
     143
     125
     130
     148
     124
     100
     101
      84
      66
      94
      82
      70
      73
      64
      64
      72
      53
      63
      57
      59
      53
      66
      54
      76
      40
      50
      56
      58
      39
      58
      58
      57
      59
      36
      45
      55
      35
      59
      43
      41
      41
      64
      51
      55
      59
      53
      48
      55
      54
      54
      49
      47
      67
      46
      42
      64
      53
      41
      54
      39
      63
      51
      57
      44
      49
      45
      47
      37
      51
      55
      54
      43
      48
      53
      47
      40
      48
      38
      45
      51
      48
      57
      52
      58
      42
      45
      49
      36
      51
      53
      30
      56
      37
      64
      49
      50
      47
      57
      52
      46
      41
      58
      61
      41
      39
      46
      57
      43
      50
      45
      50
      45
      44
      50
      53
      46
      49
      54
      40
      46
      54
      38
      44
      61
      45
      49
      45
      44
      41
      58
      42
      46
      47
      67
      45
      52
      53
      42
      55
      49
      47
      44
      45
      46
      41
      48
      41
      49
      43
      45
      44
      49
      42
      45
      42
      41
      59
      41
      39
      43
      47
      51
      49
      40
      49
      42
      45
      43
      40
      50
      52
      49
      43
      44
      53
      48
      52
      48
      43
      41
      50
      46
      50
      46
      43
      49
      44
      47
      42
      46
      37
      47
      49
      51
      52
      44
      54
      52
      43
      41
      44
      45
      48
      37
      51
      37
      49
      56
      56
      44
      49
      43
      48
      43
      43
      27
      46
      44
      32
      46
      45
      41
      42
      47
      37
      44
      44
      49
      41
      54
      39
      38
      48
      49
      43
      36
      47
      43
      52
      43
      47
      41
      45
      55
      40
      59
      38
      51
      57
      45
      51
      44
      53
      53
      51
      49
      52
      41
      52
      51
      29
      46
      50
      46
      50
      44
      47
      41
      46
      47
      55
      46
      37
      50
      48
      57
      45
      56
      44
      58
      51
      48
      43
      50
      53
      57
      54
      66
      51
      55
      54
      50
      59
      39
      50
      48
      55
      46
      56
      45
      59
      55
      54
      50
      38
      63
      49
      37
      46
      42
      46
      52
      43
      51
      57
      49
      43
      46
      27
       2
       0
       0
       0
       0
       0
       0
       0
       0
       0
       0
       0
       0
       0
       0
       0
       0
       0
       0
       0
       0
       0
       0
       0
       0
       0
       0
       0
       0
       0
       0
       0
       0
       0
       0
       0
       0
       0
       0
       0
       0
       0
       0
       0
       0
       0
       0
       0
       0
       0
       0
       0
       0
       0
       0
       0
       0
       0
       0
       0
       0
       0
       0
       0
       0
       0
$ROI:
2
95 97
514 605
$PRESETS:
Real Time
200
0
$ENER_FIT:
-289.438599 1.280702
$MCA_CAL:
3
-2.894386E+002 1.280702E+000 0.000000E+000
$SHAPE_CAL:
3
0.000000E+000 0.000000E+000 0.000000E+000
