$SPEC_ID:
MEASURE 441.
$SPEC_REM:
DET# 1
DETDESC# MCB 25
AP# Maestro Version 6.05
$DATE_MEA:
03/16/2003 19:39:31
$MEAS_TIM:
192 200
$DATA:
0 1023
       0
       0
       0
       0
       0
       0
       0
       0
       0
       0
       0
       0
       0
       0
       0
       0
       0
     116
     238
     234
     233
     241
     256
     262
     256
     213
     259
     256
     273
     272
     298
     275
     288
     262
     280
     265
     265
     256
     291
     305
     303
     267
     269
     310
     303
     265
     289
     288
     295
     275
     295
     268
     279
     273
     309
     295
     303
     307
     313
     307
     332
     300
     248
     307
     298
     308
     299
     298
     286
     323
     303
     317
     306
     340
     318
     331
     324
     349
     350
     356
     345
     386
     358
     358
     375
     394
     375
     389
     415
     392
     407
     432
     463
     419
     414
     438
     449
     413
     448
     473
     454
     478
     493
     490
     541
     504
     502
     481
     487
     562
     513
     523
     549
     528
     535
     502
     551
     526
     544
     549
     579
     525
     577
     569
     625
     578
     605
     589
     554
     616
     571
     570
     594
     586
     629
     624
     617
     590
     636
     627
     641
     632
     623
     657
     631
     684
     631
     690
     643
     634
     636
     663
     673
     632
     662
     643
     648
     618
     679
     650
     685
     656
     625
     660
     642
     655
     644
     656
     662
     658
     677
     667
     670
     646
     670
     673
     641
     652
     647
     672
     680
     664
     641
     648
     662
     652
     612
     670
     669
     653
     649
     696
     617
     684
     706
     659
     717
     716
     692
     719
     683
     714
     723
     730
     714
     716
     735
     733
     722
     783
     754
     777
     760
     742
     782
     765
     770
     752
     781
     717
     800
     720
     806
     729
     759
     748
     683
     746
     725
     707
     697
     702
     716
     707
     706
     699
     677
     638
     699
     634
     665
     641
     662
     672
     649
     669
     663
     639
     663
     639
     589
     667
     584
     613
     604
     579
     598
     634
     582
     616
     551
     576
     639
     594
     575
     562
     529
     579
     581
     563
     525
     544
     560
     525
     555
     529
     565
     539
     508
     537
     585
     523
     542
     545
     497
     503
     549
     496
     474
     487
     502
     516
     508
     486
     488
     482
     500
     440
     485
     477
     450
     429
     472
     447
     406
     467
     460
     443
     439
     419
     417
     426
     419
     430
     443
     447
     414
     454
     419
     429
     397
     393
     428
     401
     410
     402
     415
     408
     423
     400
     397
     414
     382
     415
     408
     424
     389
     402
     401
     390
     401
     408
     396
     391
     354
     386
     427
     377
     369
     365
     387
     369
     372
     359
     405
     366
     374
     359
     347
     369
     365
     380
     329
     361
     340
     348
     364
     340
     354
     348
     352
     302
     340
     307
     351
     318
     323
     332
     285
     337
     322
     296
     278
     281
     332
     290
     304
     297
     287
     271
     307
     279
     270
     257
     248
     296
     239
     250
     268
     254
     212
     242
     240
     217
     223
     243
     202
     218
     220
     221
     209
     208
     224
     211
     222
     220
     241
     193
     189
     191
     195
     183
     184
     176
     180
     165
     169
     178
     182
     154
     181
     200
     173
     171
     176
     180
     163
     159
     148
     167
     141
     163
     163
     164
     163
     165
     148
     164
     151
     147
     151
     153
     151
     135
     174
     143
     153
     141
     128
     156
     153
     138
     118
     163
     145
     135
     147
     133
     150
     134
     149
     130
     136
     150
     139
     126
     157
     136
     151
     134
     136
     137
     128
     153
     119
     150
     139
     136
     134
     137
     145
     127
     134
     150
     146
     137
     147
     145
     133
     149
     135
     124
     136
     133
     117
     124
     125
     129
     121
     117
     135
     119
     120
     134
     148
     110
     137
     153
     130
     135
     111
     147
     139
     158
     135
     145
     163
     159
     159
     158
     171
     167
     164
     179
     170
     194
     192
     215
     180
     228
     211
     235
     246
     255
     273
     274
     316
     306
     344
     351
     353
     354
     353
     394
     439
     489
     482
     468
     509
     558
     562
     635
     614
     686
     690
     678
     786
     875
     877
     855
     917
     894
     965
    1097
    1033
    1096
    1214
    1134
    1171
    1227
    1215
    1265
    1292
    1309
    1303
    1287
    1415
    1379
    1379
    1374
    1354
    1387
    1412
    1359
    1396
    1371
    1315
    1325
    1362
    1253
    1276
    1240
    1187
    1168
    1119
    1088
    1051
    1008
    1027
     992
     959
     890
     890
     812
     745
     726
     655
     661
     561
     562
     561
     499
     478
     456
     458
     344
     389
     330
     310
     261
     267
     243
     233
     227
     209
     169
     162
     157
     154
     120
     119
      94
      94
      93
      85
      89
      86
      79
      86
      87
      63
      70
      81
      60
      76
      72
      49
      59
      41
      45
      50
      52
      55
      61
      52
      42
      58
      47
      45
      53
      40
      53
      46
      50
      45
      43
      48
      45
      62
      46
      56
      58
      57
      44
      48
      49
      60
      48
      58
      54
      38
      53
      52
      43
      49
      63
      45
      56
      35
      53
      65
      52
      49
      55
      53
      44
      46
      52
      43
      54
      51
      51
      45
      51
      45
      55
      45
      48
      62
      51
      55
      53
      47
      61
      54
      41
      35
      46
      37
      43
      45
      38
      42
      38
      47
      56
      49
      47
      40
      57
      47
      40
      51
      50
      43
      42
      50
      45
      49
      44
      32
      44
      38
      40
      39
      43
      54
      53
      51
      45
      50
      50
      62
      55
      50
      52
      54
      40
      42
      44
      38
      59
      39
      56
      37
      45
      58
      42
      43
      34
      34
      58
      49
      50
      45
      43
      51
      51
      49
      41
      54
      49
      40
      30
      37
      47
      51
      48
      53
      46
      45
      37
      30
      39
      52
      58
      46
      49
      50
      46
      42
      42
      52
      40
      39
      51
      46
      44
      45
      52
      44
      63
      43
      48
      37
      52
      49
      52
      44
      44
      49
      49
      53
      54
      44
      48
      42
      45
      52
      52
      51
      46
      46
      48
      57
      45
      62
      47
      40
      58
      49
      44
      39
      48
      50
      53
      34
      60
      45
      45
      44
      45
      51
      44
      32
      53
      40
      38
      62
      51
      60
      53
      37
      54
      55
      47
      42
      59
      50
      44
      45
      51
      41
      37
      40
      35
      57
      40
      65
      42
      47
      56
      50
      49
      53
      54
      44
      39
      40
      37
      49
      43
      45
      43
      39
      51
      46
      43
      47
      58
      34
      47
      51
      43
      49
      50
      41
      49
      50
      54
      57
      34
      41
      46
      37
      46
      44
      43
      47
      46
      46
      37
      31
      43
      55
      51
      53
      45
      52
      41
      49
      51
      44
      52
      37
      50
      44
      57
      51
      48
      41
      46
      46
      54
      41
      42
      53
      39
       2
       0
       0
       0
       0
       0
       0
       0
       0
       0
       0
       0
       0
       0
       0
       0
       0
       0
       0
       0
       0
       0
       0
       0
       0
       0
       0
       0
       0
       0
       0
       0
       0
       0
       0
       0
       0
       0
       0
       0
       0
       0
       0
       0
       0
       0
       0
       0
       0
       0
       0
       0
       0
       0
       0
       0
       0
       0
       0
       0
       0
       0
       0
       0
       0
       0
$ROI:
2
95 97
514 605
$PRESETS:
Real Time
200
0
$ENER_FIT:
-289.438599 1.280702
$MCA_CAL:
3
-2.894386E+002 1.280702E+000 0.000000E+000
$SHAPE_CAL:
3
0.000000E+000 0.000000E+000 0.000000E+000
