$SPEC_ID:
MEASURE 647.
$SPEC_REM:
DET# 1
DETDESC# MCB 25
AP# Maestro Version 6.05
$DATE_MEA:
03/17/2003 12:49:31
$MEAS_TIM:
192 200
$DATA:
0 1023
       0
       0
       0
       0
       0
       0
       0
       0
       0
       0
       0
       0
       0
       0
       0
       0
       0
      95
     256
     236
     243
     263
     232
     251
     228
     280
     238
     222
     268
     250
     276
     250
     280
     249
     288
     269
     267
     288
     244
     243
     276
     268
     255
     294
     261
     279
     286
     299
     278
     269
     281
     305
     256
     266
     300
     280
     291
     281
     300
     315
     276
     295
     299
     287
     288
     267
     292
     323
     300
     279
     313
     315
     331
     312
     348
     333
     305
     336
     298
     333
     363
     374
     388
     343
     374
     373
     387
     343
     408
     399
     383
     397
     427
     414
     404
     441
     463
     431
     446
     433
     512
     452
     471
     460
     473
     489
     506
     487
     497
     496
     499
     518
     493
     551
     498
     521
     539
     545
     537
     532
     588
     532
     522
     565
     619
     592
     610
     587
     598
     563
     604
     550
     584
     559
     627
     589
     620
     614
     631
     572
     596
     601
     621
     621
     672
     601
     652
     683
     648
     631
     656
     616
     684
     638
     620
     648
     689
     648
     628
     635
     626
     650
     664
     650
     692
     619
     698
     697
     648
     651
     643
     610
     606
     664
     627
     652
     667
     652
     646
     690
     617
     672
     705
     648
     647
     664
     638
     637
     638
     612
     643
     684
     662
     689
     676
     671
     638
     683
     688
     664
     732
     693
     707
     710
     696
     741
     735
     727
     742
     755
     726
     760
     769
     720
     777
     778
     779
     767
     776
     724
     783
     738
     740
     747
     729
     775
     720
     707
     744
     714
     697
     665
     732
     741
     694
     673
     637
     659
     663
     652
     634
     632
     658
     638
     625
     612
     672
     641
     645
     620
     662
     625
     608
     605
     588
     592
     567
     592
     610
     560
     584
     538
     580
     628
     593
     585
     534
     541
     576
     596
     556
     554
     565
     599
     565
     587
     546
     568
     523
     571
     527
     546
     563
     512
     524
     529
     530
     523
     525
     485
     487
     475
     495
     516
     471
     494
     447
     462
     493
     455
     477
     509
     446
     445
     452
     461
     435
     426
     431
     482
     437
     429
     441
     438
     411
     447
     441
     438
     428
     447
     401
     406
     451
     435
     442
     388
     398
     423
     411
     411
     411
     403
     406
     406
     432
     405
     403
     394
     401
     392
     395
     402
     386
     411
     377
     353
     381
     381
     387
     385
     394
     386
     364
     354
     368
     391
     374
     376
     354
     330
     366
     367
     382
     369
     363
     340
     366
     390
     344
     351
     324
     323
     331
     320
     332
     333
     325
     312
     329
     312
     329
     310
     339
     327
     289
     302
     311
     292
     294
     284
     317
     241
     255
     289
     267
     263
     234
     286
     234
     268
     253
     229
     219
     233
     217
     238
     214
     216
     207
     215
     231
     204
     203
     220
     187
     202
     204
     211
     181
     173
     196
     179
     189
     187
     183
     169
     208
     199
     173
     182
     184
     175
     196
     173
     178
     178
     163
     171
     185
     144
     177
     172
     171
     175
     148
     149
     141
     148
     146
     203
     154
     161
     162
     151
     156
     194
     141
     129
     139
     135
     159
     174
     141
     159
     146
     142
     118
     164
     139
     133
     131
     151
     139
     135
     130
     122
     121
     130
     143
     147
     129
     126
     116
     138
     142
     136
     132
     131
     133
     135
     138
     114
     151
     118
     143
     136
     148
     127
     137
     133
     123
     139
     146
     130
     143
     136
     151
     119
     128
     129
     126
     131
     132
     117
     118
     129
     118
     119
     144
     131
     134
     143
     111
     161
     152
     137
     117
     150
     141
     136
     162
     155
     179
     164
     167
     157
     185
     184
     152
     179
     190
     193
     209
     187
     199
     224
     225
     253
     264
     242
     262
     331
     348
     335
     329
     399
     366
     404
     404
     461
     475
     496
     500
     574
     592
     631
     649
     692
     711
     741
     761
     785
     862
     854
     853
     921
    1002
    1035
     993
    1120
    1097
    1129
    1194
    1274
    1200
    1322
    1235
    1308
    1301
    1307
    1331
    1310
    1400
    1325
    1288
    1328
    1403
    1478
    1403
    1345
    1347
    1339
    1335
    1299
    1349
    1246
    1195
    1155
    1207
    1055
    1082
    1034
    1012
     944
     955
     826
     811
     882
     699
     753
     692
     703
     601
     548
     570
     554
     473
     444
     428
     363
     348
     324
     305
     279
     275
     245
     214
     224
     178
     171
     152
     162
     139
     150
     124
     124
     112
     104
      93
      85
      77
      85
      83
      73
      72
      81
      78
      65
      63
      52
      63
      60
      59
      43
      52
      53
      64
      48
      49
      60
      50
      51
      58
      45
      48
      50
      39
      52
      46
      66
      55
      68
      55
      45
      51
      47
      52
      57
      50
      60
      54
      53
      58
      55
      49
      61
      49
      51
      56
      48
      38
      37
      41
      47
      55
      57
      40
      38
      36
      59
      50
      59
      45
      52
      47
      59
      49
      58
      52
      51
      35
      53
      43
      39
      42
      44
      46
      47
      31
      47
      57
      52
      50
      47
      53
      41
      60
      42
      57
      47
      56
      51
      44
      39
      42
      44
      59
      44
      42
      58
      44
      47
      51
      49
      41
      63
      47
      41
      52
      44
      48
      44
      37
      39
      45
      44
      51
      51
      39
      41
      43
      44
      46
      54
      38
      42
      41
      52
      52
      38
      54
      39
      53
      49
      34
      47
      59
      47
      48
      43
      50
      47
      47
      43
      44
      44
      51
      44
      36
      48
      43
      32
      52
      39
      37
      44
      43
      47
      41
      41
      53
      48
      52
      42
      44
      39
      36
      40
      48
      44
      41
      48
      53
      66
      44
      56
      32
      45
      35
      47
      47
      46
      50
      46
      47
      56
      35
      49
      52
      59
      40
      42
      49
      36
      53
      53
      53
      29
      46
      39
      49
      51
      40
      43
      49
      55
      49
      46
      42
      50
      48
      47
      47
      57
      41
      49
      55
      48
      42
      51
      61
      46
      45
      47
      43
      48
      38
      44
      48
      59
      49
      42
      66
      45
      48
      60
      45
      35
      42
      49
      42
      43
      32
      47
      50
      55
      54
      52
      45
      55
      53
      45
      47
      54
      46
      32
      44
      48
      46
      47
      43
      56
      45
      45
      38
      50
      35
      52
      53
      42
      57
      36
      43
      45
      42
      42
      44
      40
      76
      46
      49
      47
      41
      43
      45
      54
      48
      56
      51
      50
      55
      49
      53
      43
      30
      47
      44
      42
      56
      43
      40
      53
      42
      35
      43
      52
      46
      37
       1
       0
       0
       0
       0
       0
       0
       0
       0
       0
       0
       0
       0
       0
       0
       0
       0
       0
       0
       0
       0
       0
       0
       0
       0
       0
       0
       0
       0
       0
       0
       0
       0
       0
       0
       0
       0
       0
       0
       0
       0
       0
       0
       0
       0
       0
       0
       0
       0
       0
       0
       0
       0
       0
       0
       0
       0
       0
       0
       0
       0
       0
       0
       0
       0
       0
$ROI:
2
95 97
514 605
$PRESETS:
Real Time
200
0
$ENER_FIT:
-289.438599 1.280702
$MCA_CAL:
3
-2.894386E+002 1.280702E+000 0.000000E+000
$SHAPE_CAL:
3
0.000000E+000 0.000000E+000 0.000000E+000
