$SPEC_ID:
MEASURE 499.
$SPEC_REM:
DET# 1
DETDESC# MCB 25
AP# Maestro Version 6.05
$DATE_MEA:
03/17/2003 00:29:31
$MEAS_TIM:
192 200
$DATA:
0 1023
       0
       0
       0
       0
       0
       0
       0
       0
       0
       0
       0
       0
       0
       0
       0
       0
       0
     102
     227
     252
     231
     248
     243
     236
     279
     249
     282
     251
     264
     259
     247
     289
     244
     264
     269
     276
     269
     276
     248
     280
     232
     276
     266
     276
     259
     254
     273
     302
     257
     300
     257
     297
     293
     276
     286
     283
     280
     282
     285
     313
     288
     338
     308
     310
     288
     296
     294
     300
     342
     296
     309
     325
     291
     313
     320
     330
     353
     321
     350
     361
     344
     351
     369
     352
     369
     375
     392
     378
     355
     358
     400
     410
     390
     409
     414
     404
     439
     433
     487
     451
     441
     455
     438
     484
     478
     495
     486
     487
     518
     519
     462
     566
     527
     536
     518
     498
     531
     574
     570
     532
     553
     573
     610
     600
     565
     576
     572
     599
     604
     589
     526
     627
     596
     608
     624
     602
     635
     620
     661
     608
     626
     658
     618
     658
     651
     645
     648
     666
     644
     593
     621
     638
     671
     671
     624
     585
     606
     635
     643
     624
     657
     676
     633
     641
     613
     627
     592
     641
     648
     669
     649
     647
     682
     650
     621
     677
     657
     597
     682
     696
     662
     643
     611
     636
     626
     697
     679
     617
     638
     718
     646
     694
     682
     657
     654
     687
     689
     682
     661
     687
     760
     717
     709
     739
     684
     738
     723
     777
     706
     764
     718
     768
     799
     760
     751
     772
     765
     747
     735
     792
     745
     807
     782
     783
     800
     708
     713
     722
     708
     726
     703
     746
     701
     685
     717
     693
     672
     663
     662
     644
     638
     657
     667
     598
     606
     666
     624
     628
     625
     600
     597
     583
     573
     619
     588
     607
     621
     584
     570
     599
     601
     566
     602
     596
     576
     546
     507
     566
     589
     558
     574
     555
     581
     524
     536
     537
     590
     586
     572
     502
     535
     542
     516
     487
     461
     492
     524
     465
     520
     519
     481
     497
     491
     483
     506
     453
     474
     422
     437
     437
     471
     465
     417
     486
     492
     410
     444
     462
     457
     428
     429
     402
     435
     413
     421
     448
     437
     415
     433
     415
     411
     443
     433
     414
     419
     426
     383
     399
     408
     406
     380
     431
     420
     394
     377
     379
     398
     390
     386
     393
     383
     403
     367
     397
     377
     394
     399
     442
     410
     376
     359
     363
     377
     373
     394
     380
     365
     378
     395
     348
     318
     350
     330
     422
     325
     364
     322
     352
     346
     334
     325
     331
     337
     309
     363
     350
     314
     314
     321
     290
     327
     320
     309
     316
     271
     320
     288
     292
     301
     290
     276
     283
     270
     275
     241
     233
     264
     239
     245
     252
     217
     246
     239
     211
     235
     263
     247
     231
     213
     215
     214
     223
     180
     206
     193
     224
     176
     186
     186
     196
     177
     182
     192
     157
     195
     165
     180
     186
     177
     162
     177
     167
     155
     168
     172
     171
     166
     170
     160
     174
     154
     171
     194
     143
     142
     151
     165
     149
     157
     167
     141
     172
     170
     160
     159
     150
     157
     131
     144
     147
     141
     156
     150
     155
     139
     139
     152
     146
     125
     127
     135
     140
     139
     163
     140
     143
     121
     155
     150
     128
     113
     149
     130
     148
     133
     104
     126
     157
     123
     139
     142
     140
     145
     127
     119
     142
     170
     149
     143
     114
     133
     125
     130
     116
     127
     138
     125
     134
     148
     143
     125
     133
     132
     117
     147
     145
     142
     148
     117
     149
     145
     132
     154
     141
     149
     130
     154
     155
     144
     160
     142
     156
     173
     142
     179
     178
     193
     220
     184
     198
     204
     230
     213
     236
     231
     267
     277
     278
     306
     335
     329
     359
     381
     405
     390
     380
     418
     477
     488
     570
     530
     562
     630
     623
     671
     710
     718
     733
     803
     836
     937
     908
     918
     957
    1040
    1011
    1086
    1095
    1153
    1175
    1176
    1229
    1230
    1264
    1328
    1268
    1325
    1352
    1390
    1375
    1382
    1387
    1333
    1358
    1478
    1360
    1294
    1376
    1368
    1375
    1336
    1234
    1221
    1177
    1214
    1134
    1151
    1123
    1061
    1013
    1011
     904
     914
     853
     869
     809
     749
     725
     649
     655
     603
     559
     523
     487
     432
     436
     343
     356
     341
     312
     287
     262
     242
     214
     211
     195
     171
     184
     146
     160
     157
     108
     118
     103
      96
      99
      89
      95
      73
      69
      75
      62
      70
      65
      77
      74
      66
      52
      59
      79
      60
      73
      63
      66
      48
      63
      58
      51
      53
      50
      52
      57
      55
      46
      62
      62
      47
      43
      48
      46
      45
      53
      47
      39
      46
      53
      49
      54
      61
      53
      53
      61
      48
      63
      53
      51
      39
      54
      63
      54
      50
      55
      46
      56
      54
      41
      57
      50
      43
      55
      46
      33
      51
      36
      41
      62
      51
      47
      48
      44
      42
      40
      41
      40
      46
      39
      55
      46
      32
      49
      44
      51
      50
      56
      40
      49
      47
      49
      52
      44
      43
      52
      44
      52
      48
      52
      54
      45
      45
      41
      44
      50
      51
      49
      36
      50
      56
      50
      52
      57
      46
      39
      50
      50
      50
      47
      50
      47
      36
      51
      44
      60
      50
      42
      48
      44
      42
      57
      48
      42
      36
      37
      44
      44
      41
      38
      41
      48
      52
      57
      48
      50
      28
      47
      42
      33
      42
      40
      50
      47
      53
      42
      46
      43
      40
      46
      40
      37
      47
      42
      41
      47
      41
      51
      64
      46
      47
      44
      59
      48
      53
      45
      41
      47
      53
      48
      50
      37
      56
      54
      46
      48
      49
      48
      34
      54
      54
      29
      53
      35
      42
      46
      55
      56
      51
      46
      47
      50
      36
      52
      44
      51
      40
      54
      52
      65
      36
      45
      58
      58
      52
      45
      38
      47
      58
      44
      60
      48
      49
      32
      43
      49
      43
      53
      52
      54
      54
      49
      59
      42
      45
      46
      47
      50
      48
      52
      40
      37
      41
      58
      47
      41
      35
      47
      60
      42
      45
      51
      43
      43
      55
      50
      30
      46
      48
      37
      48
      44
      53
      48
      45
      58
      53
      54
      43
      53
      49
      53
      60
      56
      46
      41
      41
      58
      53
      51
      47
      54
      45
      33
      36
      42
      60
      38
      53
      34
      50
      54
      49
      58
      34
      45
      35
      48
      44
      40
      40
      52
      39
      40
      40
      44
      56
      47
      37
      39
      50
      30
       3
       0
       0
       0
       0
       0
       0
       0
       0
       0
       0
       0
       0
       0
       0
       0
       0
       0
       0
       0
       0
       0
       0
       0
       0
       0
       0
       0
       0
       0
       0
       0
       0
       0
       0
       0
       0
       0
       0
       0
       0
       0
       0
       0
       0
       0
       0
       0
       0
       0
       0
       0
       0
       0
       0
       0
       0
       0
       0
       0
       0
       0
       0
       0
       0
       0
$ROI:
2
95 97
514 605
$PRESETS:
Real Time
200
0
$ENER_FIT:
-289.438599 1.280702
$MCA_CAL:
3
-2.894386E+002 1.280702E+000 0.000000E+000
$SHAPE_CAL:
3
0.000000E+000 0.000000E+000 0.000000E+000
