$SPEC_ID:
MEASURE 021.
$SPEC_REM:
DET# 1
DETDESC# MCB 25
AP# Maestro Version 6.05
$DATE_MEA:
03/15/2003 08:39:31
$MEAS_TIM:
192 200
$DATA:
0 1023
       0
       0
       0
       0
       0
       0
       0
       0
       0
       0
       0
       0
       0
       0
       0
       0
       0
     156
     255
     251
     246
     267
     248
     234
     247
     243
     257
     294
     258
     275
     267
     284
     292
     265
     274
     290
     282
     267
     290
     293
     287
     313
     317
     302
     318
     290
     283
     302
     283
     302
     321
     335
     296
     299
     297
     303
     302
     285
     301
     321
     339
     329
     316
     316
     312
     330
     309
     328
     332
     317
     334
     325
     342
     345
     365
     383
     348
     364
     356
     365
     396
     417
     409
     382
     426
     376
     414
     454
     390
     459
     426
     464
     449
     507
     477
     480
     468
     501
     479
     542
     519
     506
     516
     566
     494
     549
     581
     522
     583
     545
     579
     562
     574
     562
     582
     558
     572
     565
     573
     582
     594
     619
     607
     627
     639
     670
     588
     605
     632
     581
     673
     685
     665
     655
     637
     676
     662
     660
     678
     680
     671
     720
     649
     696
     699
     683
     696
     697
     685
     701
     645
     665
     653
     710
     664
     656
     694
     713
     690
     703
     716
     697
     687
     672
     701
     694
     695
     692
     703
     692
     750
     595
     698
     693
     687
     631
     678
     696
     704
     710
     675
     683
     689
     751
     747
     669
     720
     739
     737
     723
     729
     751
     752
     727
     762
     783
     742
     792
     796
     797
     763
     813
     785
     816
     769
     771
     738
     832
     774
     782
     782
     814
     784
     813
     761
     761
     756
     748
     753
     814
     708
     727
     717
     738
     675
     723
     709
     742
     624
     697
     698
     706
     708
     655
     674
     664
     604
     669
     670
     686
     631
     640
     601
     653
     635
     602
     635
     607
     609
     584
     603
     601
     554
     640
     585
     602
     606
     604
     537
     571
     562
     560
     573
     568
     569
     568
     590
     576
     555
     524
     542
     520
     536
     533
     557
     516
     508
     477
     530
     517
     477
     566
     556
     533
     529
     501
     478
     495
     463
     493
     453
     436
     480
     516
     488
     470
     487
     446
     434
     456
     474
     435
     427
     460
     450
     503
     425
     459
     449
     432
     397
     458
     432
     438
     398
     409
     472
     386
     406
     413
     380
     401
     428
     461
     398
     443
     418
     420
     428
     373
     397
     390
     395
     398
     408
     426
     391
     389
     409
     378
     382
     406
     359
     373
     392
     371
     371
     331
     397
     366
     379
     386
     409
     350
     320
     361
     337
     322
     347
     333
     354
     349
     306
     327
     353
     316
     284
     291
     298
     299
     303
     269
     272
     326
     285
     280
     244
     269
     264
     249
     256
     256
     212
     244
     253
     241
     237
     242
     258
     226
     218
     229
     239
     213
     225
     207
     211
     221
     210
     199
     198
     177
     197
     194
     208
     174
     181
     197
     184
     220
     178
     190
     188
     185
     183
     188
     187
     198
     181
     178
     174
     156
     159
     180
     174
     159
     174
     167
     153
     157
     162
     169
     159
     163
     150
     171
     153
     159
     162
     149
     132
     172
     140
     134
     146
     135
     135
     146
     162
     129
     153
     124
     145
     145
     156
     126
     154
     154
     124
     146
     143
     134
     154
     158
     133
     128
     136
     126
     150
     139
     140
     140
     148
     155
     138
     142
     141
     118
     147
     135
     155
     134
     117
     131
     126
     142
     126
     119
     117
     135
     152
     137
     119
     154
     154
     141
     130
     129
     147
     153
     144
     154
     168
     159
     169
     173
     171
     180
     183
     160
     182
     204
     216
     198
     202
     205
     246
     223
     237
     243
     261
     275
     306
     276
     348
     372
     344
     404
     387
     438
     453
     441
     470
     506
     576
     590
     614
     669
     715
     754
     737
     797
     827
     881
     852
     887
     974
    1034
    1052
    1060
    1135
    1208
    1152
    1176
    1291
    1332
    1324
    1366
    1403
    1401
    1453
    1464
    1447
    1484
    1499
    1445
    1475
    1432
    1409
    1418
    1430
    1382
    1393
    1362
    1297
    1306
    1274
    1235
    1180
    1210
    1116
    1077
    1022
     960
     962
     906
     876
     805
     751
     779
     708
     656
     596
     569
     508
     520
     462
     447
     383
     360
     348
     325
     266
     295
     267
     236
     200
     213
     198
     171
     160
     144
     124
     143
     108
     108
      93
      89
      82
      78
      65
      77
      70
      64
      73
      54
      59
      63
      53
      63
      45
      68
      61
      63
      55
      55
      60
      59
      55
      67
      62
      52
      62
      47
      51
      56
      61
      50
      49
      58
      55
      62
      57
      70
      73
      62
      58
      49
      59
      55
      57
      52
      55
      49
      60
      40
      64
      61
      49
      45
      60
      48
      54
      42
      49
      48
      53
      47
      45
      56
      57
      46
      64
      47
      65
      43
      48
      37
      53
      55
      49
      47
      42
      52
      53
      48
      44
      56
      52
      42
      53
      46
      54
      43
      56
      47
      55
      61
      56
      39
      43
      51
      58
      46
      46
      45
      51
      38
      40
      49
      51
      40
      50
      42
      54
      46
      67
      52
      46
      39
      46
      43
      43
      43
      39
      47
      52
      39
      44
      50
      46
      37
      49
      45
      43
      53
      51
      51
      54
      42
      41
      49
      50
      51
      60
      49
      47
      51
      45
      54
      72
      44
      44
      35
      52
      41
      48
      56
      49
      52
      48
      44
      39
      37
      45
      51
      47
      54
      57
      50
      49
      48
      52
      61
      50
      53
      48
      49
      45
      55
      48
      34
      47
      42
      47
      44
      41
      44
      35
      45
      51
      38
      42
      33
      44
      56
      49
      47
      50
      32
      51
      56
      47
      52
      44
      51
      47
      46
      55
      39
      53
      47
      46
      49
      48
      45
      40
      42
      51
      44
      51
      57
      48
      36
      40
      50
      40
      46
      54
      58
      61
      58
      40
      49
      52
      58
      45
      52
      60
      55
      48
      54
      41
      49
      77
      50
      48
      63
      50
      60
      54
      48
      48
      35
      46
      55
      45
      41
      42
      43
      54
      55
      54
      44
      46
      50
      61
      52
      55
      55
      83
      50
      46
      57
      45
      48
      40
      46
      47
      49
      42
      45
      69
      55
      64
      50
      58
      46
      51
      58
      44
      44
      48
      43
      42
      47
      57
      45
      55
      43
      58
      43
      49
      43
      44
      43
      39
      52
      51
      48
      62
      54
      39
      48
      44
      51
      35
      42
      69
      54
      55
      57
      50
      49
      40
      41
      48
      72
      50
      43
      57
      70
      59
      41
      41
      54
      56
      61
      51
      55
      52
      63
      54
      46
      60
      52
      32
       0
       0
       0
       0
       0
       0
       0
       0
       0
       0
       0
       0
       0
       0
       0
       0
       0
       0
       0
       0
       0
       0
       0
       0
       0
       0
       0
       0
       0
       0
       0
       0
       0
       0
       0
       0
       0
       0
       0
       0
       0
       0
       0
       0
       0
       0
       0
       0
       0
       0
       0
       0
       0
       0
       0
       0
       0
       0
       0
       0
       0
       0
       0
       0
       0
       0
       0
$ROI:
2
95 97
514 605
$PRESETS:
Real Time
200
0
$ENER_FIT:
-289.438599 1.280702
$MCA_CAL:
3
-2.894386E+002 1.280702E+000 0.000000E+000
$SHAPE_CAL:
3
0.000000E+000 0.000000E+000 0.000000E+000
