$SPEC_ID:
MEASURE 695.
$SPEC_REM:
DET# 1
DETDESC# MCB 25
AP# Maestro Version 6.05
$DATE_MEA:
03/17/2003 16:49:31
$MEAS_TIM:
192 200
$DATA:
0 1023
       0
       0
       0
       0
       0
       0
       0
       0
       0
       0
       0
       0
       0
       0
       0
       0
       0
     118
     240
     243
     243
     258
     250
     241
     238
     231
     234
     263
     258
     242
     232
     286
     264
     276
     273
     259
     272
     264
     258
     257
     269
     283
     269
     256
     264
     270
     306
     270
     240
     260
     311
     283
     261
     253
     281
     272
     292
     307
     290
     280
     303
     270
     280
     276
     275
     318
     315
     303
     290
     291
     281
     331
     298
     318
     333
     325
     335
     361
     362
     313
     346
     323
     338
     383
     342
     391
     364
     385
     407
     417
     402
     397
     413
     403
     429
     422
     433
     419
     430
     472
     467
     448
     470
     458
     451
     474
     500
     485
     492
     513
     510
     519
     503
     486
     554
     500
     519
     562
     519
     596
     531
     535
     548
     540
     581
     556
     576
     559
     568
     636
     599
     539
     584
     576
     601
     663
     599
     584
     633
     603
     658
     587
     619
     578
     596
     604
     602
     604
     648
     604
     609
     620
     622
     647
     651
     643
     663
     643
     677
     628
     620
     660
     651
     620
     659
     632
     651
     670
     614
     683
     651
     600
     679
     632
     679
     628
     639
     605
     669
     656
     703
     642
     677
     655
     607
     642
     733
     630
     666
     666
     649
     683
     630
     675
     673
     698
     707
     690
     684
     737
     733
     690
     699
     752
     725
     693
     723
     759
     721
     741
     788
     723
     696
     735
     727
     816
     790
     796
     760
     730
     752
     736
     755
     711
     763
     745
     756
     741
     753
     695
     735
     717
     693
     695
     699
     693
     703
     659
     643
     654
     676
     682
     654
     645
     581
     698
     620
     625
     625
     570
     591
     607
     572
     654
     632
     642
     576
     594
     622
     592
     590
     565
     577
     584
     572
     593
     565
     575
     597
     545
     506
     547
     551
     594
     536
     503
     526
     587
     504
     549
     508
     505
     547
     525
     526
     478
     509
     478
     495
     488
     526
     508
     515
     491
     499
     491
     455
     458
     470
     462
     464
     458
     449
     466
     496
     460
     421
     429
     471
     474
     432
     431
     456
     425
     427
     436
     461
     458
     428
     433
     428
     449
     415
     402
     435
     404
     412
     387
     392
     385
     413
     402
     405
     397
     397
     391
     431
     395
     399
     366
     410
     410
     383
     363
     356
     400
     408
     372
     397
     406
     413
     379
     383
     398
     383
     366
     378
     380
     350
     344
     385
     363
     355
     369
     353
     353
     375
     341
     364
     346
     373
     366
     381
     323
     332
     359
     343
     312
     298
     300
     364
     354
     319
     319
     305
     317
     281
     307
     309
     301
     277
     298
     300
     297
     264
     284
     235
     269
     252
     255
     253
     266
     207
     262
     217
     229
     223
     222
     234
     217
     233
     190
     203
     177
     208
     201
     235
     191
     192
     179
     212
     186
     167
     179
     201
     175
     176
     160
     190
     182
     159
     160
     143
     186
     182
     189
     153
     145
     176
     162
     174
     146
     187
     180
     192
     126
     139
     146
     154
     157
     160
     145
     143
     164
     170
     154
     155
     136
     142
     147
     141
     150
     146
     142
     121
     155
     172
     145
     145
     136
     135
     126
     134
     141
     140
     152
     128
     154
     133
     130
     144
     131
     127
     143
     145
     144
     139
     115
     159
     137
     124
     151
     136
     123
     124
     136
     122
     117
     144
     117
     136
     121
     131
     120
     121
     136
     119
     137
     126
     110
     125
     143
     132
     144
     148
     133
     133
     122
     133
     120
     137
     166
     138
     145
     139
     137
     120
     136
     150
     145
     139
     130
     155
     148
     138
     160
     167
     165
     177
     195
     190
     185
     197
     204
     223
     225
     221
     236
     254
     266
     281
     286
     302
     323
     301
     358
     328
     406
     412
     418
     450
     442
     512
     511
     563
     606
     602
     632
     657
     740
     748
     779
     870
     857
     871
     964
     999
     985
    1051
     975
    1052
    1124
    1171
    1170
    1154
    1364
    1256
    1243
    1346
    1346
    1346
    1402
    1296
    1378
    1444
    1335
    1295
    1436
    1410
    1356
    1385
    1330
    1382
    1358
    1260
    1287
    1229
    1262
    1168
    1149
    1098
    1068
     995
    1064
     935
     939
     855
     901
     853
     799
     701
     706
     645
     608
     576
     528
     520
     511
     449
     440
     417
     363
     334
     285
     306
     259
     279
     231
     179
     198
     176
     162
     144
     135
     131
     135
     104
     109
      91
      85
      82
      96
      73
      76
      65
      68
      63
      58
      62
      53
      66
      53
      49
      61
      61
      55
      58
      56
      63
      38
      59
      53
      40
      42
      51
      48
      45
      49
      45
      52
      42
      42
      57
      56
      46
      43
      49
      60
      43
      55
      48
      48
      50
      56
      51
      46
      57
      40
      44
      53
      55
      69
      42
      52
      52
      53
      55
      49
      58
      41
      47
      56
      49
      69
      51
      41
      47
      40
      43
      45
      58
      37
      53
      54
      49
      42
      48
      58
      48
      45
      51
      51
      48
      52
      48
      53
      48
      51
      43
      61
      50
      49
      49
      54
      53
      45
      43
      45
      48
      55
      51
      39
      48
      42
      37
      48
      41
      44
      39
      51
      44
      49
      50
      47
      55
      54
      50
      42
      43
      47
      44
      52
      52
      54
      48
      46
      47
      51
      44
      53
      48
      52
      37
      38
      49
      40
      41
      58
      59
      45
      40
      41
      42
      43
      47
      38
      49
      40
      43
      41
      38
      60
      50
      53
      48
      46
      50
      52
      46
      39
      48
      47
      42
      42
      47
      53
      53
      49
      45
      46
      49
      51
      44
      44
      51
      44
      47
      46
      51
      43
      50
      49
      43
      40
      45
      57
      39
      53
      32
      49
      42
      39
      47
      47
      43
      54
      48
      55
      47
      35
      41
      46
      39
      58
      58
      49
      48
      50
      43
      43
      46
      52
      48
      45
      56
      35
      44
      37
      44
      49
      46
      45
      36
      46
      43
      57
      47
      47
      56
      52
      50
      50
      59
      48
      51
      61
      51
      50
      40
      53
      46
      59
      56
      40
      41
      54
      47
      42
      42
      41
      42
      55
      43
      47
      48
      45
      44
      42
      48
      44
      49
      49
      52
      56
      60
      50
      44
      35
      33
      48
      37
      60
      59
      42
      51
      49
      42
      47
      45
      41
      47
      45
      45
      40
      55
      57
      47
      51
      41
      46
      56
      41
      44
      50
      33
      59
      50
      41
      48
      52
      45
      45
      44
      44
      60
      35
      44
      37
       1
       0
       0
       0
       0
       0
       0
       0
       0
       0
       0
       0
       0
       0
       0
       0
       0
       0
       0
       0
       0
       0
       0
       0
       0
       0
       0
       0
       0
       0
       0
       0
       0
       0
       0
       0
       0
       0
       0
       0
       0
       0
       0
       0
       0
       0
       0
       0
       0
       0
       0
       0
       0
       0
       0
       0
       0
       0
       0
       0
       0
       0
       0
       0
       0
       0
$ROI:
2
95 97
514 605
$PRESETS:
Real Time
200
0
$ENER_FIT:
-289.438599 1.280702
$MCA_CAL:
3
-2.894386E+002 1.280702E+000 0.000000E+000
$SHAPE_CAL:
3
0.000000E+000 0.000000E+000 0.000000E+000
