$SPEC_ID:
MEASURE 661.
$SPEC_REM:
DET# 1
DETDESC# MCB 25
AP# Maestro Version 6.05
$DATE_MEA:
03/17/2003 13:59:31
$MEAS_TIM:
192 200
$DATA:
0 1023
       0
       0
       0
       0
       0
       0
       0
       0
       0
       0
       0
       0
       0
       0
       0
       0
       0
     119
     223
     235
     220
     241
     255
     238
     217
     250
     274
     253
     257
     247
     235
     247
     272
     268
     240
     255
     264
     272
     307
     261
     258
     290
     273
     297
     255
     264
     254
     278
     293
     276
     273
     285
     291
     283
     294
     268
     252
     294
     286
     269
     301
     307
     295
     264
     309
     258
     277
     319
     288
     318
     298
     300
     303
     335
     298
     347
     342
     333
     351
     342
     331
     354
     354
     376
     371
     389
     381
     410
     373
     352
     376
     373
     421
     449
     456
     412
     445
     445
     477
     448
     444
     443
     471
     515
     485
     448
     493
     480
     473
     507
     532
     521
     527
     524
     534
     535
     539
     549
     547
     552
     534
     588
     599
     596
     570
     578
     559
     523
     569
     552
     626
     578
     672
     577
     598
     616
     603
     642
     589
     631
     591
     673
     646
     643
     672
     633
     596
     721
     655
     616
     615
     630
     638
     655
     639
     675
     628
     618
     671
     689
     658
     709
     683
     611
     636
     648
     647
     686
     680
     613
     619
     672
     639
     612
     661
     642
     670
     649
     632
     632
     672
     687
     668
     662
     603
     650
     608
     652
     663
     658
     683
     626
     611
     676
     648
     661
     707
     658
     659
     664
     733
     696
     685
     738
     686
     701
     733
     790
     783
     766
     775
     718
     742
     783
     812
     706
     813
     749
     714
     805
     755
     757
     757
     711
     745
     703
     745
     745
     700
     730
     743
     681
     679
     721
     672
     665
     677
     682
     669
     672
     665
     652
     631
     652
     625
     671
     630
     654
     641
     622
     597
     600
     628
     632
     610
     600
     610
     583
     556
     631
     581
     585
     542
     556
     540
     553
     586
     543
     557
     539
     565
     595
     583
     592
     543
     520
     570
     568
     522
     514
     535
     537
     539
     524
     477
     548
     505
     498
     490
     485
     489
     492
     489
     478
     518
     487
     470
     476
     436
     488
     437
     460
     459
     442
     427
     457
     433
     443
     467
     485
     448
     396
     442
     437
     416
     399
     437
     431
     459
     388
     435
     424
     416
     416
     434
     429
     389
     450
     426
     414
     388
     378
     340
     388
     382
     394
     387
     373
     388
     403
     426
     417
     426
     363
     407
     363
     383
     373
     393
     371
     358
     401
     339
     364
     404
     353
     360
     383
     376
     385
     364
     361
     363
     357
     357
     383
     356
     393
     350
     345
     328
     359
     328
     349
     343
     342
     316
     353
     332
     322
     281
     317
     302
     300
     300
     303
     302
     302
     305
     296
     308
     288
     303
     261
     274
     253
     268
     273
     247
     259
     239
     251
     233
     243
     247
     201
     222
     218
     225
     221
     182
     221
     205
     199
     199
     194
     194
     211
     184
     201
     179
     198
     178
     191
     176
     179
     194
     166
     173
     166
     180
     171
     182
     182
     163
     166
     174
     173
     176
     162
     159
     211
     148
     156
     155
     142
     157
     155
     151
     135
     126
     144
     160
     142
     146
     178
     146
     141
     135
     142
     144
     156
     132
     132
     150
     128
     141
     148
     138
     127
     151
     125
     149
     153
     141
     129
     137
     141
     168
     144
     133
     129
     119
     141
     150
     141
     113
     119
     123
     143
     131
     163
     134
     124
     148
     123
     137
     135
     142
     137
     133
     134
     134
     124
     111
     141
     144
     130
     142
     129
     114
     136
     118
     136
     128
     123
     146
     133
     140
     157
     135
     145
     130
     133
     148
     146
     138
     149
     159
     153
     146
     165
     158
     148
     147
     176
     176
     188
     176
     188
     166
     173
     211
     197
     188
     205
     221
     241
     257
     298
     286
     283
     314
     344
     357
     395
     407
     413
     434
     453
     458
     496
     569
     559
     621
     586
     668
     677
     678
     740
     800
     776
     824
     900
     902
     946
    1005
    1025
    1067
    1108
    1144
    1137
    1190
    1254
    1174
    1237
    1266
    1296
    1369
    1335
    1321
    1374
    1376
    1319
    1345
    1290
    1385
    1393
    1348
    1408
    1381
    1340
    1379
    1284
    1272
    1253
    1286
    1243
    1216
    1137
    1146
    1079
    1037
    1027
     938
     917
     887
     783
     805
     718
     754
     703
     616
     643
     590
     514
     492
     465
     422
     417
     396
     361
     339
     291
     298
     258
     220
     221
     195
     188
     150
     162
     145
     144
     135
     111
      96
      98
     114
      81
      85
      75
      86
      71
      91
      85
      67
      64
      71
      52
      70
      55
      58
      53
      48
      51
      53
      63
      49
      61
      58
      45
      41
      44
      49
      48
      62
      61
      48
      57
      55
      46
      53
      45
      56
      53
      61
      55
      36
      52
      38
      55
      49
      52
      41
      52
      58
      50
      51
      48
      51
      61
      46
      46
      45
      54
      53
      51
      43
      43
      58
      47
      48
      50
      51
      52
      41
      48
      59
      65
      55
      43
      53
      49
      54
      38
      52
      48
      54
      46
      53
      43
      38
      45
      42
      54
      50
      43
      40
      51
      56
      52
      42
      48
      45
      43
      40
      46
      42
      53
      42
      44
      31
      55
      51
      53
      52
      51
      60
      53
      38
      48
      44
      59
      44
      44
      44
      41
      37
      48
      35
      55
      39
      48
      33
      44
      44
      41
      56
      47
      53
      61
      59
      53
      59
      42
      45
      35
      48
      32
      49
      46
      48
      44
      46
      33
      44
      42
      59
      38
      50
      58
      33
      45
      50
      55
      38
      40
      47
      47
      36
      39
      28
      47
      52
      46
      50
      42
      39
      48
      51
      50
      41
      45
      37
      48
      57
      44
      45
      55
      54
      48
      42
      49
      48
      44
      52
      42
      58
      46
      42
      44
      45
      46
      47
      41
      50
      54
      50
      51
      47
      37
      45
      60
      51
      37
      51
      43
      48
      43
      47
      52
      36
      57
      38
      44
      34
      41
      42
      48
      42
      65
      34
      64
      39
      53
      37
      40
      40
      44
      47
      42
      51
      51
      44
      46
      51
      49
      50
      41
      49
      44
      53
      47
      37
      36
      51
      40
      39
      35
      40
      51
      38
      40
      52
      47
      38
      51
      49
      51
      43
      52
      44
      54
      43
      45
      35
      49
      55
      48
      43
      54
      52
      59
      52
      34
      47
      39
      40
      58
      34
      35
      45
      48
      42
      52
      39
      42
      46
      40
      61
      41
      51
      48
      45
      41
      49
      42
      51
      45
      42
      45
      53
      45
      43
      43
      40
      23
       0
       0
       0
       0
       0
       0
       0
       0
       0
       0
       0
       0
       0
       0
       0
       0
       0
       0
       0
       0
       0
       0
       0
       0
       0
       0
       0
       0
       0
       0
       0
       0
       0
       0
       0
       0
       0
       0
       0
       0
       0
       0
       0
       0
       0
       0
       0
       0
       0
       0
       0
       0
       0
       0
       0
       0
       0
       0
       0
       0
       0
       0
       0
       0
       0
       0
$ROI:
2
95 97
514 605
$PRESETS:
Real Time
200
0
$ENER_FIT:
-289.438599 1.280702
$MCA_CAL:
3
-2.894386E+002 1.280702E+000 0.000000E+000
$SHAPE_CAL:
3
0.000000E+000 0.000000E+000 0.000000E+000
