$SPEC_ID:
MEASURE 419.
$SPEC_REM:
DET# 1
DETDESC# MCB 25
AP# Maestro Version 6.05
$DATE_MEA:
03/16/2003 17:49:31
$MEAS_TIM:
192 200
$DATA:
0 1023
       0
       0
       0
       0
       0
       0
       0
       0
       0
       0
       0
       0
       0
       0
       0
       0
       0
     106
     211
     237
     217
     260
     289
     240
     247
     266
     248
     261
     272
     255
     241
     249
     277
     247
     265
     237
     285
     254
     277
     285
     254
     274
     296
     278
     300
     310
     244
     274
     278
     280
     273
     308
     280
     282
     298
     276
     276
     277
     292
     276
     297
     299
     319
     282
     326
     331
     272
     294
     319
     259
     316
     313
     301
     311
     312
     329
     327
     324
     328
     355
     321
     383
     354
     371
     345
     391
     407
     391
     392
     433
     405
     407
     432
     425
     445
     444
     409
     444
     439
     471
     480
     466
     481
     504
     493
     516
     506
     492
     518
     538
     531
     542
     542
     526
     516
     521
     547
     565
     559
     563
     532
     567
     585
     608
     571
     568
     567
     605
     630
     548
     591
     553
     545
     576
     571
     576
     625
     646
     598
     626
     607
     655
     623
     645
     674
     604
     649
     687
     640
     625
     683
     640
     618
     661
     647
     636
     655
     665
     643
     680
     634
     635
     665
     643
     638
     676
     667
     650
     685
     726
     624
     686
     703
     662
     675
     670
     655
     737
     694
     647
     649
     656
     637
     661
     688
     657
     731
     656
     620
     652
     690
     657
     686
     701
     693
     647
     718
     672
     685
     729
     730
     725
     712
     721
     757
     764
     732
     757
     701
     748
     744
     800
     808
     776
     781
     782
     754
     825
     773
     789
     708
     803
     743
     751
     732
     747
     718
     709
     747
     688
     728
     708
     689
     689
     686
     680
     658
     646
     668
     645
     622
     619
     671
     615
     650
     642
     613
     636
     593
     632
     619
     613
     653
     581
     623
     575
     587
     606
     588
     561
     564
     628
     577
     584
     540
     570
     573
     515
     585
     541
     568
     552
     584
     573
     541
     541
     571
     479
     577
     495
     532
     542
     497
     514
     504
     559
     528
     519
     525
     463
     489
     490
     487
     507
     486
     486
     448
     479
     466
     459
     431
     497
     449
     438
     465
     448
     454
     457
     459
     402
     427
     469
     452
     438
     463
     448
     443
     401
     391
     426
     459
     405
     400
     405
     403
     421
     399
     392
     443
     422
     407
     395
     387
     390
     408
     432
     394
     422
     388
     411
     376
     367
     371
     386
     380
     387
     388
     378
     371
     393
     363
     401
     329
     381
     351
     393
     376
     364
     369
     387
     373
     384
     384
     390
     352
     326
     346
     392
     360
     351
     374
     328
     320
     318
     306
     309
     326
     324
     324
     303
     293
     327
     304
     305
     320
     288
     323
     271
     303
     276
     258
     270
     289
     264
     282
     245
     275
     227
     252
     234
     271
     222
     221
     232
     204
     220
     216
     203
     219
     187
     237
     206
     213
     231
     208
     171
     187
     196
     173
     192
     184
     180
     179
     212
     169
     200
     167
     172
     197
     197
     166
     165
     160
     185
     190
     168
     161
     163
     174
     171
     173
     158
     168
     162
     165
     143
     170
     168
     146
     179
     152
     156
     162
     141
     161
     133
     171
     163
     130
     145
     145
     166
     151
     153
     152
     165
     132
     139
     150
     138
     143
     131
     160
     138
     122
     144
     130
     120
     152
     141
     118
     146
     141
     133
     123
     137
     143
     152
     158
     125
     139
     119
     155
     131
     121
     133
     132
     137
     145
     160
     112
     143
     127
     139
     126
     138
     131
     132
     130
     134
     125
     130
     158
     145
     136
     142
     130
     161
     173
     140
     152
     129
     161
     130
     164
     160
     156
     166
     145
     158
     179
     185
     174
     188
     180
     187
     203
     225
     231
     248
     251
     227
     253
     224
     266
     286
     344
     298
     316
     340
     368
     359
     418
     457
     436
     466
     496
     515
     603
     591
     586
     620
     685
     680
     756
     768
     824
     828
     955
     939
     966
     994
     999
    1049
    1047
    1052
    1181
    1165
    1241
    1234
    1293
    1360
    1367
    1314
    1366
    1336
    1325
    1391
    1386
    1400
    1353
    1395
    1398
    1391
    1371
    1360
    1349
    1339
    1300
    1361
    1239
    1237
    1199
    1127
    1146
    1104
    1055
    1039
     948
     906
     947
     780
     817
     771
     781
     689
     652
     599
     564
     553
     519
     475
     471
     403
     408
     361
     323
     298
     304
     280
     276
     236
     199
     172
     194
     146
     140
     135
     151
     133
     105
     129
     112
      92
      85
      87
      71
      74
      74
      80
      73
      55
      65
      57
      53
      48
      48
      73
      73
      54
      57
      58
      49
      60
      48
      51
      58
      51
      60
      51
      49
      62
      51
      63
      51
      52
      55
      48
      46
      58
      41
      49
      38
      59
      62
      44
      53
      37
      49
      53
      55
      54
      46
      43
      52
      52
      50
      64
      42
      61
      50
      57
      42
      37
      54
      51
      55
      52
      46
      50
      52
      54
      42
      45
      50
      42
      35
      53
      42
      50
      34
      41
      45
      65
      38
      57
      44
      48
      37
      48
      36
      53
      49
      57
      59
      44
      37
      50
      57
      43
      52
      46
      65
      55
      56
      31
      63
      48
      55
      52
      42
      49
      44
      42
      44
      45
      33
      51
      55
      37
      51
      43
      43
      52
      53
      47
      51
      49
      33
      48
      36
      39
      50
      51
      46
      55
      41
      34
      38
      46
      51
      53
      43
      43
      51
      43
      41
      37
      51
      45
      50
      46
      43
      49
      57
      52
      43
      44
      36
      59
      53
      29
      42
      50
      56
      44
      39
      49
      64
      44
      44
      40
      49
      48
      56
      45
      52
      55
      54
      41
      51
      56
      38
      56
      54
      41
      41
      71
      60
      55
      45
      44
      44
      53
      45
      44
      46
      54
      63
      46
      46
      49
      52
      54
      41
      50
      45
      39
      37
      42
      36
      54
      53
      43
      47
      43
      41
      50
      52
      45
      40
      57
      51
      46
      38
      39
      41
      37
      56
      44
      56
      49
      50
      48
      52
      45
      43
      61
      41
      47
      62
      48
      54
      51
      53
      42
      45
      41
      47
      39
      60
      55
      32
      44
      58
      60
      37
      51
      37
      49
      46
      50
      48
      45
      42
      44
      47
      45
      52
      53
      51
      45
      40
      56
      49
      42
      49
      46
      35
      46
      39
      45
      48
      48
      46
      47
      39
      55
      44
      54
      41
      56
      36
      46
      46
      40
      45
      33
      49
      47
      44
      40
      43
      46
      48
      40
      39
      53
      48
      46
      44
      43
      42
      43
      47
      46
      52
      33
       1
       0
       0
       0
       0
       0
       0
       0
       0
       0
       0
       0
       0
       0
       0
       0
       0
       0
       0
       0
       0
       0
       0
       0
       0
       0
       0
       0
       0
       0
       0
       0
       0
       0
       0
       0
       0
       0
       0
       0
       0
       0
       0
       0
       0
       0
       0
       0
       0
       0
       0
       0
       0
       0
       0
       0
       0
       0
       0
       0
       0
       0
       0
       0
       0
       0
$ROI:
2
95 97
514 605
$PRESETS:
Real Time
200
0
$ENER_FIT:
-289.438599 1.280702
$MCA_CAL:
3
-2.894386E+002 1.280702E+000 0.000000E+000
$SHAPE_CAL:
3
0.000000E+000 0.000000E+000 0.000000E+000
