$SPEC_ID:
MEASURE 728.
$SPEC_REM:
DET# 1
DETDESC# MCB 25
AP# Maestro Version 6.05
$DATE_MEA:
03/17/2003 19:34:31
$MEAS_TIM:
192 200
$DATA:
0 1023
       0
       0
       0
       0
       0
       0
       0
       0
       0
       0
       0
       0
       0
       0
       0
       0
       0
      85
     230
     243
     249
     248
     227
     259
     259
     276
     251
     277
     256
     220
     251
     254
     239
     259
     278
     248
     284
     254
     285
     264
     267
     257
     235
     250
     283
     245
     262
     266
     278
     266
     254
     280
     290
     293
     278
     266
     252
     266
     288
     265
     300
     266
     306
     314
     316
     275
     326
     325
     299
     334
     280
     292
     296
     293
     301
     350
     317
     336
     353
     343
     351
     334
     376
     377
     386
     366
     334
     410
     382
     360
     450
     423
     364
     433
     414
     440
     473
     476
     413
     469
     436
     427
     478
     480
     502
     463
     509
     504
     496
     473
     483
     539
     502
     513
     521
     499
     510
     545
     543
     559
     549
     550
     541
     520
     584
     557
     597
     592
     622
     603
     589
     588
     573
     649
     612
     612
     632
     628
     647
     669
     640
     659
     669
     601
     576
     629
     620
     623
     665
     660
     674
     683
     642
     615
     663
     631
     589
     608
     636
     680
     629
     667
     653
     666
     649
     690
     682
     650
     639
     683
     666
     670
     694
     641
     607
     658
     674
     624
     595
     669
     646
     668
     626
     662
     676
     658
     668
     650
     652
     637
     638
     598
     633
     641
     686
     684
     664
     699
     650
     668
     685
     698
     703
     722
     725
     701
     685
     736
     748
     713
     724
     788
     753
     774
     781
     730
     796
     784
     792
     752
     768
     776
     725
     751
     769
     738
     746
     734
     702
     651
     697
     689
     659
     721
     689
     666
     693
     661
     666
     659
     691
     693
     654
     679
     636
     598
     590
     657
     631
     664
     611
     595
     570
     618
     593
     573
     585
     581
     571
     650
     554
     545
     583
     596
     605
     566
     581
     552
     537
     565
     570
     537
     550
     583
     544
     531
     565
     548
     504
     538
     501
     550
     532
     543
     510
     535
     552
     535
     505
     492
     532
     534
     475
     502
     513
     504
     463
     491
     468
     468
     495
     470
     468
     468
     455
     451
     453
     470
     432
     437
     425
     434
     450
     422
     400
     487
     448
     428
     410
     427
     442
     443
     421
     455
     419
     433
     444
     397
     386
     406
     431
     384
     412
     402
     409
     371
     365
     379
     375
     372
     357
     391
     358
     399
     378
     375
     357
     389
     381
     376
     361
     397
     401
     390
     383
     364
     352
     350
     352
     342
     354
     358
     389
     355
     367
     323
     350
     333
     369
     332
     377
     348
     334
     354
     358
     300
     332
     351
     336
     326
     293
     330
     325
     340
     292
     314
     289
     336
     300
     302
     309
     294
     294
     267
     233
     248
     246
     237
     237
     261
     227
     239
     238
     247
     267
     216
     260
     227
     251
     244
     215
     241
     187
     207
     186
     202
     209
     204
     192
     206
     173
     208
     170
     168
     167
     176
     175
     186
     172
     180
     183
     194
     180
     184
     174
     161
     167
     171
     162
     177
     162
     146
     188
     156
     159
     169
     165
     170
     165
     170
     148
     136
     155
     162
     145
     154
     144
     161
     153
     127
     147
     165
     139
     149
     134
     140
     133
     141
     137
     120
     137
     114
     151
     129
     140
     146
     127
     125
     139
     138
     139
     128
     142
     137
     154
     134
     136
     130
     143
     129
     112
     146
     152
     147
     134
     134
     146
     143
     149
     132
     134
     128
     136
     131
     127
     120
     160
     144
     136
     152
     140
     150
     127
     139
     129
     109
     132
     140
     122
     110
     132
     150
     136
     127
     153
     148
     113
     111
     124
     128
     165
     140
     146
     156
     167
     164
     148
     173
     151
     183
     180
     182
     184
     199
     226
     229
     211
     265
     250
     223
     299
     265
     291
     317
     320
     322
     361
     408
     422
     427
     387
     437
     495
     552
     545
     559
     564
     660
     637
     706
     711
     755
     791
     819
     826
     865
     911
     890
     997
    1023
    1081
    1130
    1185
    1132
    1223
    1231
    1215
    1246
    1290
    1257
    1407
    1346
    1325
    1351
    1359
    1395
    1414
    1371
    1349
    1412
    1369
    1392
    1373
    1339
    1302
    1271
    1278
    1250
    1166
    1154
    1132
    1116
    1064
     975
    1039
     983
     925
     870
     813
     790
     722
     697
     653
     660
     624
     610
     541
     538
     477
     445
     392
     389
     376
     320
     309
     286
     240
     245
     235
     160
     199
     187
     154
     122
     148
     124
     134
     106
      92
      94
      95
     105
     102
      70
      97
      73
      73
      74
      63
      63
      51
      61
      54
      42
      53
      55
      53
      47
      43
      45
      55
      57
      57
      55
      62
      54
      39
      52
      50
      37
      56
      48
      56
      57
      43
      47
      59
      44
      44
      50
      55
      61
      60
      43
      51
      49
      45
      60
      51
      61
      40
      43
      48
      52
      52
      49
      52
      43
      42
      43
      57
      42
      53
      52
      55
      41
      46
      43
      51
      50
      36
      39
      56
      56
      48
      44
      38
      49
      33
      41
      65
      51
      56
      48
      34
      52
      44
      47
      44
      44
      46
      43
      32
      42
      52
      51
      54
      45
      32
      40
      46
      50
      42
      37
      38
      43
      48
      46
      41
      43
      45
      38
      41
      48
      39
      64
      45
      47
      43
      35
      39
      45
      54
      51
      41
      55
      43
      43
      53
      41
      53
      41
      51
      47
      44
      63
      53
      42
      44
      42
      56
      41
      49
      49
      49
      42
      40
      42
      51
      42
      37
      50
      38
      47
      41
      43
      43
      58
      52
      39
      43
      39
      39
      45
      32
      36
      44
      41
      34
      48
      35
      44
      44
      35
      39
      55
      47
      38
      32
      46
      37
      49
      46
      42
      49
      50
      44
      39
      45
      43
      45
      45
      43
      45
      46
      50
      47
      44
      40
      49
      42
      48
      55
      42
      46
      45
      33
      37
      46
      39
      41
      53
      47
      42
      50
      37
      48
      43
      42
      49
      39
      38
      52
      40
      49
      59
      43
      38
      61
      41
      46
      58
      47
      43
      49
      52
      47
      53
      60
      54
      45
      47
      54
      52
      33
      50
      50
      39
      41
      37
      56
      47
      58
      48
      53
      34
      69
      44
      56
      49
      50
      58
      47
      41
      39
      51
      39
      34
      36
      55
      44
      44
      49
      49
      44
      42
      41
      56
      47
      47
      53
      43
      34
      58
      57
      53
      40
      58
      35
      51
      48
      40
      47
      57
      56
      53
      57
      47
      49
      56
      45
      51
      46
      46
      45
      58
      52
      39
       2
       0
       0
       0
       0
       0
       0
       0
       0
       0
       0
       0
       0
       0
       0
       0
       0
       0
       0
       0
       0
       0
       0
       0
       0
       0
       0
       0
       0
       0
       0
       0
       0
       0
       0
       0
       0
       0
       0
       0
       0
       0
       0
       0
       0
       0
       0
       0
       0
       0
       0
       0
       0
       0
       0
       0
       0
       0
       0
       0
       0
       0
       0
       0
       0
       0
$ROI:
2
95 97
514 605
$PRESETS:
Real Time
200
0
$ENER_FIT:
-289.438599 1.280702
$MCA_CAL:
3
-2.894386E+002 1.280702E+000 0.000000E+000
$SHAPE_CAL:
3
0.000000E+000 0.000000E+000 0.000000E+000
