$SPEC_ID:
MEASURE 052.
$SPEC_REM:
DET# 1
DETDESC# MCB 25
AP# Maestro Version 6.05
$DATE_MEA:
08/02/2003 12:15:48
$MEAS_TIM:
184 200
$DATA:
0 1023
       0
       0
       0
       0
       0
       0
       0
       0
       0
       0
       0
       0
       0
       0
       0
       0
       0
       0
       0
       0
       0
       0
       0
       0
       0
       0
       0
       0
       0
       0
       0
       0
       0
       0
       0
       0
       0
       0
       0
       0
       0
       0
       0
       0
       0
       0
       0
       0
       0
       0
       0
       0
       0
       0
       0
       0
       0
       0
       0
       0
       0
       0
       0
       0
       0
       0
       0
       0
       0
       0
       0
       0
       0
       0
       0
       0
       0
       0
       0
       0
       0
       0
       0
       0
       0
       0
       0
       0
       0
       5
       9
       6
       3
       6
      10
      10
       7
       7
       7
       6
      12
       8
       8
       5
      11
      10
       8
       6
      12
       9
      10
       8
       9
       9
      12
       9
      11
      10
      12
       8
      12
       9
      11
       8
       7
       9
      12
       7
       8
      12
       5
      15
      12
      12
       8
       7
      14
      18
      10
      12
      11
      12
      13
       6
      13
      12
       8
       5
      13
       6
      11
       5
       4
      10
      11
       8
      11
       9
      12
       5
       5
      10
       9
       6
       8
       9
       8
       9
       8
      12
      12
      11
       8
      10
      10
       9
       7
       8
      11
      13
      12
      10
      14
      15
       7
      11
      15
      17
       7
      11
      14
       8
      10
      13
      10
      14
      16
      16
      28
       6
      13
      17
      16
      14
      12
      20
      11
       8
      11
      11
      17
      19
       9
      13
       4
      11
      12
      15
      11
      10
       8
      13
      14
       6
       8
       7
      12
       7
       8
      16
      13
      11
      10
      11
      19
      10
       9
      12
      12
       7
      10
       6
       8
      13
       9
       7
      16
       7
       8
       8
       7
      12
       6
      11
       4
       7
       6
       6
       7
       9
       4
       9
       4
      10
       9
       9
       4
       5
       6
       9
       7
       7
       8
       5
       9
       8
       6
      11
       9
      12
       9
       7
       9
      11
       6
       7
       6
      10
      13
       8
       8
       7
       2
       5
      12
       6
      12
       5
       5
       9
       7
       6
      11
       4
       8
       7
      11
       8
      10
       7
      10
       4
      11
       5
      10
      11
       8
       5
       9
       1
      10
       7
       9
       4
      17
       8
       7
      11
       5
       6
       5
       6
       5
       8
       4
      10
       6
       9
       9
      10
      10
       3
      10
       7
       2
       9
       1
       6
      10
       4
       3
       6
       2
       3
       2
       2
       3
       3
       3
       4
       3
       7
       2
       1
       1
       4
       2
       4
       2
       4
       3
       1
       1
       0
       2
       4
       3
       0
       1
       0
       2
       2
       2
       3
       4
       0
       0
       0
       3
       0
       2
       1
       0
       7
       1
       0
       0
       0
       2
       1
       1
       1
       1
       1
       1
       1
       1
       0
       1
       1
       0
       2
       1
       4
       1
       1
       0
       0
       0
       0
       1
       2
       0
       4
       0
       1
       1
       0
       2
       3
       2
       2
       0
       0
       0
       0
       2
       0
       2
       2
       1
       0
       1
       1
       0
       1
       1
       2
       0
       0
       1
       0
       1
       1
       0
       1
       1
       0
       0
       4
       0
       1
       3
       1
       3
       1
       0
       1
       2
       3
       1
       6
       7
       4
       3
       2
       6
       4
       7
      10
       7
       8
       5
      15
      12
       6
      14
       9
      12
      12
      17
      24
      20
      13
      22
      28
      25
      29
      26
      30
      25
      37
      30
      33
      46
      42
      42
      47
      35
      51
      49
      63
      44
      43
      48
      54
      60
      61
      76
      50
      59
      70
      69
      61
      54
      51
      57
      61
      38
      51
      45
      68
      38
      47
      61
      57
      43
      52
      65
      39
      40
      45
      31
      46
      33
      38
      26
      21
      27
      21
      27
      15
      17
      14
      16
       9
      12
      17
       8
       8
      10
       8
       9
       7
       2
       2
       4
       4
       3
       3
       3
       2
       1
       1
       0
       0
       2
       1
       1
       1
       0
       1
       0
       0
       0
       0
       0
       0
       0
       0
       0
       0
       0
       0
       0
       0
       0
       0
       0
       0
       0
       0
       0
       1
       0
       0
       0
       0
       0
       0
       0
       0
       0
       1
       0
       0
       0
       0
       0
       1
       0
       0
       1
       0
       0
       0
       0
       1
       0
       0
       0
       0
       0
       0
       0
       0
       1
       1
       0
       0
       0
       0
       0
       0
       0
       0
       0
       0
       0
       0
       0
       0
       0
       0
       0
       0
       1
       0
       0
       0
       0
       0
       0
       0
       0
       0
       0
       0
       1
       0
       0
       0
       0
       0
       1
       0
       0
       0
       0
       0
       0
       0
       0
       0
       0
       0
       1
       0
       0
       0
       0
       0
       0
       0
       0
       1
       0
       0
       0
       0
       0
       1
       0
       0
       0
       0
       0
       0
       0
       0
       0
       0
       0
       0
       0
       0
       1
       0
       0
       0
       0
       0
       0
       0
       0
       0
       0
       0
       0
       0
       0
       0
       0
       1
       0
       1
       0
       0
       0
       0
       1
       0
       0
       0
       0
       0
       0
       0
       0
       0
       1
       0
       0
       0
       0
       0
       0
       0
       0
       0
       0
       0
       0
       0
       0
       0
       1
       0
       0
       0
       0
       0
       0
       0
       0
       0
       0
       0
       0
       0
       0
       0
       0
       0
       0
       0
       0
       0
       0
       0
       0
       0
       0
       0
       1
       0
       0
       0
       0
       0
       0
       0
       0
       1
       1
       0
       0
       0
       0
       0
       0
       0
       0
       0
       0
       0
       0
       0
       0
       0
       0
       0
       0
       0
       0
       0
       0
       0
       0
       0
       0
       0
       0
       0
       1
       0
       0
       0
       0
       0
       0
       0
       0
       0
       0
       0
       0
       0
       0
       0
       0
       0
       0
       0
       0
       0
       0
       0
       0
       0
       0
       0
       0
       1
       0
       0
       0
       0
       0
       0
       0
       0
       0
       0
       0
       0
       0
       1
       0
       0
       0
       0
       0
       0
       0
       0
       0
       0
       0
       0
       0
       0
       0
       0
       0
       0
       0
       0
       0
       1
       0
       0
       0
       0
       0
       0
       1
       0
       0
       0
       0
       0
       0
       0
       0
       1
       0
       0
       0
       1
       0
       0
       0
       0
       0
       1
       0
       1
       0
       0
       0
       0
       0
       0
       0
       0
       0
       0
       0
       0
       0
       0
       0
       0
       0
       0
       0
       0
       0
       0
       0
       0
       0
       0
       0
       0
       0
       0
       0
       0
       0
       0
       0
       0
       0
       0
       0
       0
       0
       0
       0
       0
       0
       0
       0
       0
       0
       0
       0
       0
       0
       0
       0
       0
       0
       0
       0
       0
       0
       0
       0
       0
       0
       0
       0
       0
       0
       0
       0
       0
       0
       0
       0
       0
       0
       0
       0
       0
       0
       0
       0
       0
       0
       0
       0
       0
       0
       0
       0
       0
       0
       0
       0
       0
$ROI:
0
$PRESETS:
Real Time
200
0
$ENER_FIT:
-289.438599 1.280702
$MCA_CAL:
3
-2.894386E+002 1.280702E+000 0.000000E+000
$SHAPE_CAL:
3
0.000000E+000 0.000000E+000 0.000000E+000
