$SPEC_ID:
MEASURE 059.
$SPEC_REM:
DET# 1
DETDESC# MCB 25
AP# Maestro Version 6.05
$DATE_MEA:
08/02/2003 13:14:29
$MEAS_TIM:
184 200
$DATA:
0 1023
       0
       0
       0
       0
       0
       0
       0
       0
       0
       0
       0
       0
       0
       0
       0
       0
       0
       0
       0
       0
       0
       0
       0
       0
       0
       0
       0
       0
       0
       0
       0
       0
       0
       0
       0
       0
       0
       0
       0
       0
       0
       0
       0
       0
       0
       0
       0
       0
       0
       0
       0
       0
       0
       0
       0
       0
       0
       0
       0
       0
       0
       0
       0
       0
       0
       0
       0
       0
       0
       0
       0
       0
       0
       0
       0
       0
       0
       0
       0
       0
       0
       0
       0
       0
       0
       0
       0
       0
       0
       7
      29
      33
      17
      28
      28
      32
      21
      28
      23
      30
      32
      27
      31
      30
      21
      34
      32
      29
      27
      27
      26
      25
      29
      29
      24
      26
      26
      21
      33
      22
      30
      25
      28
      25
      30
      26
      31
      23
      36
      22
      16
      21
      27
      34
      45
      37
      27
      30
      33
      27
      19
      27
      29
      29
      23
      30
      34
      28
      28
      28
      21
      25
      36
      28
      37
      25
      29
      39
      31
      26
      29
      26
      31
      22
      27
      29
      30
      26
      39
      30
      35
      39
      33
      28
      29
      30
      32
      27
      43
      29
      27
      23
      24
      27
      33
      46
      31
      38
      24
      28
      25
      31
      44
      33
      24
      31
      37
      46
      42
      30
      31
      29
      39
      29
      40
      36
      35
      39
      28
      40
      24
      33
      28
      27
      35
      30
      30
      30
      25
      34
      24
      35
      25
      32
      36
      22
      31
      25
      27
      25
      30
      38
      24
      25
      31
      30
      35
      21
      33
      30
      24
      36
      33
      39
      25
      28
      29
      25
      33
      26
      30
      31
      27
      26
      23
      19
      33
      34
      31
      23
      28
      30
      21
      34
      25
      31
      39
      22
      29
      31
      25
      15
      26
      18
      25
      29
      35
      23
      25
      26
      34
      18
      34
      29
      27
      20
      37
      20
      22
      22
      32
      32
      30
      35
      35
      37
      23
      26
      27
      23
      33
      36
      24
      34
      31
      33
      38
      37
      21
      28
      30
      31
      29
      35
      29
      35
      29
      40
      36
      32
      29
      29
      33
      31
      19
      26
      31
      25
      29
      27
      26
      21
      26
      29
      32
      27
      14
      21
      19
      27
      16
      25
      26
      19
      19
      26
      13
      25
      14
      14
      20
      14
      20
       9
      11
      12
      19
      12
      15
      10
      11
      12
       9
       8
      11
       6
       9
       7
      10
       6
      11
       6
      10
       8
       5
       4
      10
       7
       6
       5
       5
       5
       9
       8
       6
       3
       4
       5
       6
       6
       3
       8
       6
       0
       1
       4
       5
       1
       4
       6
       7
       3
       0
       4
       2
       4
       6
       3
       2
       8
       5
       2
       3
       0
       4
       4
       1
       3
       1
       2
       3
       2
       3
       3
       5
       2
       0
       3
       1
       2
       6
       3
       3
       6
       2
       1
       7
       3
       5
       3
       4
       2
       2
       3
       5
       2
       1
       3
       0
       1
       6
       1
       0
       2
       2
       4
       2
       1
       5
       5
       5
       2
       2
       3
       2
       4
       9
       6
       3
       4
       5
       6
       4
       6
       8
      11
      12
      14
      19
      17
      18
      12
      21
      20
      22
      30
      39
      34
      32
      46
      40
      51
      44
      73
      67
      71
      88
      79
      81
      87
     120
     106
     131
     119
     149
     161
     152
     182
     176
     175
     185
     225
     216
     218
     214
     238
     233
     250
     258
     284
     238
     276
     295
     296
     295
     298
     278
     267
     263
     241
     283
     276
     241
     269
     250
     264
     226
     216
     202
     183
     198
     190
     182
     152
     166
     141
     123
     103
     111
     109
     100
     111
      88
      78
      63
      75
      54
      55
      56
      35
      33
      31
      47
      28
      26
      12
      20
      13
       9
       7
      10
      11
      10
       3
       3
       4
       3
       2
       7
       1
       2
       2
       1
       1
       1
       1
       0
       0
       1
       2
       0
       0
       0
       0
       0
       0
       0
       0
       0
       0
       0
       0
       0
       0
       0
       0
       0
       0
       0
       0
       1
       0
       0
       1
       0
       0
       0
       0
       0
       0
       0
       0
       0
       1
       0
       0
       0
       0
       0
       0
       0
       0
       0
       0
       0
       0
       0
       0
       0
       0
       0
       1
       0
       0
       1
       1
       1
       0
       0
       1
       0
       1
       0
       0
       0
       0
       1
       2
       0
       0
       1
       0
       0
       1
       0
       0
       0
       0
       0
       0
       0
       0
       0
       0
       0
       0
       1
       0
       1
       0
       1
       0
       1
       0
       1
       0
       0
       1
       0
       0
       0
       0
       0
       0
       0
       1
       0
       0
       0
       1
       0
       0
       1
       0
       0
       0
       0
       0
       2
       0
       0
       0
       1
       0
       0
       0
       0
       0
       0
       0
       0
       0
       0
       0
       0
       1
       0
       1
       0
       0
       0
       0
       0
       0
       0
       0
       0
       0
       0
       0
       0
       1
       0
       1
       0
       0
       0
       0
       0
       1
       0
       0
       0
       0
       0
       0
       0
       1
       0
       0
       0
       0
       0
       0
       0
       0
       1
       0
       0
       1
       0
       0
       0
       0
       0
       0
       0
       0
       0
       0
       0
       0
       0
       0
       0
       0
       0
       0
       1
       1
       0
       0
       0
       0
       0
       0
       0
       0
       0
       0
       1
       0
       0
       0
       0
       0
       0
       0
       0
       0
       1
       0
       0
       1
       0
       0
       0
       0
       0
       0
       0
       1
       0
       0
       0
       0
       0
       0
       0
       0
       0
       0
       0
       0
       0
       0
       0
       0
       0
       0
       0
       0
       0
       0
       0
       0
       0
       0
       2
       0
       0
       0
       0
       0
       0
       0
       0
       0
       0
       0
       0
       0
       1
       0
       0
       2
       0
       0
       0
       0
       1
       1
       0
       0
       0
       0
       0
       0
       0
       0
       0
       0
       0
       0
       0
       0
       0
       0
       0
       0
       0
       0
       1
       0
       0
       0
       0
       0
       0
       0
       0
       0
       0
       0
       1
       0
       0
       0
       0
       0
       0
       0
       0
       0
       1
       0
       0
       0
       0
       0
       0
       0
       0
       0
       0
       0
       0
       0
       0
       1
       0
       0
       0
       0
       0
       0
       0
       0
       0
       0
       0
       0
       0
       0
       0
       0
       0
       0
       0
       0
       0
       0
       0
       0
       0
       0
       0
       0
       0
       0
       0
       0
       0
       0
       0
       0
       0
       0
       0
       0
       0
       0
       0
       0
       0
       0
       0
       0
       0
       0
       0
       0
       0
       0
       0
       0
       0
       0
       0
       0
       0
       0
       0
       0
       0
       0
       0
       0
       0
       0
       0
       0
       0
       0
       0
       0
       0
       0
       0
       0
       0
       0
       0
       0
       0
       0
       0
       0
       0
       0
       0
       0
       0
       0
$ROI:
0
$PRESETS:
Real Time
200
0
$ENER_FIT:
-289.438599 1.280702
$MCA_CAL:
3
-2.894386E+002 1.280702E+000 0.000000E+000
$SHAPE_CAL:
3
0.000000E+000 0.000000E+000 0.000000E+000
