$SPEC_ID:
MEASURE 063.
$SPEC_REM:
DET# 1
DETDESC# MCB 25
AP# Maestro Version 6.05
$DATE_MEA:
08/02/2003 13:48:01
$MEAS_TIM:
185 200
$DATA:
0 1023
       0
       0
       0
       0
       0
       0
       0
       0
       0
       0
       0
       0
       0
       0
       0
       0
       0
       0
       0
       0
       0
       0
       0
       0
       0
       0
       0
       0
       0
       0
       0
       0
       0
       0
       0
       0
       0
       0
       0
       0
       0
       0
       0
       0
       0
       0
       0
       0
       0
       0
       0
       0
       0
       0
       0
       0
       0
       0
       0
       0
       0
       0
       0
       0
       0
       0
       0
       0
       0
       0
       0
       0
       0
       0
       0
       0
       0
       0
       0
       0
       0
       0
       0
       0
       0
       0
       0
       0
       0
       0
       2
       2
       2
       8
       0
       3
       1
       3
       2
       1
       4
       3
       3
       2
       4
       4
       1
       2
       3
       5
       4
       0
       3
       4
       2
       1
       2
       1
       4
       6
       2
       2
       4
       4
       2
       6
       3
       1
       4
       4
       2
       4
       3
       2
       3
       5
       1
       1
       3
       4
       2
       4
       1
       2
       2
       5
       4
       2
       1
       4
       3
       2
       4
       4
       2
       2
       3
       1
       5
       4
       2
       5
       3
       7
       2
       2
       3
       2
       1
       3
       2
       7
       5
       4
       4
       3
      11
       2
       2
       7
       4
       3
       5
       3
       4
       6
       3
       4
      11
       5
       5
       7
       2
       6
       1
       4
       4
      10
       6
       6
       2
       2
       7
       3
      10
       5
       7
       3
       9
       6
       3
       2
       0
       5
       5
       6
       3
       2
       7
       2
       5
       2
       4
       0
       4
       2
       3
       2
       8
       3
       1
       4
       0
       3
       2
       1
       1
       2
       8
       5
       2
       4
       4
       3
       1
       1
       6
       3
       1
       1
       5
       2
       4
       2
       5
       0
       3
       7
       1
       1
       2
       3
       2
       4
       2
       2
       2
       1
       0
       1
       4
       2
       3
       0
       3
       1
       1
       0
       2
       2
       1
       2
       0
       0
       2
       2
       1
       1
       4
       2
       2
       3
       0
       3
       2
       3
       5
       0
       2
       4
       1
       2
       3
       5
       1
       0
       3
       2
       1
       2
       3
       1
       2
       2
       1
       1
       5
       0
       0
       3
       1
       2
       2
       2
       3
       3
       2
       0
       3
       4
       1
       1
       0
       2
       5
       0
       2
       4
       1
       0
       3
       2
       4
       2
       5
       1
       1
       2
       1
       2
       1
       2
       0
       1
       0
       2
       3
       0
       1
       0
       1
       0
       2
       0
       2
       3
       1
       1
       0
       0
       0
       1
       0
       2
       1
       0
       2
       0
       0
       2
       1
       0
       0
       0
       2
       0
       0
       1
       0
       1
       1
       0
       0
       1
       0
       0
       0
       1
       0
       0
       0
       1
       0
       0
       0
       0
       0
       3
       0
       1
       1
       1
       0
       0
       0
       0
       0
       1
       2
       2
       1
       1
       0
       0
       0
       0
       2
       2
       1
       2
       0
       1
       0
       0
       1
       1
       2
       0
       0
       0
       1
       1
       1
       1
       0
       0
       0
       1
       2
       0
       1
       0
       2
       1
       1
       0
       2
       1
       2
       0
       1
       3
       1
       2
       0
       0
       0
       4
       1
       1
       2
       3
       2
       1
       3
       2
       0
       2
       4
       1
       1
       2
       2
       4
       2
       3
       5
       2
       3
       5
       1
       5
       1
       3
       4
       3
       7
       3
       4
       6
       9
      12
       9
       8
       7
       7
      11
       9
       8
      16
      11
       7
       7
      14
      10
      17
      13
      11
      18
      18
      15
      21
      10
      17
      23
      18
      10
      23
      14
      15
       8
      11
      14
      19
       8
      19
      12
      13
      11
      20
      10
      17
      13
       6
       9
       8
       7
       3
       4
       2
       2
       6
       4
       4
       2
       8
       4
       1
       0
       4
       3
       1
       1
       0
       0
       0
       0
       0
       1
       0
       0
       0
       2
       0
       2
       0
       0
       1
       1
       0
       0
       1
       0
       1
       0
       0
       0
       0
       0
       0
       0
       0
       0
       1
       0
       0
       0
       0
       0
       0
       0
       0
       0
       0
       0
       0
       0
       0
       1
       0
       0
       0
       0
       0
       0
       0
       0
       0
       0
       0
       0
       0
       0
       0
       0
       0
       0
       0
       1
       0
       0
       0
       0
       0
       0
       0
       0
       0
       0
       0
       0
       0
       0
       1
       0
       0
       0
       0
       0
       0
       0
       0
       0
       0
       0
       0
       0
       0
       0
       0
       0
       1
       0
       0
       0
       0
       0
       0
       0
       0
       1
       0
       0
       0
       0
       0
       0
       2
       0
       0
       0
       1
       0
       0
       0
       1
       0
       0
       0
       0
       1
       0
       0
       0
       0
       0
       0
       0
       0
       0
       0
       1
       0
       1
       0
       1
       0
       0
       0
       0
       0
       0
       1
       0
       0
       0
       1
       1
       0
       0
       0
       0
       0
       0
       0
       0
       0
       0
       0
       0
       0
       0
       0
       0
       0
       0
       0
       0
       0
       0
       0
       0
       0
       0
       0
       0
       0
       0
       0
       0
       0
       0
       1
       0
       0
       0
       0
       0
       0
       0
       0
       0
       1
       0
       0
       0
       0
       0
       0
       0
       0
       1
       0
       1
       0
       0
       0
       0
       0
       0
       0
       0
       0
       0
       0
       0
       1
       0
       0
       1
       1
       0
       0
       0
       0
       0
       0
       0
       0
       0
       0
       0
       0
       0
       0
       0
       0
       0
       0
       1
       0
       1
       0
       0
       0
       0
       0
       0
       0
       0
       1
       0
       0
       0
       0
       0
       0
       0
       0
       1
       0
       1
       1
       0
       0
       0
       0
       0
       1
       0
       0
       0
       0
       0
       0
       0
       0
       0
       0
       0
       0
       0
       0
       0
       0
       0
       0
       0
       0
       0
       1
       0
       0
       0
       0
       1
       0
       0
       0
       0
       0
       0
       0
       0
       0
       0
       0
       0
       0
       1
       0
       0
       0
       0
       0
       0
       0
       0
       0
       0
       0
       1
       0
       0
       0
       0
       0
       0
       0
       1
       0
       0
       0
       0
       0
       0
       0
       0
       0
       0
       0
       0
       0
       0
       1
       0
       0
       0
       0
       0
       1
       1
       1
       0
       0
       0
       0
       0
       0
       2
       0
       0
       0
       0
       0
       0
       0
       0
       0
       0
       0
       0
       0
       0
       0
       0
       0
       0
       0
       0
       0
       0
       0
       0
       0
       0
       0
       0
       0
       0
       0
       0
       0
       0
       0
       0
       0
       0
       0
       0
       0
       0
       0
       0
       0
       0
       0
       0
       0
       0
       0
       0
       0
       0
       0
       0
       0
       0
       0
       0
       0
       0
       0
       0
       0
       0
       0
       0
       0
       0
       0
       0
       0
       0
       0
       0
       0
       0
       0
       0
       0
       0
       0
       0
       0
       0
       0
       0
       0
       0
       0
       0
       0
       0
$ROI:
0
$PRESETS:
Real Time
200
0
$ENER_FIT:
-289.438599 1.280702
$MCA_CAL:
3
-2.894386E+002 1.280702E+000 0.000000E+000
$SHAPE_CAL:
3
0.000000E+000 0.000000E+000 0.000000E+000
