$SPEC_ID:
MEASURE 203.
$SPEC_REM:
DET# 1
DETDESC# MCB 25
AP# Maestro Version 6.05
$DATE_MEA:
08/03/2003 09:21:41
$MEAS_TIM:
170 200
$DATA:
0 1023
       0
       0
       0
       0
       0
       0
       0
       0
       0
       0
       0
       0
       0
       0
       0
       0
       0
       0
       0
       0
       0
       0
       0
       0
       0
       0
       0
       0
       0
       0
       0
       0
       0
       0
       0
       0
       0
       0
       0
       0
       0
       0
       0
       0
       0
       0
       0
       0
       0
       0
       0
       0
       0
       0
       0
       0
       0
       0
       0
       0
       0
       0
       0
       0
       0
       0
       0
       0
       0
       0
       0
       0
       0
       0
       0
       0
       0
       0
       0
       0
       0
       0
       0
       0
       0
       0
       0
       0
       0
       6
      23
      21
      21
      21
      10
      23
      18
      18
      19
      19
      14
      37
      22
      24
      16
      23
      29
      21
      18
      19
      19
      20
      29
      30
      22
      20
      24
      17
      22
      14
      17
      19
      17
      22
      27
      24
      24
      24
      22
      13
      25
      22
      17
      18
      20
      16
      30
      15
      26
      17
      19
      21
      21
      21
      31
      25
      27
      15
      18
      21
      21
      23
      16
      19
      24
      17
      23
      23
      21
      19
      20
      19
      19
      15
      19
      24
      28
      19
      23
      19
      18
      21
      19
      28
      19
      22
      16
      17
      22
      26
      25
      20
      21
      23
      24
      22
      30
      22
      22
      17
      19
      22
      19
      16
      22
      37
      19
      20
      17
      22
      30
      25
      14
      17
      22
      26
      16
      27
      22
      15
      25
      25
      23
      18
      25
      12
      22
      21
      17
      18
      23
      25
      12
      22
      21
      28
      26
      18
      27
      21
      23
      21
      28
      20
      20
      12
      28
      20
      26
      22
      16
      17
      25
      23
      17
      23
      16
      16
      17
      15
      21
      18
      18
      20
      22
      23
      22
      20
      25
      27
      24
      16
      21
      26
      19
      21
      22
      20
      20
      17
      22
      13
      21
      23
      19
      18
      26
      16
      21
      16
      22
      16
      17
      29
      18
      27
      33
      31
      20
      20
      19
      20
      17
      21
      22
      28
      26
      16
      15
      20
      18
      21
      23
      26
      23
      24
      19
      23
      23
      26
      30
      21
      22
      27
      25
      20
      13
      33
      18
      20
      32
      28
      15
      26
      28
      18
      11
       9
      13
      20
      28
      16
      18
      20
      18
      20
      17
      16
      14
      18
      16
      18
      19
      25
      14
      19
      18
      10
      17
      11
      12
      15
      20
       7
      13
      13
      13
      12
      10
      11
      10
      10
       6
       9
       4
       7
       6
      13
       8
       3
       7
       6
       6
       9
       3
       4
       6
       6
       3
       2
       5
       4
       7
       5
       2
       5
       7
       2
       2
       3
       2
       1
       6
       2
       2
       2
       2
       4
       1
       4
       4
       3
       3
       0
       1
       6
       3
       2
       3
       3
       1
       1
       2
       2
       2
       1
       4
       4
       2
       1
       4
       3
       2
       0
       6
       5
       1
       1
       4
       1
       1
       0
       0
       2
       1
       2
       3
       0
       0
       4
       1
       2
       1
       4
       3
       0
       1
       0
       2
       3
       0
       2
       3
       2
       0
       4
       4
       1
       0
       0
       1
       2
       0
       2
       1
       0
       0
       3
       2
       0
       2
       0
       2
       2
       2
       4
       4
       5
       5
       6
       1
       5
       3
       5
       4
       9
      11
      14
       5
       7
      13
      18
      23
      15
      32
      35
      37
      26
      38
      41
      45
      64
      60
      52
      58
      73
      87
      88
      91
     113
     114
     126
     128
     123
     150
     152
     148
     171
     162
     169
     182
     210
     213
     203
     224
     227
     252
     235
     226
     243
     244
     236
     277
     259
     245
     247
     238
     287
     228
     224
     223
     217
     239
     187
     210
     183
     194
     188
     194
     176
     146
     136
     133
     133
     122
     104
     109
      77
      86
      76
      90
      69
      47
      48
      54
      38
      34
      26
      28
      30
      22
      14
      19
      26
      14
      13
      11
       9
       8
       8
       4
       6
       3
       1
       1
       2
       6
       4
       0
       3
       3
       0
       0
       1
       1
       1
       2
       1
       0
       2
       1
       0
       0
       0
       0
       1
       0
       0
       0
       0
       0
       1
       1
       0
       0
       1
       1
       0
       1
       0
       2
       1
       0
       0
       0
       0
       0
       2
       0
       0
       0
       0
       1
       0
       0
       0
       0
       0
       1
       1
       0
       1
       0
       1
       0
       0
       1
       0
       0
       0
       1
       0
       0
       2
       0
       0
       0
       1
       0
       0
       0
       0
       1
       2
       0
       0
       1
       0
       1
       0
       1
       0
       0
       0
       2
       1
       0
       0
       0
       0
       0
       0
       1
       0
       0
       0
       0
       0
       0
       0
       1
       1
       0
       0
       1
       0
       0
       0
       0
       0
       0
       1
       0
       0
       1
       0
       1
       0
       0
       0
       0
       0
       0
       0
       0
       0
       0
       0
       0
       2
       0
       0
       0
       1
       0
       1
       1
       0
       0
       0
       0
       0
       1
       0
       2
       0
       0
       0
       0
       0
       0
       1
       0
       0
       0
       0
       0
       0
       1
       0
       0
       1
       1
       0
       0
       0
       1
       0
       2
       0
       0
       1
       0
       0
       0
       0
       0
       0
       0
       0
       0
       0
       1
       0
       0
       0
       0
       0
       1
       0
       0
       1
       0
       0
       0
       0
       0
       1
       0
       1
       0
       0
       0
       0
       0
       0
       0
       0
       0
       0
       0
       0
       0
       1
       0
       0
       0
       0
       0
       0
       0
       1
       0
       1
       1
       0
       1
       0
       0
       0
       0
       0
       1
       0
       0
       0
       0
       0
       1
       0
       0
       0
       0
       0
       0
       0
       0
       0
       0
       0
       0
       0
       0
       0
       0
       0
       0
       0
       0
       1
       0
       1
       0
       0
       0
       0
       0
       0
       0
       1
       0
       0
       0
       0
       0
       0
       0
       0
       0
       0
       0
       0
       1
       0
       0
       1
       0
       1
       0
       0
       0
       0
       0
       0
       0
       0
       0
       0
       0
       0
       0
       0
       0
       0
       0
       0
       0
       0
       0
       1
       0
       0
       0
       1
       0
       1
       0
       1
       0
       0
       0
       0
       0
       0
       0
       1
       0
       0
       0
       0
       0
       0
       0
       1
       0
       1
       0
       0
       0
       0
       0
       0
       0
       2
       0
       0
       0
       0
       0
       0
       0
       0
       0
       0
       0
       0
       0
       0
       0
       0
       0
       0
       0
       0
       0
       0
       0
       0
       0
       0
       0
       0
       0
       0
       0
       0
       0
       0
       0
       0
       0
       0
       0
       0
       0
       0
       0
       0
       0
       0
       0
       0
       0
       0
       0
       0
       0
       0
       0
       0
       0
       0
       0
       0
       0
       0
       0
       0
       0
       0
       0
       0
       0
       0
       0
       0
       0
       0
       0
       0
       0
       0
       0
       0
       0
       0
       0
       0
       0
       0
       0
       0
       0
       0
$ROI:
0
$PRESETS:
Real Time
200
0
$ENER_FIT:
-289.438599 1.280702
$MCA_CAL:
3
-2.894386E+002 1.280702E+000 0.000000E+000
$SHAPE_CAL:
3
0.000000E+000 0.000000E+000 0.000000E+000
