$SPEC_ID:
MEASURE 200.
$SPEC_REM:
DET# 1
DETDESC# MCB 25
AP# Maestro Version 6.05
$DATE_MEA:
08/03/2003 08:56:32
$MEAS_TIM:
169 200
$DATA:
0 1023
       0
       0
       0
       0
       0
       0
       0
       0
       0
       0
       0
       0
       0
       0
       0
       0
       0
       0
       0
       0
       0
       0
       0
       0
       0
       0
       0
       0
       0
       0
       0
       0
       0
       0
       0
       0
       0
       0
       0
       0
       0
       0
       0
       0
       0
       0
       0
       0
       0
       0
       0
       0
       0
       0
       0
       0
       0
       0
       0
       0
       0
       0
       0
       0
       0
       0
       0
       0
       0
       0
       0
       0
       0
       0
       0
       0
       0
       0
       0
       0
       0
       0
       0
       0
       0
       0
       0
       0
       0
       1
       7
       5
       0
       2
       6
       8
       5
       4
       4
       7
       6
       2
       3
       9
       5
       8
       3
       5
       1
       2
       5
       2
       6
       6
       8
       8
       3
       6
       9
       3
       6
       7
       1
      12
       4
       3
       6
       5
       8
       4
       4
      11
       3
       2
       3
       1
       9
       7
       5
       7
       2
       8
       5
       9
       4
       9
       5
       6
       9
       9
       3
       4
       9
       7
       6
       7
       5
       6
      11
       8
       7
       6
       2
       6
       4
       3
       2
      14
       6
       4
       5
       8
       5
       4
       9
       8
       4
       5
       9
       5
       5
       8
       8
      13
       3
      13
       7
       5
      13
       8
      10
       8
      11
       5
       8
       9
       4
       5
      13
       6
       9
       6
       9
       8
       2
       5
       6
       5
       4
       6
       5
       7
       6
       7
       4
       8
       6
       7
       6
       8
       7
       1
       4
       9
       6
       6
       5
       6
       2
       5
       5
       9
       9
       6
       4
       1
       6
       5
       2
       3
       4
       4
       4
       8
      12
      12
       4
       5
       6
       6
       6
       6
       3
       7
       7
       6
       1
       3
       2
       3
       8
       5
       5
       5
       7
       6
       4
       3
       6
       3
       2
       7
       5
       3
       8
       6
       9
       7
       7
       5
       6
       7
      13
       7
       5
       6
       5
       7
       3
       1
       7
       7
       8
       3
       5
       6
       4
       4
       9
       4
       9
       4
       6
       5
       9
      13
       7
       9
      10
       7
       5
       8
      12
       5
       5
       6
      11
       7
       2
       6
       6
       2
      11
       5
       4
       7
      16
       9
       7
       9
       7
       6
       5
       7
       5
       5
       7
       6
      11
       4
       6
       3
       3
       4
       4
       9
       9
       5
       7
       3
       6
       5
       6
       6
       3
       6
       3
       3
       4
       4
       5
       4
       3
       3
       4
       0
       4
       3
       2
       1
       2
       3
       2
       2
       2
       0
       2
       1
       1
       2
       1
       2
       2
       2
       2
       1
       2
       2
       0
       1
       1
       0
       2
       1
       0
       3
       4
       0
       1
       0
       1
       1
       0
       1
       2
       1
       0
       1
       0
       2
       2
       1
       3
       1
       0
       2
       1
       0
       0
       1
       2
       1
       2
       3
       3
       2
       0
       0
       0
       4
       0
       0
       0
       0
       1
       0
       1
       1
       3
       0
       0
       1
       1
       0
       0
       0
       1
       0
       3
       1
       3
       0
       1
       2
       1
       0
       0
       0
       0
       3
       1
       3
       2
       0
       1
       0
       1
       1
       1
       3
       1
       0
       2
       1
       2
       1
       0
       1
       0
       4
       2
       2
       0
       1
       1
       3
       2
       6
       2
       4
       5
       5
       8
       5
       5
       6
       7
      10
       8
       5
      13
       8
       9
      14
      10
      17
      15
      23
      16
      16
      18
      28
      27
      25
      14
      27
      19
      30
      49
      31
      29
      34
      30
      34
      34
      44
      38
      26
      43
      40
      37
      47
      33
      37
      45
      44
      30
      32
      27
      40
      26
      26
      20
      30
      35
      28
      26
      33
      30
      25
      24
      16
      17
      17
      17
      17
      10
      20
      15
      16
       8
      14
       9
      10
      11
       4
       6
       3
       4
       6
       8
       7
       0
       1
       3
       1
       4
       3
       0
       1
       1
       0
       1
       1
       1
       0
       2
       0
       1
       0
       1
       0
       1
       0
       1
       0
       0
       0
       1
       0
       0
       0
       0
       0
       1
       0
       0
       1
       0
       0
       0
       0
       0
       1
       0
       0
       0
       0
       0
       0
       0
       0
       0
       1
       0
       0
       1
       0
       0
       0
       0
       0
       0
       1
       0
       1
       0
       0
       0
       0
       1
       0
       1
       0
       0
       1
       0
       1
       0
       0
       0
       0
       0
       0
       0
       0
       0
       0
       0
       0
       0
       0
       0
       0
       1
       0
       0
       0
       0
       0
       0
       0
       0
       0
       1
       1
       0
       0
       0
       1
       0
       1
       0
       0
       0
       0
       0
       0
       0
       0
       0
       0
       0
       0
       0
       1
       0
       0
       0
       0
       0
       0
       0
       0
       0
       0
       0
       0
       0
       0
       0
       0
       1
       0
       0
       0
       0
       0
       0
       0
       0
       0
       0
       0
       0
       0
       0
       0
       0
       0
       0
       0
       0
       0
       0
       0
       0
       0
       0
       0
       0
       0
       0
       0
       0
       0
       0
       0
       0
       0
       0
       0
       0
       0
       0
       0
       0
       0
       0
       0
       0
       0
       0
       0
       1
       0
       0
       0
       0
       1
       0
       0
       0
       0
       0
       0
       0
       0
       0
       0
       0
       1
       0
       0
       2
       0
       0
       0
       0
       0
       0
       0
       0
       0
       0
       0
       0
       0
       0
       0
       0
       1
       0
       0
       0
       0
       0
       0
       0
       1
       0
       0
       0
       0
       0
       0
       0
       0
       0
       0
       0
       0
       0
       0
       0
       0
       0
       0
       0
       0
       0
       0
       0
       0
       0
       0
       0
       1
       0
       0
       1
       0
       1
       0
       0
       0
       0
       0
       0
       0
       0
       0
       0
       0
       0
       0
       0
       0
       0
       0
       0
       1
       0
       0
       0
       0
       0
       0
       0
       0
       0
       0
       0
       0
       1
       0
       1
       0
       2
       0
       0
       0
       0
       0
       0
       0
       0
       0
       0
       0
       0
       0
       1
       0
       1
       0
       2
       0
       0
       0
       0
       0
       1
       0
       0
       0
       0
       1
       0
       0
       0
       0
       0
       0
       0
       0
       0
       0
       0
       0
       0
       0
       0
       0
       0
       0
       0
       1
       0
       0
       0
       0
       0
       1
       0
       0
       0
       0
       0
       0
       0
       0
       0
       0
       0
       0
       0
       0
       0
       0
       0
       0
       0
       0
       0
       0
       0
       0
       0
       0
       0
       0
       0
       0
       0
       0
       0
       0
       0
       0
       0
       0
       0
       0
       0
       0
       0
       0
       0
       0
       0
       0
       0
       0
       0
       0
       0
       0
       0
       0
       0
       0
       0
       0
       0
       0
       0
       0
       0
       0
       0
       0
       0
       0
       0
       0
       0
       0
       0
       0
       0
       0
       0
       0
       0
       0
       0
       0
       0
       0
       0
       0
       0
       0
$ROI:
0
$PRESETS:
Real Time
200
0
$ENER_FIT:
-289.438599 1.280702
$MCA_CAL:
3
-2.894386E+002 1.280702E+000 0.000000E+000
$SHAPE_CAL:
3
0.000000E+000 0.000000E+000 0.000000E+000
