$SPEC_ID:
MEASURE 060.
$SPEC_REM:
DET# 1
DETDESC# MCB 25
AP# Maestro Version 6.05
$DATE_MEA:
08/02/2003 13:22:52
$MEAS_TIM:
185 200
$DATA:
0 1023
       0
       0
       0
       0
       0
       0
       0
       0
       0
       0
       0
       0
       0
       0
       0
       0
       0
       0
       0
       0
       0
       0
       0
       0
       0
       0
       0
       0
       0
       0
       0
       0
       0
       0
       0
       0
       0
       0
       0
       0
       0
       0
       0
       0
       0
       0
       0
       0
       0
       0
       0
       0
       0
       0
       0
       0
       0
       0
       0
       0
       0
       0
       0
       0
       0
       0
       0
       0
       0
       0
       0
       0
       0
       0
       0
       0
       0
       0
       0
       0
       0
       0
       0
       0
       0
       0
       0
       0
       0
       8
      19
      10
      19
      23
      31
      23
      23
      14
      24
      19
      24
      21
      16
      19
      33
      16
      21
      13
      19
      23
      29
      19
      13
      21
      23
      16
      16
      33
      25
      16
      26
      21
      16
      16
      27
      21
      22
      24
      15
      19
      27
      17
      19
      22
      25
      30
      23
      11
      28
      16
      24
      22
      16
      24
      23
      30
      18
      22
      20
      22
      26
      17
      17
      24
      18
      18
      21
      26
      19
      17
      24
      26
      17
      27
      22
      27
      24
      28
      19
      25
      21
      23
      19
      27
      26
      30
      25
      29
      28
      32
      27
      25
      25
      30
      25
      30
      39
      42
      35
      32
      31
      31
      39
      26
      30
      22
      36
      20
      24
      28
      20
      24
      27
      34
      24
      23
      28
      28
      27
      16
      31
      27
      28
      32
      20
      34
      21
      22
      26
      18
      25
      27
      24
      20
      19
      20
      13
      29
      20
      14
      25
      17
      19
      14
      20
      21
      23
      31
      20
      24
      26
      15
      30
      23
      24
      17
      23
      26
      20
      20
      21
      30
      25
      26
      20
      14
      16
      15
      23
      22
      25
      17
      18
      19
      24
      24
      20
      28
      18
      26
      28
      27
      25
      19
      18
      20
      21
      18
      21
      23
      22
      18
      28
      20
      32
      22
      21
      26
      30
      23
      29
      21
      19
      19
      31
      23
      20
      30
      24
      27
      28
      20
      23
      25
      26
      28
      23
      20
      27
      21
      32
      22
      22
      31
      33
      23
      22
      29
      18
      22
      28
      18
      28
      23
      16
      26
      25
      14
      18
      33
      19
      28
      31
      22
      17
      15
      14
      17
      24
      13
      24
      19
      12
      15
      16
      11
      21
      15
      10
      10
      16
      11
      10
       7
       2
       4
       9
       8
      12
       7
       6
      12
       7
      11
       6
       9
       7
       8
      12
       7
       1
       5
       8
       5
       6
       7
       1
       9
       4
       3
       5
       3
       4
       5
       8
       4
       4
       7
       6
       6
       6
       6
       1
       2
       3
       2
       4
       7
       3
       3
       2
       9
       0
       4
       6
       6
       1
       1
       1
       1
       1
       2
       4
       4
       1
       1
       2
       4
       4
       2
       0
       1
       2
       2
       1
       1
       0
       1
       1
       1
       1
       1
       2
       2
       3
       4
       2
       1
       5
       1
       3
       1
       2
       3
       8
       4
       1
       2
       2
       1
       3
       1
       1
       2
       1
       3
       4
       0
       3
       0
       2
       0
       3
       2
       4
       7
       4
       4
       5
       4
       8
       4
       7
       4
       6
      11
       8
       7
       6
       5
      14
      12
      11
      15
      24
      18
      23
      23
      27
      39
      20
      29
      54
      51
      44
      53
      57
      60
      78
      71
      83
     104
     110
     105
     126
     126
     134
     156
     152
     143
     157
     153
     162
     172
     184
     202
     193
     190
     223
     226
     242
     226
     239
     218
     233
     204
     270
     243
     231
     245
     209
     239
     208
     233
     216
     203
     196
     201
     151
     174
     188
     173
     136
     119
     121
     113
     126
     112
     112
      91
      94
      79
      68
      63
      73
      66
      47
      36
      36
      34
      26
      21
      20
      22
      15
      13
      15
      12
      11
      11
       9
       7
       4
       5
       3
       2
       3
       3
       1
       1
       3
       0
       3
       2
       0
       0
       0
       1
       0
       0
       0
       0
       0
       0
       0
       0
       1
       1
       0
       0
       0
       0
       0
       0
       0
       0
       2
       0
       0
       1
       0
       0
       0
       0
       0
       0
       0
       2
       0
       0
       0
       0
       0
       0
       0
       0
       0
       0
       0
       0
       0
       0
       0
       0
       0
       0
       0
       0
       0
       0
       0
       0
       0
       0
       0
       0
       1
       0
       0
       0
       0
       1
       1
       0
       2
       0
       1
       0
       0
       0
       0
       0
       0
       0
       0
       0
       0
       0
       0
       1
       0
       0
       0
       0
       0
       0
       0
       0
       0
       0
       0
       0
       1
       0
       0
       0
       0
       0
       1
       0
       0
       0
       0
       0
       0
       1
       0
       0
       1
       0
       0
       0
       0
       0
       0
       1
       0
       0
       0
       0
       0
       0
       0
       0
       0
       0
       0
       1
       0
       1
       0
       0
       2
       0
       0
       0
       1
       0
       0
       0
       0
       0
       1
       1
       0
       0
       0
       0
       0
       0
       0
       0
       0
       1
       0
       0
       0
       0
       0
       0
       0
       0
       0
       0
       0
       0
       0
       0
       0
       0
       1
       1
       0
       0
       0
       0
       0
       0
       0
       0
       0
       0
       0
       0
       0
       0
       0
       0
       0
       0
       0
       0
       1
       0
       0
       2
       0
       1
       0
       0
       0
       0
       1
       2
       0
       0
       0
       0
       0
       0
       0
       0
       0
       1
       0
       0
       0
       0
       0
       0
       0
       0
       0
       0
       0
       0
       0
       0
       0
       0
       0
       0
       1
       0
       0
       0
       0
       0
       2
       1
       0
       0
       1
       0
       0
       0
       0
       0
       0
       0
       0
       0
       0
       0
       0
       0
       0
       0
       0
       0
       0
       0
       0
       0
       0
       0
       0
       0
       0
       0
       0
       0
       0
       0
       0
       0
       0
       0
       0
       0
       0
       0
       0
       0
       0
       0
       0
       0
       0
       0
       0
       0
       0
       0
       0
       0
       0
       0
       0
       1
       0
       0
       0
       0
       0
       0
       1
       0
       0
       0
       0
       0
       0
       0
       0
       0
       0
       0
       0
       0
       0
       0
       0
       0
       1
       0
       0
       0
       0
       0
       0
       0
       0
       0
       0
       1
       0
       2
       0
       0
       0
       0
       0
       0
       0
       0
       0
       0
       0
       0
       0
       0
       0
       0
       0
       0
       0
       0
       0
       0
       0
       0
       0
       0
       0
       0
       0
       0
       0
       0
       0
       0
       0
       0
       0
       0
       0
       0
       0
       0
       0
       0
       0
       0
       0
       0
       0
       0
       0
       0
       0
       0
       0
       0
       0
       0
       0
       0
       0
       0
       0
       0
       0
       0
       0
       0
       0
       0
       0
       0
       0
       0
       0
       0
       0
       0
       0
       0
       0
       0
       0
       0
       0
       0
       0
       0
       0
       0
       0
       0
       0
       0
       0
       0
$ROI:
0
$PRESETS:
Real Time
200
0
$ENER_FIT:
-289.438599 1.280702
$MCA_CAL:
3
-2.894386E+002 1.280702E+000 0.000000E+000
$SHAPE_CAL:
3
0.000000E+000 0.000000E+000 0.000000E+000
