$SPEC_ID:
MEASURE 056.
$SPEC_REM:
DET# 1
DETDESC# MCB 25
AP# Maestro Version 6.05
$DATE_MEA:
08/02/2003 12:49:20
$MEAS_TIM:
184 200
$DATA:
0 1023
       0
       0
       0
       0
       0
       0
       0
       0
       0
       0
       0
       0
       0
       0
       0
       0
       0
       0
       0
       0
       0
       0
       0
       0
       0
       0
       0
       0
       0
       0
       0
       0
       0
       0
       0
       0
       0
       0
       0
       0
       0
       0
       0
       0
       0
       0
       0
       0
       0
       0
       0
       0
       0
       0
       0
       0
       0
       0
       0
       0
       0
       0
       0
       0
       0
       0
       0
       0
       0
       0
       0
       0
       0
       0
       0
       0
       0
       0
       0
       0
       0
       0
       0
       0
       0
       0
       0
       0
       0
      14
      36
      41
      31
      25
      34
      22
      34
      46
      31
      27
      36
      30
      37
      25
      37
      37
      37
      27
      27
      32
      34
      33
      36
      24
      32
      30
      36
      32
      36
      26
      26
      36
      28
      32
      32
      25
      31
      39
      19
      33
      37
      29
      39
      38
      25
      24
      28
      36
      29
      34
      35
      40
      27
      28
      28
      35
      32
      24
      32
      37
      27
      26
      25
      29
      31
      40
      41
      28
      36
      31
      30
      30
      26
      33
      43
      26
      34
      35
      33
      32
      34
      33
      32
      36
      27
      28
      32
      36
      42
      31
      41
      40
      37
      37
      32
      34
      41
      37
      44
      31
      38
      41
      28
      42
      37
      49
      42
      38
      34
      44
      33
      38
      36
      40
      35
      50
      37
      40
      26
      31
      30
      35
      38
      49
      41
      33
      37
      35
      26
      23
      32
      37
      28
      24
      32
      34
      24
      32
      36
      27
      43
      37
      33
      40
      25
      29
      30
      25
      29
      31
      30
      23
      21
      33
      28
      33
      32
      32
      40
      27
      31
      32
      30
      26
      32
      38
      25
      29
      28
      34
      32
      35
      52
      35
      34
      34
      43
      33
      30
      29
      32
      36
      36
      35
      27
      34
      32
      41
      31
      33
      37
      30
      27
      33
      28
      32
      40
      31
      28
      28
      41
      27
      37
      30
      31
      34
      30
      27
      24
      37
      36
      32
      33
      35
      28
      33
      28
      26
      38
      22
      35
      36
      22
      41
      29
      23
      28
      23
      27
      35
      29
      29
      39
      26
      41
      37
      27
      26
      39
      37
      31
      27
      29
      36
      34
      30
      26
      21
      33
      23
      25
      33
      27
      27
      29
      16
      26
      23
      25
      15
      20
      14
      18
      11
      17
      14
      13
      14
      16
      15
      13
       9
      14
      19
       6
      12
      10
      12
      10
      15
       4
       9
       3
       7
       7
      10
      10
       7
       6
       6
       4
       3
       3
       5
       9
       4
       6
       3
       5
       6
       4
       7
       8
       6
       4
       4
       8
       4
       2
       4
       4
       4
       7
       4
       4
       3
       4
       0
       2
       3
       3
       6
       1
       3
       4
       1
       5
       2
       0
       3
       3
       4
       4
       2
       0
       4
       2
       2
       6
       5
       0
       2
       6
       3
       4
       5
       2
       2
       4
       4
       5
       3
       0
       6
       1
       1
       1
       5
       1
       3
       4
       0
       6
       3
       4
       5
       1
       4
       7
       7
       3
       7
       0
       3
       6
       4
       6
       2
       7
       5
       3
       6
      10
      11
      16
      10
      13
      14
      15
      17
      17
      14
      28
      23
      30
      34
      50
      48
      40
      55
      57
      59
      70
      54
      74
      93
      77
      90
      96
     130
     127
     135
     131
     151
     138
     180
     165
     194
     217
     200
     210
     195
     224
     267
     229
     282
     298
     276
     277
     277
     286
     296
     272
     299
     293
     307
     267
     279
     333
     318
     289
     306
     310
     276
     255
     253
     286
     240
     233
     231
     227
     194
     181
     183
     156
     170
     168
     149
     119
     123
     118
     102
      93
      95
      74
      69
      57
      47
      43
      64
      31
      47
      31
      34
      25
      17
      27
      17
      15
      13
      17
       7
      11
       3
       6
       7
       3
       2
       0
       1
       3
       3
       1
       0
       2
       1
       0
       1
       0
       0
       1
       0
       0
       1
       0
       2
       1
       0
       0
       0
       0
       1
       1
       0
       0
       0
       0
       2
       0
       0
       1
       0
       1
       0
       0
       0
       1
       0
       0
       2
       0
       1
       1
       1
       0
       0
       0
       1
       1
       0
       0
       0
       0
       0
       0
       1
       0
       0
       0
       0
       0
       0
       0
       0
       0
       1
       0
       1
       0
       0
       0
       0
       0
       0
       1
       0
       1
       0
       0
       1
       0
       0
       0
       0
       0
       1
       0
       0
       0
       0
       1
       1
       0
       0
       0
       0
       0
       0
       0
       0
       1
       0
       0
       0
       0
       0
       1
       1
       0
       1
       0
       0
       0
       0
       0
       0
       0
       0
       0
       1
       0
       0
       1
       0
       1
       0
       0
       0
       0
       0
       0
       0
       0
       0
       1
       1
       0
       0
       0
       1
       0
       0
       0
       0
       1
       0
       0
       1
       0
       0
       0
       0
       1
       0
       0
       1
       0
       0
       0
       0
       0
       0
       0
       0
       0
       0
       0
       0
       0
       2
       0
       0
       1
       0
       0
       0
       0
       0
       0
       0
       0
       0
       0
       0
       0
       0
       0
       0
       0
       1
       0
       0
       0
       0
       0
       0
       0
       1
       0
       0
       0
       1
       0
       1
       0
       0
       0
       0
       0
       0
       0
       0
       0
       2
       0
       0
       0
       0
       0
       0
       0
       0
       0
       0
       1
       0
       0
       0
       0
       0
       0
       0
       0
       0
       0
       0
       0
       0
       0
       0
       0
       0
       0
       0
       1
       1
       0
       0
       0
       1
       0
       1
       1
       0
       0
       0
       1
       0
       0
       0
       1
       0
       0
       0
       0
       0
       0
       0
       0
       0
       0
       0
       0
       0
       0
       0
       0
       2
       0
       0
       0
       0
       0
       0
       0
       0
       1
       0
       0
       0
       0
       0
       0
       0
       0
       1
       0
       0
       0
       1
       0
       0
       0
       0
       0
       0
       0
       0
       0
       0
       0
       0
       0
       0
       1
       0
       0
       0
       0
       0
       0
       2
       0
       0
       0
       0
       0
       0
       0
       0
       1
       0
       0
       0
       0
       0
       1
       0
       0
       0
       0
       0
       0
       0
       0
       0
       0
       0
       0
       0
       0
       0
       0
       1
       0
       0
       0
       0
       0
       0
       0
       0
       0
       0
       0
       0
       0
       0
       0
       0
       0
       0
       0
       0
       0
       0
       0
       0
       0
       0
       0
       0
       0
       0
       0
       0
       0
       0
       0
       0
       0
       0
       0
       0
       0
       0
       0
       0
       0
       0
       0
       0
       0
       0
       0
       0
       0
       0
       0
       0
       0
       0
       0
       0
       0
       0
       0
       0
       0
       0
       0
       0
       0
       0
       0
       0
       0
       0
       0
       0
       0
       0
       0
       0
       0
       0
       0
       0
       0
       0
       0
       0
       0
       0
$ROI:
0
$PRESETS:
Real Time
200
0
$ENER_FIT:
-289.438599 1.280702
$MCA_CAL:
3
-2.894386E+002 1.280702E+000 0.000000E+000
$SHAPE_CAL:
3
0.000000E+000 0.000000E+000 0.000000E+000
