0
0
0
0
0
0
0
0
0
0
4
581
899
880
928
946
932
990
982
972
990
1041
1038
1047
1020
1108
1085
1082
1135
1150
1133
1190
1245
1265
1304
1322
1423
1433
1406
1515
1481
1609
1597
1599
1700
1713
1750
1765
1776
1820
1860
1863
1836
1860
1860
1917
1881
1924
1931
2030
2006
1948
2008
1997
1926
2117
2020
2124
2043
2053
1975
2003
2061
2034
2036
2020
2105
2076
2007
2059
2019
2018
1938
2167
2084
2061
2029
2233
2243
2204
2308
2414
2482
2484
2516
2509
2517
2529
2412
2427
2351
2210
2290
2139
2047
1999
1979
1946
1942
1913
1855
1831
1787
1790
1789
1865
1820
1726
1780
1694
1671
1677
1635
1596
1591
1633
1658
1580
1544
1540
1511
1535
1483
1544
1424
1413
1395
1427
1355
1386
1388
1309
1318
1361
1347
1342
1323
1289
1275
1334
1281
1303
1233
1268
1294
1305
1202
1240
1268
1248
1194
1166
1159
1159
1106
1086
1101
1046
1015
997
942
946
861
848
855
842
753
780
710
743
701
664
621
632
587
549
591
580
600
574
510
582
569
514
535
512
497
462
523
538
489
470
506
438
441
490
449
418
448
419
449
432
417
415
426
415
423
417
426
433
446
443
444
419
417
405
424
434
449
398
444
419
412
467
491
491
450
537
595
627
630
679
855
919
1063
1329
1440
1732
1942
2258
2537
2984
3110
3508
3920
4212
4598
5018
5139
5393
5553
5829
5841
5694
5640
5592
5233
4976
4834
4377
3996
3605
3138
2760
2330
2032
1753
1431
1226
1055
844
662
544
479
411
338
298
271
231
201
223
199
162
184
178
175
200
200
178
190
192
184
194
158
189
188
137
193
162
166
202
173
177
192
168
187
170
174
180
157
171
165
159
158
166
164
177
140
188
167
163
152
187
167
173
165
175
175
192
170
165
154
171
180
157
172
178
167
159
122
171
186
144
178
168
153
155
173
176
172
133
189
200
173
166
173
169
166
143
160
166
136
164
179
184
151
162
182
151
143
181
181
144
189
168
164
186
183
186
179
179
168
170
202
160
176
168
179
184
188
163
167
197
177
175
172
160
174
156
173
170
159
168
193
179
184
169
166
152
178
191
169
183
156
206
178
186
158
184
198
160
199
188
182
173
181
179
196
160
171
187
187
183
170
193
193
210
175
180
200
193
199
163
182
164
192
192
181
165
186
221
189
196
194
185
180
202
180
223
211
205
225
214
191
230
201
213
191
214
232
201
222
196
185
186
207
216
215
240
217
206
235
198
227
239
241
221
214
201
184
201
184
179
200
191
197
215
168
172
153
170
149
168
147
182
155
126
126
108
150
137
124
117
97
95
113
85
86
84
85
82
75
73
88
67
71
72
73
77
79
55
54
51
54
53
46
49
44
46
53
50
45
51
41
53
34
31
49
39
39
37
41
29
42
26
31
31
30
31
30
29
32
22
27
22
29
27
16
28
26
18
36
27
33
32
41
35
50
45
38
51
45
68
71
92
89
84
96
98
123
144
133
179
209
214
236
254
300
362
342
369
397
482
508
548
543
543
614
621
668
639
675
673
685
719
711
763
777
707
752
698
642
626
663
636
613
593
571
491
486
465
430
409
367
335
269
266
256
238
178
200
167
156
139
109
93
96
74
70
63
48
35
38
40
32
22
25
26
20
21
14
9
11
6
7
8
10
6
12
10
6
4
6
5
9
9
8
8
4
6
7
8
3
2
9
9
12
6
9
8
9
7
4
7
12
9
7
9
12
7
8
10
6
12
14
7
8
12
10
6
7
5
6
11
12
5
4
7
9
7
10
4
2
5
5
7
7
7
4
3
6
6
4
6
1
3
4
3
1
3
3
1
2
2
1
2
4
3
8
1
1
2
4
2
1
2
2
1
2
0
4
1
0
2
0
2
1
2
0
1
3
1
1
0
2
1
4
1
2
1
4
3
1
1
2
1
3
0
0
0
1
0
3
2
0
2
3
1
1
1
0
0
1
2
5
0
2
1
1
3
0
1
2
3
3
0
0
0
3
2
1
2
2
1
0
4
1
1
2
1
2
2
0
2
2
1
2
3
1
3
3
4
2
1
4
1
4
1
0
0
1
5
1
0
2
2
2
2
3
2
3
2
6
1
3
7
1
3
2
1
0
2
1
1
3
2
5
4
1
4
2
0
0
2
0
2
0
0
1
2
1
1
1
0
1
4
2
1
1
1
1
2
1
1
0
0
1
1
1
0
0
1
1
0
1
0
1
1
0
1
2
0
0
0
2
1
0
0
1
0
1
0
1
0
0
1
0
1
0
1
1
0
0
1
1
1
0
1
0
0
0
0
0
0
0
0
0
0
0
0
0
0
0
0
0
0
0
0
0
0
0
0
0
0
0
0
0
0
0
0
0
0
0
0
0
0
0
0
0
0
0
0 
