0
0
0
0
0
0
0
0
0
0
0
661
1198
1172
1107
1174
1290
1279
1238
1317
1299
1316
1403
1343
1416
1504
1576
1651
1579
1750
1851
1834
1887
1945
1973
2080
2070
2172
2163
2199
2238
2160
2318
2325
2278
2269
2350
2349
2358
2390
2508
2500
2531
2502
2603
2493
2596
2431
2539
2477
2555
2476
2500
2537
2472
2415
2666
2506
2470
2592
2566
2640
2820
2891
2991
3053
3120
3166
3111
3045
2962
2892
2787
2709
2679
2571
2402
2350
2410
2303
2312
2254
2160
2181
2148
2149
2129
2097
2019
2032
2050
2021
1912
1940
1897
1882
1891
1833
1771
1793
1756
1730
1787
1676
1660
1603
1645
1578
1604
1603
1580
1608
1526
1570
1483
1542
1519
1530
1538
1447
1406
1468
1437
1460
1321
1352
1289
1223
1145
1134
1124
1085
1005
995
891
855
873
768
799
792
769
776
768
716
711
661
644
630
630
603
636
604
645
595
538
578
559
568
578
535
546
517
516
530
521
523
512
514
536
548
515
541
562
522
517
493
479
519
522
553
567
559
580
601
621
662
797
847
949
1200
1379
1730
1925
2342
2818
3202
3828
4286
4809
5195
5663
6439
6408
6825
6820
6968
6999
6519
6375
5864
5519
4838
4243
3593
3151
2554
2086
1622
1342
1034
834
700
540
464
384
316
289
261
232
227
233
205
230
192
206
204
211
238
192
205
212
247
232
200
214
236
237
185
236
178
209
197
218
204
194
210
200
218
193
193
222
174
192
203
188
185
189
203
189
213
204
195
232
197
180
189
205
207
185
198
205
201
223
199
218
198
231
180
203
193
193
223
210
205
194
209
211
208
190
195
177
192
189
195
195
212
229
214
220
218
228
200
220
204
216
196
201
200
228
186
195
195
205
233
219
207
186
206
201
197
199
191
210
198
203
219
233
209
213
200
218
205
216
224
218
214
224
226
220
220
207
207
235
223
213
195
248
245
225
218
234
220
235
251
224
227
214
233
225
247
237
253
247
246
226
248
230
265
238
243
269
220
257
263
248
276
282
276
266
246
270
264
264
235
282
251
275
249
269
238
257
205
220
232
238
258
208
228
220
205
188
186
189
189
208
189
181
163
168
147
146
130
120
126
116
97
96
85
91
94
92
91
77
73
77
84
67
77
65
66
73
60
53
54
49
40
51
54
42
52
49
36
57
45
39
44
36
31
31
38
26
37
38
43
30
33
37
33
39
30
40
31
38
46
42
54
56
68
95
78
105
107
118
144
164
189
210
239
270
291
303
394
414
467
497
528
601
577
702
716
732
761
794
793
858
868
842
932
887
852
875
784
810
749
747
714
645
595
566
514
469
419
318
342
305
255
229
224
179
169
144
111
112
86
70
70
44
47
45
31
17
19
15
20
18
16
14
15
10
16
17
9
8
8
7
10
12
8
9
4
10
6
7
10
7
16
7
11
12
23
11
9
6
9
13
14
18
5
13
17
7
11
11
11
13
12
8
11
10
6
7
9
11
9
13
9
7
4
6
4
6
8
6
3
1
7
8
8
4
5
0
4
4
5
4
2
4
1
6
4
3
3
3
4
3
0
0
1
4
1
2
4
1
8
4
6
5
5
2
3
1
3
2
3
8
3
2
3
4
1
0
4
4
2
0
5
2
1
2
1
0
1
1
1
1
0
0
1
1
4
1
4
1
1
0
2
3
2
3
0
1
0
5
0
0
2
1
2
2
4
3
2
2
2
3
1
3
2
3
3
5
4
2
4
4
3
5
4
5
3
5
3
3
3
3
0
2
3
5
3
2
2
4
2
3
4
2
2
3
3
7
3
1
5
0
0
2
3
1
1
3
4
0
1
0
1
1
0
0
1
2
1
2
0
0
1
3
2
1
0
1
1
1
0
0
0
1
0
0
0
0
3
0
0
0
1
0
1
0
1
0
1
0
0
0
1
0
1
0
1
0
0
2
1
1
1
0
0
4
0
0
1
1
0
0
0
1
2
0
0
0
0
2
0
1
2
1
2
0
1
0
0
2
0
0
0
0
1
0
0
1
0
2
2
2
0
0
0
1
3
2
0
0
0
1
1
2
1
2
0
3
1
0
1
1
1
0
2
0
0
1
0
1
0
0
1
1
1
1
1
3
1
0
2
0
1
1
0
1
1
0
3
0
0
1
1
0
0
1
2
2
2
0
1
2
0
2
2
1
1
0
2
1
1
1
0
3
2
0
0
0
0
0
0
0
1
0
1
0
0
0
1
1
0
0
0
0
0
1
1
1
0
0
2
0
1
0
0
0
2
0
0
0
0
0
1
1
0
1
0
0
0
0
0
0
0
0
0
0
0
0
0
0
0
0
0
0
0
0
0
0
0
0
0
0
0
0
0
0
0
0
0
0
0
0
0
0
0
0
0
0
0
