0
0
0
0
0
0
0
0
0
0
8
545
893
998
950
997
998
1046
1014
1023
1016
1093
1068
1051
1072
1073
1027
1100
1041
1056
1124
1096
1155
1080
1141
1166
1199
1152
1228
1248
1345
1326
1356
1372
1447
1446
1508
1538
1608
1554
1594
1638
1664
1639
1728
1826
1746
1796
1745
1798
1808
1840
1824
1901
1970
1945
2001
2009
1980
2015
1971
2125
2048
2113
2113
2200
2002
2068
2047
2150
2082
2039
2113
2095
2105
2182
2074
2176
2150
2145
2169
2138
2241
2205
2329
2404
2424
2395
2452
2562
2492
2550
2644
2658
2603
2715
2554
2506
2601
2393
2406
2437
2382
2388
2265
2166
2163
2095
2117
2104
1990
2095
2027
2054
1970
2001
1881
1899
1911
1950
1828
1933
1799
1903
1847
1856
1830
1802
1741
1700
1701
1787
1698
1666
1764
1660
1648
1601
1620
1543
1561
1575
1561
1645
1526
1501
1491
1500
1560
1467
1409
1434
1445
1461
1381
1411
1437
1447
1353
1333
1400
1391
1363
1358
1327
1317
1296
1344
1342
1327
1323
1285
1191
1222
1176
1217
1165
1106
1119
1034
989
973
957
975
917
864
827
855
788
774
739
731
708
727
717
680
658
676
647
673
623
607
636
636
632
596
596
549
583
604
612
566
584
576
541
527
569
568
543
505
557
491
484
529
499
533
529
511
467
513
497
499
487
499
504
481
487
494
507
502
502
504
517
533
559
554
570
614
616
721
746
771
797
848
949
1032
1084
1237
1351
1615
1799
1953
2177
2427
2692
2990
3315
3599
3864
4137
4356
4679
4957
5149
5493
5535
5598
5775
5822
5818
5545
5505
5402
5211
4858
4540
4214
3831
3610
3218
2936
2618
2318
2055
1775
1519
1304
1064
919
780
663
514
448
430
384
312
265
276
233
230
214
211
197
240
202
196
201
201
186
225
203
221
210
193
200
180
211
168
187
168
204
188
217
204
189
170
176
177
185
209
211
185
188
156
200
168
188
185
186
163
175
213
182
181
182
187
193
190
190
200
153
197
173
168
180
191
169
209
176
177
155
180
169
181
232
180
177
142
193
169
147
195
166
183
180
179
181
192
161
211
182
197
194
171
187
195
177
187
176
192
160
161
184
178
196
172
179
201
189
173
187
190
183
168
179
196
188
201
195
182
182
191
184
198
181
197
171
179
187
201
180
180
193
192
184
183
172
179
194
173
177
194
190
193
188
174
189
188
188
162
181
185
162
199
190
204
216
196
177
176
170
180
203
185
186
197
193
178
188
189
197
196
217
180
202
204
202
236
187
203
196
203
186
202
210
198
200
205
206
209
180
214
185
200
189
225
217
232
193
208
185
207
192
221
199
214
202
195
235
231
226
220
219
191
208
225
192
218
196
216
217
251
198
232
225
239
211
194
204
182
208
227
195
202
216
246
210
208
215
210
197
217
212
221
216
220
220
165
191
222
193
204
199
195
183
172
190
182
175
151
142
148
152
158
150
146
149
127
134
120
112
111
113
106
96
112
108
92
99
83
79
71
68
82
90
76
60
68
63
63
85
68
49
60
51
56
49
48
40
60
46
56
42
48
48
51
45
46
48
44
50
39
41
31
52
32
25
29
41
43
33
46
41
31
41
47
39
40
49
51
44
57
55
63
71
63
64
66
87
89
74
94
87
106
117
121
141
118
148
150
166
181
179
188
190
222
243
274
263
334
308
314
360
366
420
423
437
494
536
503
530
542
600
637
595
620
660
642
651
721
690
723
716
672
722
706
665
676
692
639
628
625
574
602
546
525
509
498
464
443
402
382
377
346
341
298
282
281
231
208
199
167
153
154
139
108
128
83
82
63
58
50
53
46
41
33
22
25
24
24
23
11
15
8
10
8
15
13
14
11
12
8
10
4
6
4
8
3
5
13
7
8
5
7
8
8
7
12
5
12
7
11
7
7
10
8
9
15
13
9
14
6
12
16
11
10
9
6
10
12
4
6
6
9
6
10
12
10
11
9
4
10
9
10
6
7
9
10
4
3
8
10
4
12
4
3
8
5
3
5
5
5
5
4
3
3
4
8
10
5
5
5
8
5
10
1
6
3
6
5
7
4
3
2
2
2
2
1
3
2
3
3
2
4
1
3
3
2
5
3
8
4
0
1
6
6
1
0
2
1
3
2
3
0
2
0
6
3
0
1
1
3
2
1
3
2
1
1
0
0
3
2
1
0
0
2
5
3
1
3
2
1
1
2
1
2
1
0
2
1
2
1
1
1
2
1
4
3
3
2
0
1
1
1
2
0
0
1
3
1
2
1
1
2
1
2
4
2
2
5
1
3
2
3
2
2
1
1
4
3
1
5
4
1
0
7
1
1
3
3
3
0
0
0
0
0
0
0
0
0
0
0
0
0
0
0
0
0
0
0
0
0
0
0
0
0
0
0
0
0
0
0
0
0
0
0
0
0
0
0
0
0
