0
0
0
0
0
0
0
0
0
0
1
4269
8232
8423
8788
8786
8738
8621
8617
9081
9938
10746
10322
9470
8546
7876
7618
7505
7034
6700
6289
6139
5892
5638
5503
5437
5295
5017
4678
3893
3375
2918
2613
2466
2192
2213
2006
1916
1884
1908
1873
1789
1862
1926
2147
2989
5102
9486
15786
21320
24700
22326
16143
9263
4379
2091
1016
823
764
773
762
747
738
733
732
745
708
704
739
706
699
698
674
691
732
636
721
706
679
744
762
740
733
741
726
727
754
786
754
758
743
778
795
790
804
775
805
864
851
853
907
857
900
885
944
924
870
830
703
646
565
508
413
335
317
279
263
211
213
163
128
150
103
109
112
137
165
213
329
505
835
1167
1677
2266
2727
2981
3103
2780
2549
1998
1369
952
539
340
177
129
67
34
26
35
25
23
34
40
42
46
56
57
42
28
43
22
19
15
18
17
8
11
12
8
7
13
7
8
10
11
6
3
9
6
3
7
9
10
5
5
8
8
8
10
9
13
11
12
13
13
14
8
9
8
6
2
3
7
2
0
3
4
3
3
2
3
2
1
4
3
5
5
1
4
3
1
6
5
5
1
0
3
2
2
5
1
4
5
5
2
2
2
5
8
3
3
4
4
2
4
3
2
0
1
0
1
0
1
2
2
2
0
1
1
2
2
2
1
0
2
3
1
1
0
2
1
1
0
2
3
1
2
2
3
4
2
4
2
1
4
2
6
1
2
2
0
3
1
1
0
0
0
1
0
0
0
0
0
0
0
0
0
0
0
0
0
0
0
1
0
0
0
0
0
0
0
0
0
0
0
0
0
0
0
0
0
0
0
0
1
0
0
0
0
0
0
0
0
0
0
0
0
0
1
0
0
0
0
0
0
0
0
0
0
0
0
0
0
0
0
0
0
0
0
0
0
0
0
0
0
0
0
0
0
0
0
0
0
0
0
0
0
0
1
0
0
0
0
0
0
0
0
0
0
1
0
0
0
0
0
1
0
0
0
0
0
0
0
1
0
0
0
0
0
0
0
0
0
0
0
0
0
0
0
0
0
0
0
0
0
0
0
0
0
0
0
0
0
0
0
0
0
0
0
0
0
0
0
0
0
0
0
0
0
0
0
0
0
0
0
0
0
1
0
0
0
0
0
0
0
0
1
0
0
0
0
0
0
0
0
0
0
0
0
0
0
0
0
0
0
0
0
1
0
0
0
0
0
0
0
0
0
0
0
0
0
0
0
0
0
0
0
0
0
0
0
0
0
0
0
0
0
0
0
0
0
0
0
0
0
0
0
0
0
0
0
0
0
0
0
0
0
0
0
0
0
0
0
0
0
0
0
0
0
0
0
0
0
0
0
0
0
0
0
0
0
0
0
0
0
0
0
0
0
0
0
0
0
0
0
0
0
0
0
0
0
0
0
0
0
0
0
0
0
1
0
0
0
0
0
0
0
0
0
0
0
0
0
0
0
0
0
0
0
0
0
0
0
0
0
0
0
0
1
0
0
0
0
0
0
0
0
0
0
0
0
0
0
0
0
0
0
0
0
0
0
0
0
0
0
0
0
0
0
0
0
0
0
0
0
0
0
0
0
0
0
0
0
0
0
0
0
0
0
0
0
0
0
0
0
0
0
0
0
0
0
0
0
0
0
0
0
0
0
0
0
0
0
0
0
0
0
0
0
0
0
0
0
0
0
0
0
0
0
0
0
0
0
0
0
0
0
0
0
0
0
0
0
0
0
0
0
0
0
0
0
0
0
0
0
0
0
0
0
0
0
0
0
0
0
0
0
0
0
0
0
0
0
0
0
0
0
0
0
0
0
0
0
0
0
0
0
0
0
0
0
0
0
0
0
0
0
0
0
0
0
0
0
0
1
0
0
0
0
0
0
0
0
0
0
0
0
0
0
0
0
0
0
0
0
0
0
0
0
0
0
0
0
0
0
0
0
0
0
0
0
0
0
0
0
0
0
0
0
0
0
0
0
0
0
0
0
0
0
0
0
0
0
0
1
0
0
0
0
0
0
1
0
0
0
0
0
0
0
0
0
0
0
0
0
0
0
0
0
0
0
0
0
0
0
0
0
0
0
0
0
0
0
0
1
0
1
0
0
0
0
0
0
0
0
0
0
0
0
0
0
0
0
0
1
0
0
0
0
0
0
0
0
0
0
0
0
0
0
0
0
0
0
0
0
0
0
0
0
0
0
0
0
0
0
0
0
0
0
0
1
0
0
0
0
0
0
0
0
0
0
0
0
0
0
0
0
0
0
0
0
0
0
0
0
0
0
0
0
0
0
0
0
0
0
0
0
0
0
0
0 
