0
0
0
0
0
0
0
0
0
0
2
801
1390
1496
1501
1568
1520
1552
1504
1521
1553
1470
1615
1602
1639
1643
1725
1757
1767
1961
2029
2040
2071
2135
2270
2309
2300
2362
2411
2541
2599
2631
2584
2730
2723
2860
2766
2903
2853
2856
2923
2936
2927
3052
2990
2978
3123
2968
3066
2954
3011
3011
3084
3057
3035
3141
3213
3324
3394
3645
3651
3607
3645
3732
3596
3567
3578
3451
3379
3248
3238
3177
3061
2937
2874
2842
2840
2880
2838
2766
2755
2623
2613
2652
2598
2605
2666
2428
2509
2457
2323
2386
2266
2257
2210
2277
2160
2236
2150
2145
2114
2057
2146
2028
2110
2038
2020
1997
1996
2015
1955
1968
1946
1910
1944
1858
1831
1751
1707
1676
1649
1643
1548
1475
1436
1312
1269
1245
1180
1168
1076
1084
981
971
971
946
902
914
893
915
886
822
837
815
834
828
803
807
740
776
777
744
753
724
732
726
713
722
769
722
705
766
785
658
693
733
758
757
745
813
853
880
974
1028
1155
1291
1458
1752
1985
2325
2719
3144
3644
4253
4795
5504
6013
6639
7246
7631
7828
8156
8142
8058
7925
7591
7148
6441
5933
5257
4545
3969
3208
2549
2080
1677
1420
1011
867
700
592
478
408
372
343
290
266
284
261
276
260
248
269
265
265
262
312
290
263
297
280
240
262
272
271
251
265
250
253
275
252
247
278
245
255
288
252
256
274
243
250
238
251
228
231
248
291
256
235
239
238
254
236
279
271
255
266
247
252
225
252
275
235
256
244
273
237
240
239
254
253
287
295
282
241
276
262
241
280
253
284
273
286
272
278
254
267
279
269
232
274
235
258
280
281
253
251
275
282
250
246
286
260
262
277
264
262
297
271
283
264
258
265
280
271
269
251
282
314
250
294
302
296
269
280
274
268
295
320
286
290
305
308
294
315
246
290
322
289
301
334
259
296
302
318
310
268
307
311
311
297
333
326
291
295
280
307
305
338
309
331
314
314
279
311
290
306
284
312
285
303
286
247
287
277
259
292
267
254
238
207
222
213
196
182
210
182
203
142
174
124
141
121
113
128
117
131
100
96
84
87
79
85
102
71
72
78
78
90
68
80
59
49
62
64
52
65
58
59
50
57
53
61
57
54
67
83
76
71
65
75
66
78
105
104
114
111
120
143
147
186
178
228
230
241
253
269
323
387
365
406
440
477
547
602
636
701
744
799
798
846
934
886
949
982
966
984
987
1005
1011
905
916
897
890
854
809
712
765
656
577
553
467
420
388
343
300
266
234
208
136
125
154
107
91
63
72
48
39
32
30
25
22
19
21
12
18
9
10
11
13
11
12
11
7
11
10
10
10
6
13
8
10
17
6
11
13
6
18
28
15
21
9
17
11
13
11
11
17
21
8
10
17
9
9
6
10
9
10
7
9
15
6
10
7
7
5
5
7
4
7
4
3
3
3
4
3
4
5
3
6
6
4
4
3
1
8
4
4
9
2
4
5
6
3
4
4
2
4
4
2
3
0
1
4
1
1
2
2
10
10
2
5
4
5
2
3
4
4
7
2
2
5
3
1
1
2
0
4
3
1
5
1
2
2
2
2
2
2
2
4
3
0
6
1
7
6
1
2
3
1
5
3
2
4
1
3
1
5
2
7
3
6
0
1
4
4
7
4
5
8
4
3
4
7
4
7
4
7
3
1
2
4
5
5
0
3
5
1
3
1
2
3
4
1
1
3
3
1
1
0
1
1
3
0
3
3
0
1
2
0
0
2
0
2
0
1
1
1
0
0
1
3
1
0
2
0
0
1
0
0
0
2
1
1
2
0
2
0
0
0
0
1
2
1
0
0
1
0
0
1
1
1
1
1
1
1
1
0
0
0
1
0
2
0
0
1
3
4
3
1
1
1
1
2
1
0
2
2
0
0
2
1
1
1
0
3
0
2
1
0
0
0
2
1
1
2
0
3
0
0
2
0
1
1
0
1
1
0
1
1
1
0
1
0
1
1
1
1
0
0
1
0
0
2
3
1
0
1
1
0
0
0
0
1
0
0
2
0
0
0
0
0
0
0
0
1
0
2
1
3
0
0
1
2
0
0
1
0
1
1
1
1
0
1
0
0
0
0
0
0
1
0
0
1
1
0
0
1
0
1
0
1
0
0
1
0
1
1
0
0
0
1
0
0
0
0
0
0
1
1
0
0
1
1
2
1
0
0
1
1
0
1
0
0
0
0
0
0
0
1
0
0
2
1
1
0
1
1
1
0
0
0
0
1
1
0
1
1
1
0
1
0
0
1
1
0
1
1
0
0
2
0
0
0
0
0
0
0
0
0
0
0
0
0
0
0
0
0
0
0
0
0
0
0
0
0
0
0
0
0
0
0
0
0
0
0
0
0
0
0
0
0
