0
0
0
0
0
0
0
0
0
0
0
781
1456
1468
1480
1522
1604
1619
1594
1554
1699
1779
1800
1885
1994
2051
2202
2271
2262
2438
2450
2437
2530
2619
2629
2743
2763
2759
2761
2705
2873
2977
2911
2998
2987
2957
2928
2837
2881
2876
2954
2952
2984
3067
2969
2939
2906
3015
2940
3076
3238
3319
3376
3464
3588
3717
3719
3561
3501
3337
3309
3108
2977
2871
2794
2703
2706
2617
2547
2632
2512
2557
2436
2488
2424
2320
2276
2267
2414
2170
2237
2142
2037
2098
2119
1976
2001
1942
1958
1935
1881
1918
1855
1763
1819
1752
1743
1851
1816
1781
1718
1737
1724
1669
1665
1636
1506
1457
1326
1276
1265
1174
1096
1086
995
1076
961
929
875
867
858
837
786
788
727
733
736
676
746
679
734
662
714
648
669
622
615
624
612
682
619
636
624
577
628
598
590
616
603
586
579
626
670
676
729
755
865
903
1140
1331
1636
2128
2579
3115
3761
4272
5131
5802
6324
7178
7633
7986
8221
8266
8006
7655
6992
6305
5501
4760
3897
3191
2541
1962
1488
1187
885
657
552
437
353
336
330
266
260
274
266
255
244
260
262
246
252
245
231
262
265
229
264
262
231
242
257
266
249
214
237
221
232
235
228
214
215
244
226
218
215
218
227
197
250
269
241
249
245
271
253
256
259
228
254
239
232
263
232
220
242
240
239
240
245
223
222
285
226
224
252
259
247
241
280
234
244
214
274
242
229
237
248
234
238
229
230
258
237
243
240
253
262
241
246
236
269
277
248
238
253
235
248
246
234
256
252
262
257
254
234
277
250
280
269
256
272
257
255
270
276
259
262
256
273
292
278
261
297
261
306
285
271
301
294
315
316
316
327
331
329
311
320
304
285
335
330
288
290
282
304
292
290
291
275
270
271
259
274
242
261
253
273
236
189
165
191
190
165
146
146
170
131
141
132
125
111
125
94
101
106
88
90
67
66
67
62
62
64
60
61
63
65
55
55
40
46
45
38
44
44
41
53
35
35
44
45
47
38
33
32
40
36
44
42
52
66
66
62
73
88
117
144
148
185
218
224
289
321
402
441
489
527
608
651
729
779
857
841
939
1003
985
1088
1033
996
1087
991
950
883
861
900
810
713
625
595
537
479
437
375
348
270
244
215
160
156
103
124
85
60
75
48
40
31
25
28
18
23
19
17
14
10
8
9
6
11
11
9
7
15
10
11
12
10
8
10
16
11
11
18
16
9
21
20
16
14
15
13
19
11
11
7
10
16
11
13
12
11
13
10
7
9
8
9
5
4
7
7
6
3
4
4
5
3
7
5
2
6
7
5
4
3
3
4
3
3
5
3
4
1
1
0
5
1
2
3
3
1
1
3
2
2
0
1
3
2
1
0
2
3
1
7
0
6
3
3
2
4
3
2
3
2
2
4
2
2
3
2
2
3
1
0
1
1
5
2
5
0
4
3
2
3
2
1
3
1
2
4
3
1
2
1
3
6
2
3
4
4
6
5
2
8
4
2
2
2
3
2
3
6
2
3
4
1
1
3
1
2
0
2
0
3
0
1
0
1
2
1
2
3
2
0
4
0
1
1
1
0
3
1
1
0
0
0
2
1
0
0
0
0
2
0
1
0
0
1
0
0
1
0
0
1
0
0
1
2
1
1
0
2
1
1
1
0
0
0
0
1
0
1
1
0
2
2
0
0
2
3
1
0
1
2
1
1
1
1
1
0
0
1
1
2
1
1
1
0
0
4
0
1
1
1
1
1
0
2
2
0
0
0
1
2
0
1
0
0
0
0
2
0
1
0
0
0
0
1
0
0
1
3
0
1
0
2
0
2
0
0
2
1
1
1
1
1
0
0
0
0
0
2
1
0
2
0
0
3
2
0
0
0
1
0
1
1
0
0
1
3
1
2
0
0
1
0
0
0
1
0
1
1
0
0
0
0
0
1
0
1
0
0
0
0
1
0
2
0
0
1
1
1
0
1
1
0
0
0
1
2
0
0
2
0
0
1
1
0
0
0
0
0
0
0
1
0
0
0
3
0
1
0
0
0
0
0
0
1
1
2
3
0
0
1
2
1
1
1
0
0
3
0
1
3
2
3
1
1
0
3
0
1
1
1
0
1
4
0
4
1
0
0
0
1
1
0
0
1
0
0
0
0
0
1
3
0
1
0
0
1
0
0
1
1
0
0
0
0
0
0
0
0
0
0
1
0
0
0
0
0
0
0
0
0
0
1
0
1
0
0
0
0
0
0
0
0
0
0
0
0
1
0
0
0
0
0
0
0
0
0
0
0
0
0
0
0
0
0
0
0
0
0
0
0
0
0
0
0
0
0
0
0
0
0
0
0
0
0
0
0
0
0
0
0
0
0
0
0
9 
