0
0
0
0
0
0
0
0
0
0
0
756
1346
1415
1454
1451
1437
1507
1571
1572
1585
1645
1800
1842
1845
1872
1985
2119
2177
2226
2347
2394
2448
2429
2509
2612
2613
2656
2598
2662
2630
2736
2767
2833
2842
2816
2894
2810
2855
2846
2822
2792
2849
2810
2938
2907
2794
2821
2841
2881
2944
2951
3004
3103
3227
3360
3425
3594
3588
3513
3574
3301
3219
3123
2976
2925
2794
2709
2664
2561
2624
2465
2339
2412
2376
2398
2362
2400
2300
2236
2204
2147
2198
2077
2071
2150
2064
1992
1968
1934
1993
1855
1825
1906
1851
1801
1834
1893
1766
1802
1692
1748
1716
1727
1667
1686
1642
1584
1539
1483
1515
1402
1362
1236
1240
1157
1003
1041
1034
930
939
922
852
826
841
758
786
776
724
696
730
656
675
620
714
627
670
629
623
631
621
614
577
648
609
582
626
598
640
597
590
623
593
580
607
585
593
617
642
642
756
836
892
1142
1293
1601
1854
2329
2867
3399
3942
4681
5531
6029
6727
7194
7788
7948
7843
7875
7617
7249
6711
6023
5179
4249
3724
2891
2346
1820
1384
1059
812
646
466
387
342
286
291
277
252
234
254
260
246
263
267
257
260
266
240
228
255
266
261
255
273
240
282
232
215
243
235
243
226
250
225
240
216
215
235
197
203
223
202
234
234
235
247
217
233
248
221
218
212
249
226
216
217
224
227
225
262
245
217
242
219
257
241
234
229
237
244
268
253
236
244
210
227
219
222
239
238
260
263
240
265
226
225
216
225
248
274
229
238
240
252
229
263
258
242
274
241
236
279
258
222
231
232
241
240
237
279
245
248
263
265
275
250
263
286
265
244
258
247
270
277
250
276
279
271
276
296
253
270
269
232
302
304
291
287
297
304
284
291
303
317
290
311
281
270
317
305
259
305
258
272
276
267
270
244
258
270
273
242
255
222
222
235
190
190
174
182
175
149
156
133
154
125
134
129
107
102
119
94
112
100
80
93
79
78
84
67
75
67
58
71
64
55
48
40
52
50
50
38
44
42
38
34
46
32
31
44
34
47
38
42
44
49
44
54
60
64
57
71
75
91
92
134
140
166
180
182
259
287
317
343
441
476
531
586
638
744
759
826
843
916
975
990
1032
995
1003
1064
962
964
955
920
872
750
754
674
659
535
468
432
382
310
271
259
210
164
170
136
115
86
76
59
37
53
29
31
22
24
21
11
10
12
15
9
13
16
6
6
12
9
10
8
9
10
13
12
10
10
16
15
15
9
11
12
16
10
15
13
14
10
13
13
19
13
8
12
13
12
13
17
15
11
9
13
10
3
7
6
2
2
5
8
5
2
4
8
7
5
4
4
4
5
5
2
5
5
2
8
4
2
6
3
2
3
6
2
2
7
6
3
2
3
1
1
1
1
3
1
3
2
2
3
2
0
1
5
0
4
2
1
2
7
2
1
1
0
1
3
1
1
1
1
1
0
1
2
3
1
2
3
0
0
5
2
2
1
4
2
4
2
1
2
0
4
1
6
5
3
1
6
1
3
5
2
3
6
3
4
2
4
2
1
1
2
2
3
2
5
6
5
2
2
2
2
1
0
4
3
1
0
0
1
0
2
1
3
0
0
0
1
1
0
1
0
1
0
0
2
0
3
1
1
1
0
2
2
0
1
2
1
0
0
1
1
0
0
0
0
1
0
1
2
2
1
1
0
2
0
3
2
0
2
3
0
1
1
1
0
1
1
0
0
1
4
0
1
2
1
1
2
3
3
2
1
5
0
0
2
2
1
0
1
1
1
1
0
1
1
0
2
0
0
1
0
0
1
1
3
2
1
2
3
0
0
2
1
0
0
1
3
0
2
0
2
1
0
0
1
1
0
0
2
0
1
0
0
1
0
1
0
1
0
0
0
2
1
0
2
1
0
0
1
0
0
1
0
0
1
0
2
0
1
0
1
0
1
1
0
0
1
1
2
0
0
0
1
1
0
0
0
0
0
0
1
0
0
0
1
2
1
0
0
0
0
0
1
0
1
0
0
0
0
0
0
0
1
0
0
0
1
0
0
1
0
0
0
0
0
0
0
0
1
0
1
0
1
0
0
2
1
0
1
1
0
1
1
1
0
1
2
2
0
0
2
0
0
1
2
3
0
0
0
2
0
3
0
1
1
1
0
2
4
2
1
0
0
1
0
1
0
1
0
0
1
1
0
0
0
1
0
0
0
0
0
0
0
0
0
0
2
0
1
0
1
0
1
0
0
0
0
0
0
0
0
0
0
0
0
0
0
0
0
0
0
0
0
0
0
0
0
0
0
0
0
0
0
0
0
0
0
0
0
0
0
0
0
0
0
0
0
0
0
0
0
0
0
0
0
0
0
0
0
0
0
0
0
0 
