0
0
0
0
0
0
0
0
0
0
0
234
422
403
441
422
456
419
461
389
428
468
467
451
474
457
511
512
494
484
462
551
548
513
525
513
496
470
489
506
505
529
476
554
564
523
542
511
566
522
541
565
601
561
595
607
623
555
625
630
640
610
640
652
683
678
651
693
670
660
703
662
723
736
815
738
774
753
825
805
814
878
861
777
807
833
856
838
900
915
949
903
886
884
872
957
937
913
910
975
942
893
958
960
984
912
942
986
920
975
963
960
1007
965
1060
1030
1050
1063
1009
1028
995
1031
1113
1029
1070
1010
1022
1137
1022
1008
1026
1031
1078
1071
1062
1057
962
1028
1020
1031
1056
1059
1042
998
1045
1052
1008
1066
1052
993
1032
1039
1050
1030
1076
1050
1065
1095
1064
1017
1089
1005
1068
1019
1121
1038
1055
1121
1147
1113
1136
1172
1084
1179
1259
1266
1242
1288
1228
1266
1295
1282
1259
1231
1261
1264
1275
1293
1237
1208
1195
1201
1189
1219
1093
1065
1134
1088
1067
1071
1017
1052
1046
1016
1015
1025
984
972
958
979
947
906
918
919
951
960
945
913
912
925
868
861
867
886
864
917
888
856
868
851
896
814
934
821
835
809
810
835
822
836
809
874
821
816
833
853
770
760
797
788
749
744
782
751
738
730
664
733
686
667
719
708
717
782
710
693
696
686
762
665
713
730
663
724
730
717
664
703
632
661
649
645
677
620
663
667
609
625
585
646
694
680
625
617
637
624
569
653
642
623
622
630
603
621
637
640
580
577
591
619
597
553
597
564
557
569
552
547
543
580
523
514
530
467
502
495
441
480
483
461
409
439
423
409
381
385
401
408
401
364
363
333
350
345
320
353
315
345
310
382
357
325
279
319
318
306
287
289
283
287
263
321
280
286
230
252
258
267
294
246
271
238
267
262
253
251
264
264
218
233
236
234
245
238
234
250
228
235
236
248
232
225
230
230
227
209
215
218
235
247
252
228
180
206
209
199
197
225
212
228
222
222
217
213
204
197
232
228
244
175
198
225
216
227
218
197
196
195
216
207
236
207
209
218
203
199
191
211
245
223
202
209
234
227
240
223
221
229
245
242
217
223
272
257
269
280
302
312
338
327
336
368
399
453
491
464
604
588
600
696
722
772
912
942
1006
1034
1113
1227
1331
1346
1513
1598
1696
1756
1867
1934
2092
2178
2294
2231
2446
2499
2671
2654
2679
2763
2786
2904
2906
2879
2912
3060
3022
2915
2829
2860
2777
2748
2746
2669
2578
2442
2461
2309
2208
2187
1991
1997
1811
1651
1533
1476
1373
1305
1214
1079
954
916
806
753
659
599
572
521
444
439
418
387
286
245
240
258
187
204
178
163
170
168
150
128
114
113
106
119
89
116
100
86
126
108
120
95
107
108
91
102
76
113
95
85
106
94
93
98
81
87
84
88
104
100
94
95
76
86
96
94
98
89
92
92
112
86
102
96
99
98
98
84
93
101
65
89
76
86
97
88
85
73
91
105
83
86
79
78
84
82
88
86
81
89
85
69
84
99
78
74
86
79
81
92
81
87
80
84
101
90
90
99
95
77
104
84
99
81
78
79
79
68
83
83
82
81
82
110
71
74
90
91
74
94
71
101
73
88
103
88
83
88
86
91
87
93
80
84
85
83
88
90
82
90
73
81
78
82
93
82
86
70
90
90
93
72
75
73
81
84
80
97
76
98
89
83
93
73
93
80
87
78
75
76
71
92
72
100
94
89
74
78
70
97
82
88
102
98
67
76
95
86
87
105
67
82
98
94
92
76
75
100
86
76
78
96
78
78
69
78
91
96
86
82
112
86
99
86
80
78
90
88
91
69
86
68
80
108
83
80
93
86
101
86
92
84
91
83
71
79
92
91
86
92
75
102
83
92
82
86
86
69
86
81
84
89
64
65
89
95
84
85
93
85
89
91
93
88
84
94
96
101
96
102
87
90
84
92
91
95
81
84
90
85
80
84
89
88
99
98
111
98
98
92
92
73
103
84
105
77
97
92
77
101
94
107
95
99
100
84
94
90
109
98
117
100
89
98
89
81
98
98
86
107
84
96
89
90
104
108
130
104
101
105
102
83
95
95
109
99
84
81
108
109
106
110
107
101
95
109
98
109
86
95
98
99
119
112
124
85
118
130
98
96
113
106
106
113
99
107
106
100
100
108
103
101
93
115
126
114
109
101
106
113
121
108
104
97
110
110
111
95
116
95
118
122
99
103
120
105
121
103
120
110
93
131
104
107
110
114
102
100
94
103
105
106
105
109
106
119
111
97
99
101
93
26
1
3
0
0
0
0
0
0
0
0
0
0
0
0
0
0
0
0
0
0
0
0
0
0
0
0
0
0
0
0
0
0
0
0
0
0
0
0
0
0
