$SPEC_ID:
MEASURE 001.
$SPEC_REM:
DET# 1
DETDESC# MCB 25
AP# Maestro Version 6.05
$DATE_MEA:
04/26/2003 06:40:43
$MEAS_TIM:
200 202
$DATA:
0 1023
       0
       0
       0
       0
       0
       0
       0
       0
       0
       0
       0
       0
       0
       0
       0
       0
       0
       0
       0
       0
       0
       0
       0
       0
       0
       0
       0
       0
       0
       0
       0
       0
       0
       0
       0
       0
       0
       0
       0
       0
       0
       0
       0
       0
       0
       0
       0
       0
       0
       0
       0
       0
       0
       0
       0
       0
       0
       0
       0
       0
       0
       0
       0
       0
       0
       0
       0
       0
       0
       0
      13
       4
       3
       4
       4
       5
       8
       2
       4
       3
       9
     301
     370
     338
     409
     383
     390
     405
     361
     437
     432
     422
     492
     438
     438
     448
     455
     444
     466
     447
     503
     501
     539
     482
     496
     527
     472
     504
     550
     513
     544
     571
     568
     544
     513
     515
     536
     561
     547
     581
     514
     532
     574
     551
     568
     592
     550
     571
     592
     596
     631
     563
     600
     615
     652
     583
     554
     600
     597
     633
     627
     597
     655
     604
     621
     613
     634
     611
     624
     631
     559
     585
     593
     624
     627
     626
     641
     617
     644
     658
     612
     591
     637
     636
     592
     560
     653
     576
     621
     568
     622
     642
     612
     635
     620
     609
     592
     630
     606
     628
     599
     597
     649
     630
     607
     628
     648
     594
     689
     706
     661
     678
     649
     650
     700
     691
     662
     657
     759
     683
     683
     717
     728
     734
     736
     720
     754
     707
     725
     704
     665
     660
     680
     704
     736
     725
     679
     673
     654
     668
     646
     616
     669
     631
     628
     593
     573
     593
     595
     594
     638
     603
     601
     618
     579
     570
     541
     558
     570
     563
     596
     617
     562
     582
     535
     576
     535
     539
     589
     513
     562
     521
     521
     531
     533
     515
     520
     544
     490
     462
     516
     476
     499
     418
     455
     482
     476
     479
     463
     481
     447
     478
     420
     424
     462
     438
     410
     433
     433
     416
     444
     422
     423
     419
     445
     383
     415
     435
     412
     416
     393
     416
     383
     387
     390
     363
     398
     373
     389
     355
     384
     370
     364
     377
     375
     359
     366
     382
     350
     365
     360
     357
     370
     351
     359
     349
     331
     336
     356
     366
     358
     354
     333
     347
     316
     395
     357
     377
     359
     349
     316
     298
     359
     340
     336
     322
     308
     327
     315
     359
     316
     344
     330
     327
     293
     318
     313
     306
     317
     321
     326
     293
     288
     279
     303
     323
     321
     272
     269
     292
     309
     295
     283
     273
     288
     271
     264
     248
     252
     281
     247
     258
     231
     232
     228
     255
     247
     237
     202
     220
     210
     236
     192
     231
     216
     220
     220
     207
     204
     194
     199
     166
     186
     189
     158
     191
     180
     175
     169
     163
     154
     179
     168
     173
     172
     141
     174
     165
     160
     153
     158
     153
     142
     144
     149
     151
     143
     148
     137
     169
     135
     147
     116
     121
     126
     144
     145
     122
     122
     128
     148
     100
     125
     134
     124
     127
     132
     115
     122
     126
     117
     143
     131
     109
     123
     111
     111
     120
     141
     110
     111
     125
     133
     135
     127
     135
     125
     123
      95
     138
     112
     125
     106
     123
      90
     107
     112
     108
     128
      95
     124
     100
      90
     131
     115
     118
     116
     102
     125
     117
     109
     112
     101
     118
     110
     112
     125
     123
     139
     110
     127
     119
     112
     153
     125
     145
     146
     150
     127
     127
     155
     157
     145
     157
     154
     139
     173
     185
     169
     182
     166
     200
     195
     218
     222
     243
     268
     271
     266
     297
     331
     314
     364
     334
     386
     399
     390
     423
     476
     513
     506
     550
     613
     606
     686
     715
     738
     786
     804
     843
     816
     851
     955
     969
     995
    1013
    1065
    1091
    1120
    1105
    1178
    1179
    1165
    1201
    1272
    1287
    1303
    1275
    1282
    1245
    1291
    1267
    1270
    1238
    1219
    1221
    1244
    1164
    1224
    1168
    1015
    1096
    1072
    1046
     998
     928
     899
     949
     776
     701
     726
     666
     695
     639
     600
     546
     519
     496
     472
     451
     395
     396
     364
     298
     294
     243
     238
     236
     205
     169
     190
     145
     147
     118
     122
     109
      94
      95
      96
      78
      84
      70
      67
      60
      74
      71
      62
      59
      56
      56
      59
      55
      60
      58
      51
      50
      48
      46
      40
      45
      53
      52
      45
      48
      58
      35
      58
      50
      51
      52
      51
      49
      51
      44
      56
      40
      46
      43
      53
      45
      46
      48
      51
      55
      57
      58
      47
      49
      51
      53
      45
      48
      40
      52
      51
      58
      47
      49
      51
      43
      39
      37
      45
      44
      40
      61
      45
      35
      38
      54
      44
      47
      47
      42
      50
      42
      41
      33
      44
      39
      45
      45
      48
      40
      37
      49
      39
      44
      35
      47
      39
      48
      32
      48
      40
      40
      49
      45
      38
      47
      39
      40
      42
      37
      48
      49
      41
      45
      52
      44
      37
      46
      36
      40
      38
      46
      39
      59
      44
      39
      34
      43
      49
      34
      32
      41
      50
      39
      40
      36
      37
      35
      32
      43
      44
      43
      44
      41
      39
      53
      28
      33
      45
      41
      37
      59
      28
      48
      46
      36
      42
      37
      41
      44
      42
      44
      36
      54
      39
      40
      40
      40
      44
      35
      55
      54
      49
      37
      32
      40
      45
      48
      42
      47
      52
      36
      37
      45
      44
      35
      46
      37
      45
      37
      36
      39
      44
      45
      37
      57
      43
      45
      44
      45
      31
      32
      33
      49
      33
      38
      39
      44
      35
      41
      51
      44
      39
      48
      49
      38
      45
      39
      41
      50
      41
      32
      50
      46
      44
      38
      40
      34
      42
      40
      48
      38
      36
      35
      56
      49
      40
      42
      50
      40
      47
      48
      34
      34
      53
      42
      56
      42
      41
      41
      40
      33
      30
      54
      49
      41
      42
      45
      55
      34
      50
      47
      42
      42
      41
      46
      38
      43
      41
      55
      35
      50
      44
      34
      38
      44
      48
      39
      42
      57
      52
      46
      55
      47
      56
      34
      53
      39
      48
      33
      49
      48
      40
      50
      52
      44
      51
      35
      49
      48
      45
      41
      55
      44
      42
      50
      52
      44
      31
      45
      48
      57
      53
      51
      47
      47
      59
      64
      61
      73
      40
      60
      66
      69
      64
      54
      65
      49
      67
      60
      67
      57
      64
      58
      67
      74
      72
      72
      66
      64
      75
      91
      79
      69
      83
      87
      81
      86
      81
      74
      91
      81
      84
      80
      91
     100
      91
      91
      41
       9
       2
       2
       1
       0
       0
       0
       0
       0
       0
       0
       0
       0
       0
       0
       0
       0
       0
       0
       0
       0
       0
       0
       0
       0
       0
       1
       0
       0
       0
       0
       0
       0
       0
       0
       0
       0
       0
       0
       0
       0
       0
       0
       0
       0
       0
       0
       0
       0
       0
       0
       0
       0
       0
       0
       0
       0
       0
       0
       1
       0
$ROI:
2
382 602
1023 1023
$PRESETS:
Live Time
200
0
$ENER_FIT:
-289.438599 1.280702
$MCA_CAL:
3
-2.894386E+002 1.280702E+000 0.000000E+000
$SHAPE_CAL:
3
0.000000E+000 0.000000E+000 0.000000E+000
