$SPEC_ID:
MEASURE 408.
$SPEC_REM:
DET# 1
DETDESC# MCB 25
AP# Maestro Version 6.05
$DATE_MEA:
04/04/2003 18:08:28
$MEAS_TIM:
195 200
$DATA:
0 1023
       0
       0
       0
       0
       0
       0
       0
       0
       0
       0
       0
       0
       0
       0
       0
       0
       0
       0
       0
       0
       0
       0
       0
       0
       0
       0
       0
       0
       0
       0
       0
       0
       0
       0
       0
       0
       0
       0
       0
       0
       0
       0
       0
       0
     159
     302
     296
     278
     266
     310
     273
     239
     258
     322
     288
     282
     296
     314
     291
     287
     267
     258
     292
     281
     269
     317
     271
     287
     319
     305
     315
     300
     303
     284
     306
     348
     339
     338
     339
     353
     340
     336
     360
     349
     343
     361
     402
     384
     371
     375
     389
     370
     406
     428
     421
     436
     421
     444
     470
     469
     458
     456
     417
     442
     467
     488
     469
     490
     460
     485
     496
     552
     477
     498
     516
     546
     495
     531
     517
     545
     558
     549
     558
     542
     570
     531
     619
     568
     588
     637
     564
     609
     565
     599
     562
     639
     631
     618
     575
     581
     634
     583
     619
     611
     643
     625
     651
     663
     623
     630
     639
     658
     660
     677
     677
     657
     582
     627
     657
     681
     633
     697
     632
     624
     603
     605
     679
     626
     687
     646
     618
     649
     687
     632
     662
     670
     644
     635
     643
     634
     652
     669
     663
     629
     636
     639
     636
     608
     672
     672
     641
     643
     662
     636
     658
     587
     675
     622
     627
     631
     663
     700
     632
     684
     689
     677
     686
     700
     749
     783
     695
     718
     715
     740
     723
     785
     757
     757
     757
     744
     756
     747
     757
     745
     719
     721
     765
     753
     698
     727
     726
     721
     694
     705
     714
     737
     729
     671
     664
     681
     686
     650
     667
     610
     679
     621
     649
     684
     623
     600
     641
     617
     611
     639
     636
     601
     617
     615
     629
     577
     597
     599
     526
     609
     565
     557
     594
     568
     594
     574
     523
     543
     573
     546
     614
     566
     523
     520
     548
     542
     525
     581
     526
     537
     516
     506
     539
     541
     472
     502
     527
     537
     503
     526
     497
     487
     451
     502
     534
     499
     493
     472
     500
     450
     439
     483
     446
     500
     481
     466
     483
     464
     471
     431
     423
     453
     514
     436
     449
     470
     448
     387
     461
     419
     392
     451
     465
     391
     428
     434
     421
     396
     419
     416
     414
     390
     435
     388
     408
     423
     418
     428
     412
     392
     436
     404
     355
     408
     398
     404
     419
     405
     376
     384
     408
     411
     399
     366
     373
     394
     366
     369
     378
     365
     404
     371
     349
     360
     305
     349
     365
     351
     337
     320
     341
     360
     331
     284
     329
     345
     333
     346
     334
     317
     324
     342
     319
     311
     310
     315
     318
     274
     288
     289
     290
     277
     272
     295
     286
     281
     284
     278
     263
     252
     214
     254
     213
     240
     242
     244
     224
     211
     230
     214
     230
     223
     219
     209
     213
     216
     193
     230
     186
     189
     204
     207
     190
     199
     180
     190
     177
     180
     218
     185
     175
     183
     153
     170
     136
     144
     180
     161
     186
     158
     168
     169
     142
     156
     152
     155
     147
     152
     150
     165
     159
     152
     155
     152
     141
     148
     149
     152
     149
     169
     152
     143
     132
     151
     141
     149
     149
     145
     147
     136
     148
     115
     118
     142
     122
     131
     140
     128
     118
     124
     124
     144
     145
     127
     129
     113
     136
     121
     120
     115
     158
     120
     122
     133
     122
     142
     121
     110
     142
     124
     133
     128
     126
     118
     111
     117
     110
     134
     122
     106
     110
     140
     124
     136
     146
     125
     126
     127
     119
     146
     126
     120
     135
     132
     136
     121
     144
     126
     137
     132
     149
     144
     144
     172
     122
     172
     127
     143
     162
     171
     188
     175
     188
     201
     182
     203
     213
     209
     237
     228
     214
     229
     276
     284
     311
     288
     307
     366
     356
     373
     359
     451
     451
     415
     482
     492
     529
     552
     604
     634
     608
     649
     680
     766
     736
     789
     830
     796
     912
     912
     984
    1001
    1071
     977
    1129
    1096
    1128
    1234
    1251
    1255
    1254
    1253
    1231
    1320
    1377
    1424
    1338
    1346
    1303
    1411
    1405
    1445
    1389
    1355
    1421
    1368
    1383
    1424
    1324
    1259
    1280
    1247
    1163
    1193
    1209
    1156
    1107
    1043
    1029
     996
     959
     866
     905
     813
     773
     772
     698
     691
     657
     637
     594
     554
     501
     503
     459
     402
     397
     365
     315
     316
     303
     286
     255
     244
     237
     206
     206
     154
     152
     146
     136
     133
     101
     110
     115
     105
      97
      95
      85
      83
      92
      90
      67
      76
      67
      66
      79
      44
      62
      52
      57
      67
      68
      62
      56
      52
      64
      43
      59
      54
      62
      59
      42
      66
      49
      58
      55
      61
      47
      57
      55
      52
      51
      47
      53
      51
      53
      49
      46
      60
      42
      53
      64
      49
      62
      53
      41
      51
      46
      36
      40
      58
      49
      48
      36
      37
      55
      53
      42
      53
      53
      42
      42
      55
      60
      43
      57
      49
      50
      36
      48
      44
      56
      42
      44
      46
      45
      52
      50
      42
      57
      38
      49
      55
      46
      40
      56
      50
      49
      38
      46
      56
      48
      55
      58
      56
      41
      42
      48
      39
      43
      46
      41
      42
      36
      42
      51
      57
      38
      42
      45
      39
      39
      39
      43
      42
      46
      50
      44
      37
      40
      43
      50
      46
      49
      43
      47
      40
      42
      44
      62
      37
      43
      46
      50
      54
      44
      37
      42
      48
      43
      45
      54
      34
      62
      65
      37
      46
      62
      42
      34
      34
      47
      47
      54
      37
      32
      37
      46
      48
      53
      42
      45
      48
      39
      43
      48
      41
      45
      40
      49
      48
      47
      39
      53
      36
      51
      42
      49
      43
      56
      49
      38
      50
      38
      42
      62
      51
      44
      60
      42
      62
      47
      39
      59
      43
      50
      46
      49
      58
      49
      42
      46
      46
      48
      54
      52
      45
      57
      49
      47
      49
      44
      44
      69
      40
      43
      40
      41
      43
      48
      50
      40
      53
      46
      44
      52
      40
      54
      55
      51
      45
      32
      58
      52
      42
      51
      50
      40
      53
      51
      53
      34
      53
      38
      54
      41
      62
      46
      52
      45
      50
      53
      37
      49
      46
      44
      36
      37
      51
      46
      51
      54
      57
      42
      43
      46
      41
      56
      46
      53
      57
      52
      55
      39
      51
      50
      42
      49
      52
      38
      41
      45
      43
      54
      49
      41
      42
      52
      69
      40
      45
       1
       0
       0
       0
       0
       0
       0
       0
       0
       0
       0
       0
       0
       0
       0
       0
       0
       0
       0
       0
       0
       0
       0
       0
       0
       0
       0
       0
       0
       0
       0
       0
       0
       0
       0
       0
       0
       0
       0
       0
       0
       0
       0
       0
       0
       0
       0
       0
       0
       0
       0
       0
       0
       0
       0
       0
       0
       0
       0
       0
       0
       0
       0
       0
       0
       0
       0
       0
$ROI:
2
95 97
514 605
$PRESETS:
Real Time
200
0
$ENER_FIT:
-289.438599 1.280702
$MCA_CAL:
3
-2.894386E+002 1.280702E+000 0.000000E+000
$SHAPE_CAL:
3
0.000000E+000 0.000000E+000 0.000000E+000
