$SPEC_ID:
MEASURE 389.
$SPEC_REM:
DET# 1
DETDESC# MCB 25
AP# Maestro Version 6.05
$DATE_MEA:
04/04/2003 16:33:28
$MEAS_TIM:
195 200
$DATA:
0 1023
       0
       0
       0
       0
       0
       0
       0
       0
       0
       0
       0
       0
       0
       0
       0
       0
       0
       0
       0
       0
       0
       0
       0
       0
       0
       0
       0
       0
       0
       0
       0
       0
       0
       0
       0
       0
       0
       0
       0
       0
       0
       0
       0
       0
     134
     269
     251
     289
     286
     273
     266
     298
     285
     295
     269
     312
     290
     269
     300
     287
     271
     291
     318
     329
     320
     306
     273
     315
     307
     315
     313
     307
     292
     305
     288
     311
     319
     337
     329
     345
     365
     313
     336
     343
     381
     363
     349
     373
     350
     370
     360
     400
     403
     372
     427
     423
     385
     438
     456
     448
     465
     447
     469
     505
     478
     478
     489
     497
     503
     476
     487
     517
     488
     526
     490
     520
     555
     498
     526
     580
     540
     566
     519
     538
     558
     558
     540
     577
     578
     558
     595
     576
     581
     616
     637
     603
     590
     576
     633
     614
     600
     617
     625
     634
     657
     614
     643
     645
     644
     568
     657
     635
     636
     649
     635
     672
     620
     635
     654
     662
     677
     658
     653
     682
     606
     639
     613
     649
     635
     639
     634
     646
     649
     663
     645
     596
     665
     684
     657
     710
     644
     657
     647
     671
     675
     615
     663
     625
     622
     619
     667
     613
     675
     651
     702
     656
     628
     666
     675
     704
     645
     699
     706
     683
     708
     696
     742
     710
     716
     742
     712
     692
     730
     755
     763
     763
     798
     755
     766
     743
     742
     726
     809
     770
     737
     761
     719
     799
     768
     729
     735
     715
     732
     737
     752
     744
     695
     680
     760
     660
     676
     704
     673
     649
     670
     680
     711
     644
     632
     646
     632
     619
     587
     647
     674
     636
     606
     596
     586
     602
     604
     655
     617
     547
     607
     604
     568
     591
     581
     596
     562
     610
     560
     591
     548
     559
     519
     569
     553
     555
     512
     578
     510
     551
     491
     542
     548
     522
     506
     523
     508
     472
     505
     530
     497
     491
     496
     490
     536
     471
     492
     473
     474
     479
     473
     469
     462
     451
     433
     457
     476
     460
     422
     473
     410
     443
     438
     412
     401
     408
     454
     434
     437
     444
     423
     410
     416
     422
     430
     446
     424
     409
     385
     442
     385
     429
     380
     379
     394
     409
     421
     380
     420
     419
     394
     415
     415
     357
     423
     410
     390
     380
     405
     399
     363
     373
     384
     371
     374
     387
     353
     392
     364
     423
     412
     349
     385
     372
     388
     355
     391
     346
     372
     348
     368
     366
     358
     363
     335
     366
     351
     340
     352
     338
     315
     295
     304
     313
     324
     333
     284
     293
     311
     333
     276
     258
     312
     272
     277
     298
     271
     250
     281
     268
     257
     242
     277
     261
     213
     211
     258
     231
     208
     212
     222
     200
     198
     195
     197
     200
     216
     195
     186
     203
     173
     189
     191
     172
     172
     180
     193
     188
     153
     200
     188
     171
     173
     161
     173
     172
     167
     180
     150
     161
     141
     177
     129
     164
     157
     160
     156
     148
     129
     156
     143
     163
     149
     151
     145
     135
     130
     144
     143
     161
     139
     138
     142
     143
     148
     158
     149
     133
     141
     121
     143
     138
     143
     137
     136
     147
     110
     126
     129
     132
     127
     153
     144
     138
     108
     110
     122
     131
     142
     140
     146
     147
     137
     130
     136
     122
     129
     109
     119
     121
     136
     123
     142
     136
     125
     118
     130
     128
     123
     124
     128
     136
     118
     132
     108
     155
     126
     132
     109
     128
     129
     132
     138
     142
     123
     146
     134
     138
     146
     139
     143
     144
     149
     151
     164
     150
     167
     156
     175
     159
     165
     165
     187
     195
     201
     176
     212
     210
     241
     250
     266
     239
     279
     297
     293
     332
     298
     334
     350
     397
     399
     426
     451
     475
     485
     491
     537
     552
     565
     669
     620
     612
     758
     709
     734
     861
     766
     881
     927
     942
     947
    1019
    1043
    1088
    1128
    1196
    1156
    1193
    1227
    1295
    1267
    1268
    1283
    1302
    1421
    1375
    1470
    1371
    1370
    1444
    1338
    1415
    1412
    1384
    1366
    1340
    1349
    1346
    1346
    1311
    1298
    1185
    1234
    1230
    1169
    1124
    1125
    1095
    1041
     954
     918
     889
     894
     818
     775
     746
     704
     720
     673
     616
     553
     546
     531
     515
     403
     421
     390
     325
     343
     327
     263
     294
     250
     238
     198
     221
     175
     151
     171
     145
     144
     124
     140
     118
     111
      73
      97
      81
      68
      73
      63
      67
      81
      73
      61
      58
      64
      69
      55
      66
      44
      44
      62
      46
      51
      56
      45
      59
      56
      52
      63
      59
      45
      60
      40
      46
      56
      56
      60
      38
      60
      51
      46
      50
      44
      50
      58
      38
      54
      50
      50
      49
      51
      33
      40
      59
      46
      53
      37
      61
      33
      47
      62
      41
      36
      43
      37
      41
      39
      35
      55
      46
      44
      43
      53
      39
      49
      49
      47
      46
      44
      60
      53
      50
      47
      59
      43
      53
      46
      50
      42
      38
      53
      57
      47
      32
      41
      47
      54
      44
      51
      42
      54
      62
      57
      48
      44
      41
      55
      36
      57
      44
      46
      38
      45
      45
      58
      40
      49
      59
      38
      47
      42
      58
      36
      48
      48
      37
      51
      44
      38
      48
      58
      44
      48
      46
      47
      45
      40
      45
      44
      43
      58
      45
      39
      44
      47
      30
      49
      50
      54
      45
      49
      57
      48
      39
      49
      49
      53
      45
      46
      34
      39
      58
      46
      48
      50
      40
      37
      45
      43
      54
      41
      53
      49
      40
      48
      48
      58
      34
      47
      47
      48
      52
      44
      37
      52
      47
      40
      45
      40
      38
      50
      37
      58
      50
      63
      48
      39
      41
      45
      45
      45
      50
      51
      48
      50
      43
      45
      60
      50
      46
      63
      48
      39
      57
      43
      59
      51
      47
      32
      43
      45
      59
      56
      42
      49
      39
      38
      43
      43
      42
      60
      44
      41
      55
      42
      41
      44
      51
      49
      42
      42
      42
      45
      53
      58
      57
      47
      47
      54
      45
      43
      45
      54
      41
      47
      42
      51
      52
      47
      57
      47
      45
      56
      47
      39
      41
      47
      54
      43
      59
      64
      42
      35
      49
      56
      42
      39
      46
      54
      47
      40
      54
      46
      60
      38
      34
      55
      56
      48
      58
      58
      39
      40
      42
      41
      51
      63
      30
      46
      42
       0
       0
       0
       0
       0
       0
       0
       0
       0
       0
       0
       0
       0
       0
       0
       0
       0
       0
       0
       0
       0
       0
       0
       0
       0
       0
       0
       0
       0
       0
       0
       0
       0
       0
       0
       0
       0
       0
       0
       0
       0
       0
       0
       0
       0
       0
       0
       0
       0
       0
       0
       0
       0
       0
       0
       0
       0
       0
       0
       0
       0
       0
       0
       0
       0
       0
       0
       0
$ROI:
2
95 97
514 605
$PRESETS:
Real Time
200
0
$ENER_FIT:
-289.438599 1.280702
$MCA_CAL:
3
-2.894386E+002 1.280702E+000 0.000000E+000
$SHAPE_CAL:
3
0.000000E+000 0.000000E+000 0.000000E+000
