$SPEC_ID:
MEASURE 482.
$SPEC_REM:
DET# 1
DETDESC# MCB 25
AP# Maestro Version 6.05
$DATE_MEA:
04/05/2003 00:18:28
$MEAS_TIM:
195 200
$DATA:
0 1023
       0
       0
       0
       0
       0
       0
       0
       0
       0
       0
       0
       0
       0
       0
       0
       0
       0
       0
       0
       0
       0
       0
       0
       0
       0
       0
       0
       0
       0
       0
       0
       0
       0
       0
       0
       0
       0
       0
       0
       0
       0
       0
       0
       0
     147
     258
     274
     294
     302
     279
     299
     255
     287
     249
     273
     278
     294
     292
     291
     277
     291
     287
     262
     293
     288
     307
     297
     306
     309
     340
     321
     324
     314
     308
     307
     306
     312
     339
     333
     309
     370
     345
     313
     360
     318
     333
     404
     379
     377
     346
     389
     379
     405
     444
     399
     366
     401
     427
     477
     448
     460
     424
     443
     437
     454
     470
     466
     468
     463
     475
     476
     518
     476
     489
     527
     545
     520
     536
     554
     550
     537
     530
     558
     552
     567
     552
     542
     550
     541
     560
     535
     540
     559
     587
     581
     590
     597
     626
     635
     613
     622
     642
     588
     583
     606
     628
     619
     629
     665
     610
     619
     633
     634
     584
     638
     639
     632
     627
     653
     611
     659
     659
     645
     632
     615
     591
     603
     629
     634
     620
     608
     676
     650
     649
     661
     651
     606
     603
     641
     668
     660
     696
     651
     622
     671
     640
     672
     673
     657
     678
     666
     635
     618
     624
     613
     653
     639
     672
     664
     680
     647
     667
     639
     697
     680
     636
     736
     709
     700
     645
     674
     728
     728
     724
     732
     757
     720
     748
     831
     774
     722
     752
     777
     774
     760
     767
     792
     740
     701
     752
     705
     727
     724
     707
     755
     725
     664
     643
     702
     701
     631
     628
     662
     677
     709
     662
     642
     599
     672
     664
     615
     627
     607
     629
     602
     658
     590
     590
     657
     575
     535
     613
     601
     592
     635
     592
     556
     538
     625
     574
     587
     572
     523
     581
     553
     559
     546
     557
     562
     529
     590
     539
     548
     543
     556
     508
     549
     483
     501
     552
     527
     497
     562
     495
     504
     537
     467
     520
     453
     497
     440
     448
     459
     462
     471
     470
     502
     447
     451
     489
     496
     431
     434
     428
     459
     455
     447
     484
     471
     395
     430
     455
     383
     416
     449
     425
     417
     423
     448
     382
     387
     415
     411
     414
     440
     400
     382
     401
     395
     429
     397
     419
     430
     400
     406
     436
     386
     414
     410
     374
     428
     392
     420
     396
     353
     402
     389
     364
     354
     391
     374
     373
     392
     406
     380
     388
     357
     352
     382
     351
     360
     390
     353
     364
     355
     351
     339
     335
     326
     339
     309
     336
     338
     324
     344
     318
     300
     300
     314
     323
     287
     336
     321
     282
     303
     289
     285
     282
     301
     292
     258
     291
     275
     275
     273
     253
     234
     249
     250
     246
     270
     240
     233
     232
     226
     236
     214
     222
     229
     213
     214
     184
     216
     225
     187
     174
     191
     223
     181
     205
     201
     161
     170
     161
     198
     195
     152
     189
     180
     172
     170
     173
     148
     173
     159
     153
     147
     154
     156
     152
     161
     170
     157
     155
     144
     150
     153
     146
     144
     163
     160
     139
     149
     153
     148
     128
     171
     132
     147
     138
     144
     152
     159
     142
     148
     123
     151
     127
     132
     155
     135
     126
     139
     142
     147
     167
     123
     125
     133
     141
     148
     145
     116
     124
     129
     130
     130
     133
     138
     122
     130
     110
     127
     119
     145
     132
     129
     151
     124
     137
     134
     142
     143
     129
     125
     133
     128
     128
     125
     113
     129
     107
     135
     121
     114
     111
     126
     134
     134
     124
     135
     112
     139
     161
     126
     143
     127
     147
     157
     149
     154
     150
     167
     166
     184
     167
     168
     175
     177
     188
     183
     196
     195
     195
     197
     254
     262
     241
     285
     305
     277
     332
     318
     334
     388
     351
     393
     407
     404
     472
     476
     488
     538
     537
     570
     628
     667
     652
     718
     721
     733
     772
     823
     886
     870
     939
     891
    1052
    1003
    1029
    1059
    1135
    1143
    1133
    1178
    1238
    1241
    1237
    1311
    1341
    1332
    1332
    1355
    1436
    1356
    1410
    1341
    1467
    1424
    1379
    1356
    1349
    1322
    1369
    1403
    1318
    1286
    1242
    1227
    1109
    1182
    1188
    1130
    1072
    1031
     998
     955
     941
     926
     804
     814
     799
     714
     722
     617
     668
     607
     513
     524
     526
     450
     448
     429
     365
     341
     344
     311
     319
     260
     232
     205
     213
     185
     164
     190
     153
     151
     135
     136
     133
     111
     111
     113
      87
      90
      72
      73
      73
      82
      67
      60
      76
      63
      64
      48
      58
      54
      57
      63
      63
      57
      61
      67
      56
      54
      74
      60
      47
      53
      55
      49
      59
      55
      50
      48
      47
      61
      52
      72
      52
      49
      52
      57
      63
      58
      54
      55
      48
      59
      49
      42
      64
      44
      46
      52
      49
      46
      43
      46
      58
      48
      41
      46
      44
      46
      52
      47
      49
      46
      51
      42
      39
      57
      50
      53
      63
      49
      57
      43
      51
      41
      44
      42
      41
      47
      49
      44
      56
      50
      35
      52
      53
      46
      60
      46
      51
      45
      56
      54
      47
      49
      44
      32
      34
      50
      47
      45
      57
      44
      49
      50
      46
      51
      43
      38
      49
      42
      40
      38
      32
      48
      42
      40
      53
      40
      48
      64
      56
      45
      46
      38
      44
      53
      37
      43
      41
      42
      29
      46
      53
      54
      44
      53
      31
      30
      39
      49
      50
      51
      41
      67
      56
      44
      55
      45
      39
      57
      51
      47
      47
      45
      38
      47
      47
      38
      60
      40
      48
      54
      41
      44
      44
      49
      48
      51
      48
      52
      39
      40
      43
      39
      55
      42
      42
      53
      42
      55
      43
      41
      47
      46
      46
      46
      44
      49
      49
      51
      58
      53
      40
      50
      40
      58
      54
      47
      59
      52
      60
      44
      43
      50
      41
      49
      55
      45
      56
      49
      43
      50
      49
      44
      47
      56
      50
      44
      47
      59
      38
      36
      42
      49
      44
      58
      46
      42
      43
      55
      32
      54
      48
      50
      44
      40
      50
      43
      36
      45
      45
      51
      60
      54
      39
      51
      50
      48
      45
      61
      37
      37
      53
      68
      60
      48
      52
      62
      54
      54
      42
      47
      44
      47
      45
      47
      42
      46
      43
      52
      47
      48
      47
      58
      44
      38
      41
      39
      52
      61
      46
      40
      57
      46
      54
      34
      49
      38
      44
       0
       0
       0
       0
       0
       0
       0
       0
       0
       0
       0
       0
       0
       0
       0
       0
       0
       0
       0
       0
       0
       0
       0
       0
       0
       0
       0
       0
       0
       0
       0
       0
       0
       0
       0
       0
       0
       0
       0
       0
       0
       0
       0
       0
       0
       0
       0
       0
       0
       0
       0
       0
       0
       0
       0
       0
       0
       0
       0
       0
       0
       0
       0
       0
       0
       0
       0
       0
$ROI:
2
95 97
514 605
$PRESETS:
Real Time
200
0
$ENER_FIT:
-289.438599 1.280702
$MCA_CAL:
3
-2.894386E+002 1.280702E+000 0.000000E+000
$SHAPE_CAL:
3
0.000000E+000 0.000000E+000 0.000000E+000
