$SPEC_ID:
MEASURE 263.
$SPEC_REM:
DET# 1
DETDESC# MCB 25
AP# Maestro Version 6.05
$DATE_MEA:
04/04/2003 06:03:28
$MEAS_TIM:
195 200
$DATA:
0 1023
       0
       0
       0
       0
       0
       0
       0
       0
       0
       0
       0
       0
       0
       0
       0
       0
       0
       0
       0
       0
       0
       0
       0
       0
       0
       0
       0
       0
       0
       0
       0
       0
       0
       0
       0
       0
       0
       0
       0
       0
       0
       0
       0
       0
     135
     283
     261
     255
     270
     277
     272
     295
     285
     301
     276
     306
     292
     311
     311
     290
     292
     306
     323
     294
     293
     306
     316
     294
     305
     319
     306
     304
     294
     309
     333
     341
     334
     350
     334
     361
     356
     336
     314
     361
     347
     397
     351
     399
     367
     409
     392
     413
     412
     401
     409
     403
     453
     418
     445
     453
     458
     462
     464
     433
     463
     518
     512
     463
     509
     514
     528
     481
     512
     535
     517
     537
     560
     556
     514
     530
     545
     531
     548
     575
     571
     543
     555
     606
     575
     538
     584
     586
     585
     617
     614
     640
     576
     583
     583
     650
     661
     633
     593
     654
     672
     658
     610
     595
     681
     669
     641
     640
     626
     694
     647
     669
     637
     649
     634
     650
     678
     645
     641
     677
     677
     682
     712
     676
     630
     608
     677
     634
     628
     669
     660
     691
     697
     653
     666
     625
     612
     640
     635
     684
     687
     676
     655
     630
     644
     645
     622
     655
     653
     674
     633
     641
     614
     669
     702
     671
     694
     671
     699
     697
     713
     685
     746
     726
     702
     690
     729
     728
     789
     755
     747
     819
     759
     765
     814
     747
     711
     802
     759
     724
     724
     781
     791
     727
     731
     717
     749
     679
     734
     736
     693
     705
     729
     682
     689
     664
     679
     660
     632
     609
     648
     666
     677
     641
     623
     611
     623
     612
     596
     640
     594
     581
     598
     588
     628
     631
     552
     594
     543
     600
     629
     600
     595
     561
     569
     512
     575
     552
     611
     564
     572
     515
     584
     543
     604
     579
     551
     475
     551
     546
     501
     531
     511
     520
     519
     474
     523
     521
     505
     476
     490
     484
     476
     515
     512
     483
     444
     480
     493
     475
     439
     457
     481
     421
     441
     473
     459
     424
     452
     461
     421
     490
     439
     434
     421
     451
     452
     448
     422
     432
     444
     445
     389
     423
     382
     425
     422
     417
     430
     422
     410
     440
     355
     423
     398
     422
     431
     426
     435
     429
     410
     423
     408
     425
     373
     398
     427
     411
     391
     393
     389
     422
     374
     388
     342
     382
     378
     376
     357
     355
     373
     331
     371
     384
     334
     343
     336
     379
     312
     336
     344
     324
     357
     352
     323
     330
     356
     319
     330
     334
     308
     324
     326
     303
     310
     300
     272
     287
     266
     293
     289
     294
     280
     268
     294
     274
     279
     263
     234
     238
     231
     229
     246
     227
     258
     231
     226
     213
     216
     224
     213
     206
     223
     203
     212
     217
     225
     223
     170
     205
     208
     181
     207
     203
     189
     165
     172
     178
     163
     168
     177
     144
     176
     173
     159
     144
     156
     178
     174
     149
     149
     172
     148
     172
     151
     143
     173
     154
     151
     138
     162
     147
     157
     144
     152
     154
     140
     124
     141
     130
     152
     170
     129
     140
     117
     142
     145
     142
     120
     133
     143
     157
     138
     140
     154
     135
     131
     126
     139
     105
     123
     132
     140
     129
     152
     121
     131
     148
     149
     135
     132
     145
     123
     121
     122
     112
     127
     132
     129
     130
     137
     130
     127
     127
     140
     135
     132
     139
     142
     127
     138
     141
     123
     129
     124
     143
     145
     126
     116
     133
     143
     167
     136
     140
     132
     130
     149
     145
     142
     134
     171
     132
     159
     155
     169
     160
     169
     159
     155
     193
     186
     207
     192
     219
     234
     226
     248
     225
     259
     256
     278
     303
     328
     348
     343
     359
     364
     386
     448
     474
     473
     502
     521
     546
     603
     601
     638
     676
     672
     704
     782
     809
     821
     829
     919
     875
     945
     992
    1016
    1053
    1087
    1170
    1157
    1162
    1210
    1245
    1294
    1273
    1335
    1303
    1264
    1356
    1354
    1448
    1368
    1380
    1409
    1462
    1445
    1410
    1394
    1360
    1411
    1343
    1324
    1375
    1237
    1264
    1296
    1241
    1233
    1207
    1157
    1069
    1054
    1042
     985
     895
     904
     817
     795
     763
     707
     707
     686
     633
     603
     520
     547
     487
     455
     425
     451
     352
     329
     333
     330
     261
     248
     243
     223
     212
     193
     181
     170
     142
     153
     121
     119
     117
     124
      95
     100
      84
      82
      83
      78
      66
      61
      81
      60
      59
      63
      64
      56
      62
      55
      45
      62
      59
      59
      59
      68
      56
      66
      59
      50
      46
      51
      30
      54
      44
      50
      53
      59
      50
      60
      54
      53
      49
      48
      60
      47
      50
      47
      43
      55
      53
      55
      58
      47
      57
      58
      47
      66
      53
      56
      40
      49
      50
      45
      66
      55
      53
      56
      39
      49
      42
      38
      52
      45
      65
      44
      48
      40
      48
      48
      51
      47
      50
      40
      50
      44
      59
      63
      47
      44
      47
      50
      56
      45
      50
      42
      48
      47
      46
      50
      47
      54
      42
      34
      42
      45
      51
      40
      57
      42
      43
      49
      41
      47
      60
      46
      44
      47
      40
      48
      40
      40
      39
      52
      47
      46
      46
      57
      36
      57
      42
      50
      57
      41
      38
      37
      42
      44
      40
      42
      59
      50
      47
      34
      39
      45
      48
      46
      43
      50
      48
      42
      39
      52
      48
      46
      40
      40
      48
      39
      41
      50
      60
      40
      48
      33
      45
      55
      44
      46
      46
      38
      42
      47
      58
      45
      37
      41
      57
      39
      44
      44
      50
      61
      35
      33
      42
      40
      61
      51
      58
      33
      58
      41
      39
      38
      47
      51
      47
      56
      54
      51
      51
      44
      52
      45
      38
      44
      38
      49
      42
      45
      46
      53
      46
      36
      45
      53
      44
      47
      42
      39
      55
      49
      52
      46
      64
      42
      40
      41
      53
      44
      43
      48
      60
      55
      45
      54
      54
      56
      52
      47
      41
      46
      36
      59
      59
      53
      44
      35
      44
      53
      51
      51
      55
      40
      52
      56
      50
      37
      55
      41
      54
      42
      57
      42
      59
      44
      46
      42
      53
      46
      40
      44
      33
      44
      57
      49
      37
      56
      43
      42
      48
      46
      57
      45
      45
      59
      61
      60
      36
      47
      53
      48
      58
      57
      45
      49
      49
      48
      62
      51
      52
      60
      39
       1
       0
       0
       0
       0
       0
       0
       0
       0
       0
       0
       0
       0
       0
       0
       0
       0
       0
       0
       0
       0
       0
       0
       0
       0
       0
       0
       0
       0
       0
       0
       0
       0
       0
       0
       0
       0
       0
       0
       0
       0
       0
       0
       0
       0
       0
       0
       0
       0
       0
       0
       0
       0
       0
       0
       0
       0
       0
       0
       0
       0
       0
       0
       0
       0
       0
       0
       0
$ROI:
2
95 97
514 605
$PRESETS:
Real Time
200
0
$ENER_FIT:
-289.438599 1.280702
$MCA_CAL:
3
-2.894386E+002 1.280702E+000 0.000000E+000
$SHAPE_CAL:
3
0.000000E+000 0.000000E+000 0.000000E+000
