$SPEC_ID:
MEASURE 158.
$SPEC_REM:
DET# 1
DETDESC# MCB 25
AP# Maestro Version 6.05
$DATE_MEA:
04/03/2003 21:18:28
$MEAS_TIM:
195 200
$DATA:
0 1023
       0
       0
       0
       0
       0
       0
       0
       0
       0
       0
       0
       0
       0
       0
       0
       0
       0
       0
       0
       0
       0
       0
       0
       0
       0
       0
       0
       0
       0
       0
       0
       0
       0
       0
       0
       0
       0
       0
       0
       0
       0
       0
       0
       0
     157
     274
     308
     262
     303
     302
     293
     269
     303
     272
     281
     292
     324
     261
     280
     284
     286
     290
     317
     327
     309
     302
     309
     302
     295
     303
     315
     287
     294
     333
     331
     345
     303
     340
     315
     355
     368
     364
     383
     353
     332
     381
     359
     397
     415
     424
     418
     413
     393
     432
     432
     423
     422
     436
     474
     441
     491
     489
     445
     474
     485
     431
     516
     481
     490
     502
     511
     544
     535
     509
     533
     528
     535
     549
     546
     599
     524
     556
     602
     546
     599
     562
     577
     592
     598
     556
     573
     614
     586
     613
     628
     632
     666
     626
     604
     604
     646
     607
     636
     688
     632
     653
     647
     613
     658
     676
     644
     640
     650
     697
     662
     649
     647
     670
     694
     631
     637
     689
     655
     658
     633
     685
     653
     610
     632
     623
     614
     663
     671
     656
     621
     646
     681
     643
     625
     698
     679
     617
     669
     658
     638
     665
     634
     674
     683
     649
     657
     634
     681
     679
     669
     661
     656
     677
     734
     672
     677
     685
     742
     705
     682
     680
     700
     757
     704
     736
     748
     713
     757
     748
     750
     813
     780
     745
     747
     789
     763
     783
     756
     707
     764
     746
     739
     770
     745
     756
     721
     715
     700
     703
     709
     678
     737
     678
     699
     645
     695
     634
     677
     666
     639
     610
     635
     613
     645
     644
     640
     664
     574
     618
     614
     620
     624
     582
     608
     570
     631
     617
     551
     593
     557
     604
     589
     588
     564
     583
     578
     538
     526
     551
     546
     591
     536
     566
     590
     530
     550
     527
     514
     579
     515
     557
     530
     485
     519
     495
     518
     523
     540
     510
     495
     499
     434
     461
     461
     530
     515
     433
     467
     500
     447
     475
     470
     489
     477
     441
     468
     477
     469
     474
     479
     438
     414
     425
     453
     421
     416
     443
     394
     408
     445
     413
     467
     383
     408
     463
     405
     437
     432
     408
     410
     412
     410
     420
     404
     386
     376
     436
     381
     405
     391
     387
     420
     403
     388
     408
     402
     391
     368
     350
     393
     387
     361
     412
     384
     381
     355
     390
     359
     369
     363
     354
     361
     394
     347
     402
     350
     343
     333
     326
     354
     332
     345
     367
     354
     317
     330
     334
     337
     325
     305
     297
     283
     273
     309
     299
     276
     305
     267
     265
     261
     266
     249
     286
     282
     269
     265
     261
     263
     238
     262
     245
     216
     237
     243
     196
     227
     220
     191
     213
     216
     220
     198
     210
     194
     201
     181
     205
     192
     166
     193
     198
     160
     195
     186
     190
     182
     168
     164
     162
     169
     182
     165
     136
     171
     167
     163
     169
     166
     173
     154
     160
     129
     165
     151
     151
     160
     163
     141
     156
     151
     173
     156
     142
     139
     120
     153
     162
     176
     141
     157
     123
     139
     138
     140
     134
     129
     129
     155
     126
     152
     133
     137
     131
     142
     136
     157
     139
     140
     106
     114
     141
     154
     124
     149
     149
     143
     144
     125
     120
     150
     138
     129
     149
     136
     122
     117
     139
     127
     124
     142
     111
     119
     146
     128
     137
     140
     141
     127
     146
     138
     120
     133
     132
     149
     134
     102
     138
     126
     141
     133
     163
     130
     157
     130
     137
     142
     154
     141
     154
     175
     184
     163
     155
     200
     160
     167
     202
     210
     207
     202
     215
     209
     232
     255
     276
     278
     302
     280
     348
     339
     323
     350
     415
     386
     404
     470
     457
     495
     537
     545
     601
     681
     637
     705
     742
     781
     753
     816
     817
     872
     931
     937
     952
    1022
    1052
    1078
    1112
    1124
    1180
    1211
    1246
    1336
    1272
    1308
    1348
    1301
    1441
    1401
    1483
    1434
    1475
    1437
    1441
    1387
    1415
    1459
    1393
    1418
    1331
    1331
    1369
    1291
    1239
    1241
    1192
    1186
    1137
    1077
    1118
    1034
    1040
     954
     939
     874
     869
     856
     772
     702
     711
     669
     629
     574
     568
     533
     506
     484
     443
     413
     381
     337
     307
     267
     288
     233
     254
     214
     208
     191
     183
     155
     143
     119
     131
     122
     102
     114
      98
     102
      76
      80
      82
      66
      74
      74
      75
      74
      75
      51
      70
      58
      63
      63
      58
      56
      63
      58
      41
      56
      54
      64
      43
      47
      44
      57
      46
      54
      46
      54
      61
      46
      50
      50
      55
      49
      43
      48
      36
      60
      53
      50
      54
      48
      47
      43
      52
      40
      49
      51
      54
      49
      56
      44
      59
      59
      53
      49
      60
      59
      50
      53
      56
      50
      53
      40
      61
      55
      46
      38
      47
      36
      56
      46
      48
      50
      49
      54
      49
      37
      41
      40
      53
      47
      50
      40
      37
      47
      59
      43
      52
      51
      61
      41
      46
      66
      56
      41
      45
      46
      43
      49
      52
      48
      45
      41
      44
      34
      37
      43
      41
      50
      46
      54
      37
      46
      46
      45
      54
      43
      49
      57
      52
      62
      50
      40
      37
      45
      48
      49
      43
      40
      50
      47
      50
      47
      46
      49
      42
      41
      37
      45
      58
      41
      54
      49
      38
      36
      49
      47
      57
      49
      44
      38
      52
      55
      58
      54
      55
      40
      52
      41
      41
      55
      30
      44
      52
      34
      49
      45
      52
      58
      38
      41
      28
      49
      51
      42
      48
      47
      50
      45
      51
      54
      44
      48
      39
      40
      41
      48
      54
      51
      43
      52
      38
      61
      36
      46
      43
      43
      35
      46
      53
      54
      32
      43
      61
      39
      47
      34
      60
      55
      51
      39
      53
      40
      48
      50
      37
      62
      50
      55
      53
      43
      48
      46
      55
      43
      40
      46
      47
      43
      44
      54
      61
      46
      51
      50
      43
      48
      49
      53
      43
      46
      59
      41
      51
      62
      41
      44
      47
      47
      46
      45
      48
      36
      47
      50
      51
      41
      31
      59
      46
      50
      51
      48
      51
      52
      41
      55
      38
      41
      44
      49
      50
      47
      52
      47
      41
      54
      42
      49
      65
      44
      54
      59
      48
      47
      41
      50
      51
      39
      54
      55
      43
      55
      32
      69
      41
      50
      57
      37
      51
       1
       0
       0
       0
       0
       0
       0
       0
       0
       0
       0
       0
       0
       0
       0
       0
       0
       0
       0
       0
       0
       0
       0
       0
       0
       0
       0
       0
       0
       0
       0
       0
       0
       0
       0
       0
       0
       0
       0
       0
       0
       0
       0
       0
       0
       0
       0
       0
       0
       0
       0
       0
       0
       0
       0
       0
       0
       0
       0
       0
       0
       0
       0
       0
       0
       0
       0
       0
$ROI:
2
95 97
514 605
$PRESETS:
Real Time
200
0
$ENER_FIT:
-289.438599 1.280702
$MCA_CAL:
3
-2.894386E+002 1.280702E+000 0.000000E+000
$SHAPE_CAL:
3
0.000000E+000 0.000000E+000 0.000000E+000
