$SPEC_ID:
MEASURE 305.
$SPEC_REM:
DET# 1
DETDESC# MCB 25
AP# Maestro Version 6.05
$DATE_MEA:
04/04/2003 09:33:28
$MEAS_TIM:
195 200
$DATA:
0 1023
       0
       0
       0
       0
       0
       0
       0
       0
       0
       0
       0
       0
       0
       0
       0
       0
       0
       0
       0
       0
       0
       0
       0
       0
       0
       0
       0
       0
       0
       0
       0
       0
       0
       0
       0
       0
       0
       0
       0
       0
       0
       0
       0
       0
     146
     273
     279
     304
     288
     270
     320
     297
     279
     291
     272
     333
     291
     260
     267
     285
     272
     291
     313
     263
     294
     294
     295
     310
     311
     260
     319
     363
     313
     341
     325
     342
     311
     327
     312
     359
     350
     371
     381
     362
     332
     380
     354
     378
     374
     405
     368
     399
     394
     426
     427
     433
     412
     451
     474
     434
     431
     452
     449
     457
     438
     480
     490
     486
     517
     484
     485
     474
     545
     507
     481
     537
     538
     554
     536
     533
     577
     569
     529
     571
     546
     579
     588
     560
     561
     544
     614
     604
     612
     592
     587
     592
     650
     614
     617
     655
     577
     609
     613
     657
     646
     595
     695
     590
     637
     617
     658
     649
     623
     618
     665
     632
     660
     663
     636
     683
     650
     637
     652
     678
     622
     616
     678
     682
     701
     629
     680
     652
     654
     630
     652
     610
     598
     666
     680
     669
     642
     628
     625
     644
     619
     674
     673
     618
     686
     630
     661
     607
     621
     679
     640
     617
     663
     700
     658
     640
     669
     667
     656
     696
     718
     679
     690
     683
     769
     728
     747
     740
     717
     752
     752
     783
     752
     821
     766
     731
     730
     776
     746
     778
     721
     705
     733
     727
     759
     725
     752
     710
     700
     705
     646
     708
     754
     678
     684
     653
     647
     664
     684
     675
     619
     648
     648
     642
     608
     641
     574
     608
     568
     617
     607
     640
     644
     630
     579
     585
     592
     567
     606
     609
     606
     567
     591
     615
     597
     514
     590
     600
     556
     561
     527
     559
     555
     558
     583
     570
     556
     528
     516
     526
     551
     494
     543
     554
     522
     532
     546
     472
     506
     494
     554
     514
     483
     499
     504
     508
     480
     462
     453
     462
     461
     477
     467
     468
     442
     464
     480
     469
     484
     471
     427
     446
     467
     440
     421
     444
     437
     422
     423
     434
     458
     380
     423
     448
     458
     432
     430
     414
     410
     432
     438
     408
     413
     408
     388
     440
     416
     415
     394
     403
     414
     409
     373
     392
     414
     396
     376
     391
     352
     415
     397
     365
     412
     365
     422
     399
     381
     355
     376
     373
     360
     341
     348
     341
     387
     348
     323
     353
     338
     338
     351
     369
     399
     386
     317
     333
     317
     330
     318
     286
     337
     334
     300
     308
     289
     310
     293
     290
     301
     267
     268
     271
     237
     270
     259
     284
     247
     268
     270
     276
     272
     247
     245
     232
     242
     222
     262
     227
     239
     236
     231
     221
     205
     212
     218
     191
     199
     186
     192
     177
     205
     175
     178
     198
     179
     187
     172
     161
     188
     202
     199
     191
     164
     165
     178
     161
     155
     141
     167
     140
     168
     149
     163
     168
     166
     176
     161
     144
     146
     157
     146
     149
     169
     138
     150
     158
     148
     158
     150
     161
     158
     161
     143
     152
     141
     139
     126
     134
     135
     134
     139
     136
     127
     135
     138
     153
     138
     141
     138
     133
     141
     135
     122
     136
     133
     132
     109
     139
     115
     124
     143
     143
     109
     157
     102
     139
     134
     113
     120
     121
     120
     137
     113
     134
     112
     126
     147
     130
     130
     127
     131
     116
     150
     111
     151
     133
     116
     122
     124
     140
     132
     141
     130
     151
     147
     142
     138
     129
     147
     141
     138
     158
     152
     165
     162
     163
     181
     174
     140
     204
     200
     177
     198
     214
     219
     200
     231
     224
     263
     278
     274
     309
     279
     297
     305
     372
     365
     405
     403
     421
     440
     483
     502
     535
     562
     546
     612
     632
     658
     671
     723
     780
     774
     791
     854
     920
     965
     966
     974
     998
    1085
    1093
    1060
    1188
    1159
    1232
    1237
    1289
    1325
    1323
    1328
    1340
    1349
    1422
    1323
    1407
    1430
    1421
    1391
    1437
    1394
    1335
    1376
    1324
    1376
    1354
    1409
    1336
    1348
    1211
    1267
    1190
    1136
    1113
    1097
    1038
    1089
     986
     903
     926
     864
     816
     752
     749
     693
     662
     618
     598
     559
     537
     487
     441
     439
     437
     363
     345
     314
     316
     287
     273
     235
     218
     217
     197
     185
     151
     154
     136
     136
     117
     103
     107
      96
      84
      90
      83
      75
      76
      70
      83
      76
      62
      58
      54
      62
      67
      56
      37
      45
      47
      43
      55
      63
      59
      57
      39
      67
      56
      39
      45
      45
      45
      46
      51
      64
      50
      56
      60
      56
      46
      47
      45
      57
      54
      42
      58
      47
      44
      48
      55
      48
      42
      54
      57
      55
      50
      41
      58
      61
      59
      46
      44
      42
      45
      35
      66
      56
      49
      56
      43
      56
      56
      54
      57
      49
      57
      58
      59
      53
      48
      35
      44
      50
      41
      56
      40
      38
      49
      50
      49
      53
      44
      48
      46
      59
      50
      54
      47
      53
      51
      49
      53
      41
      49
      51
      44
      51
      59
      41
      43
      51
      37
      50
      49
      35
      50
      59
      53
      53
      47
      38
      32
      34
      46
      40
      38
      45
      53
      43
      41
      44
      47
      50
      51
      45
      53
      47
      38
      44
      40
      41
      43
      38
      49
      48
      48
      42
      43
      48
      39
      42
      50
      42
      43
      44
      49
      55
      46
      48
      40
      55
      55
      48
      37
      50
      54
      48
      47
      52
      57
      46
      43
      42
      53
      44
      42
      42
      46
      40
      37
      49
      53
      47
      36
      52
      56
      52
      48
      47
      52
      52
      39
      60
      49
      40
      41
      38
      34
      48
      45
      50
      64
      60
      52
      43
      47
      51
      40
      43
      31
      40
      56
      40
      53
      51
      48
      46
      45
      43
      56
      43
      46
      47
      43
      52
      50
      59
      43
      50
      54
      42
      55
      33
      53
      44
      55
      40
      40
      43
      44
      40
      47
      42
      40
      49
      50
      45
      61
      50
      38
      47
      47
      39
      52
      37
      53
      43
      36
      44
      40
      44
      46
      43
      42
      40
      48
      43
      50
      50
      62
      35
      45
      49
      66
      35
      67
      56
      45
      49
      52
      47
      52
      46
      61
      53
      37
      43
      65
      53
      48
      46
      54
      46
      43
      55
      44
      40
      58
      48
      56
      39
      40
       1
       0
       0
       0
       0
       0
       0
       0
       0
       0
       0
       0
       0
       0
       0
       0
       0
       0
       0
       0
       0
       0
       0
       0
       0
       0
       0
       0
       0
       0
       0
       0
       0
       0
       0
       0
       0
       0
       0
       0
       0
       0
       0
       0
       0
       0
       0
       0
       0
       0
       0
       0
       0
       0
       0
       0
       0
       0
       0
       0
       0
       0
       0
       0
       0
       0
       0
       0
$ROI:
2
95 97
514 605
$PRESETS:
Real Time
200
0
$ENER_FIT:
-289.438599 1.280702
$MCA_CAL:
3
-2.894386E+002 1.280702E+000 0.000000E+000
$SHAPE_CAL:
3
0.000000E+000 0.000000E+000 0.000000E+000
