$SPEC_ID:
MEASURE 120.
$SPEC_REM:
DET# 1
DETDESC# MCB 25
AP# Maestro Version 6.05
$DATE_MEA:
04/03/2003 18:08:28
$MEAS_TIM:
195 200
$DATA:
0 1023
       0
       0
       0
       0
       0
       0
       0
       0
       0
       0
       0
       0
       0
       0
       0
       0
       0
       0
       0
       0
       0
       0
       0
       0
       0
       0
       0
       0
       0
       0
       0
       0
       0
       0
       0
       0
       0
       0
       0
       0
       0
       0
       0
       0
     153
     264
     280
     294
     297
     306
     293
     291
     312
     272
     289
     303
     262
     289
     314
     268
     270
     314
     299
     327
     304
     279
     309
     319
     304
     327
     316
     320
     336
     321
     299
     347
     341
     339
     366
     373
     348
     342
     372
     397
     412
     405
     378
     401
     384
     444
     403
     372
     403
     460
     433
     443
     483
     472
     499
     484
     491
     485
     493
     480
     510
     497
     484
     547
     548
     524
     545
     545
     513
     546
     544
     550
     510
     504
     550
     572
     561
     605
     586
     550
     538
     574
     594
     578
     566
     599
     604
     624
     619
     611
     586
     648
     631
     648
     615
     634
     630
     626
     634
     627
     655
     630
     657
     616
     638
     712
     659
     612
     651
     634
     620
     628
     619
     683
     661
     645
     671
     626
     660
     659
     661
     683
     655
     688
     650
     636
     671
     626
     662
     647
     622
     625
     660
     656
     650
     613
     656
     658
     643
     647
     649
     696
     672
     682
     640
     609
     656
     689
     622
     688
     650
     646
     660
     711
     724
     709
     674
     723
     701
     686
     750
     752
     766
     749
     715
     711
     737
     776
     778
     772
     724
     771
     745
     797
     721
     788
     770
     732
     741
     767
     689
     765
     744
     782
     711
     737
     750
     769
     709
     719
     762
     673
     746
     668
     679
     702
     677
     660
     735
     621
     618
     692
     638
     637
     638
     622
     599
     596
     543
     658
     616
     613
     593
     599
     553
     604
     580
     604
     569
     594
     612
     600
     592
     576
     542
     574
     570
     573
     560
     561
     565
     562
     548
     535
     535
     517
     500
     480
     516
     525
     534
     529
     506
     486
     548
     510
     529
     523
     515
     496
     451
     493
     498
     480
     431
     442
     482
     450
     450
     481
     483
     481
     450
     449
     470
     425
     428
     488
     430
     427
     484
     448
     438
     463
     426
     447
     400
     458
     419
     413
     413
     425
     443
     477
     434
     449
     461
     424
     411
     391
     409
     394
     407
     397
     421
     434
     411
     397
     430
     396
     387
     406
     412
     392
     375
     387
     359
     370
     388
     410
     411
     411
     392
     377
     366
     376
     372
     391
     356
     382
     363
     401
     388
     331
     353
     348
     340
     353
     356
     341
     341
     312
     352
     344
     321
     319
     368
     312
     312
     313
     305
     332
     307
     296
     285
     280
     305
     293
     285
     264
     281
     256
     284
     241
     260
     249
     258
     264
     265
     255
     210
     240
     219
     219
     204
     228
     212
     192
     200
     194
     212
     222
     209
     189
     174
     185
     221
     188
     178
     189
     170
     209
     180
     179
     179
     164
     182
     181
     168
     162
     153
     157
     166
     157
     157
     163
     146
     190
     148
     151
     176
     145
     157
     189
     167
     167
     153
     174
     132
     146
     121
     166
     143
     139
     151
     153
     144
     150
     136
     132
     148
     137
     124
     131
     125
     126
     135
     146
     152
     145
     158
     141
     127
     132
     144
     112
     140
     143
     148
     120
     143
     130
     135
     140
     139
     137
     142
     140
     150
     130
     130
     132
     150
     109
     145
     122
     113
     130
     133
     141
     124
     117
     124
     101
     132
     129
     141
     119
     117
     150
     141
     141
     149
     109
     119
     131
     144
     129
     159
     141
     150
     141
     139
     158
     141
     158
     140
     176
     141
     163
     170
     181
     162
     194
     198
     148
     220
     203
     212
     222
     223
     251
     262
     292
     309
     283
     288
     322
     319
     326
     387
     360
     453
     455
     478
     466
     561
     555
     583
     582
     680
     678
     709
     682
     744
     829
     745
     899
     874
     946
    1013
     969
     997
    1130
    1138
    1131
    1164
    1224
    1185
    1195
    1267
    1308
    1311
    1314
    1368
    1386
    1420
    1393
    1416
    1387
    1399
    1411
    1467
    1432
    1413
    1372
    1351
    1454
    1353
    1358
    1295
    1324
    1240
    1219
    1251
    1171
    1090
    1117
    1070
     975
     897
     946
     868
     875
     767
     770
     806
     721
     605
     594
     559
     544
     458
     497
     415
     448
     382
     398
     350
     304
     288
     268
     218
     234
     204
     208
     196
     164
     145
     153
     123
     119
     124
     104
     104
     105
     108
      89
      82
      79
      74
      88
      88
      62
      70
      58
      58
      61
      65
      64
      53
      69
      63
      53
      56
      60
      45
      57
      50
      47
      49
      46
      53
      41
      54
      50
      54
      54
      61
      64
      48
      50
      55
      51
      50
      45
      48
      57
      66
      51
      50
      47
      59
      55
      40
      45
      47
      48
      36
      50
      56
      62
      50
      46
      47
      53
      48
      46
      45
      48
      54
      59
      47
      38
      39
      40
      51
      64
      53
      51
      56
      54
      50
      52
      43
      54
      54
      44
      54
      55
      60
      45
      52
      52
      53
      50
      60
      42
      50
      51
      43
      54
      62
      57
      46
      55
      47
      45
      46
      50
      49
      36
      60
      60
      38
      50
      46
      42
      51
      41
      53
      53
      50
      61
      52
      47
      47
      30
      56
      53
      49
      58
      43
      55
      33
      34
      48
      48
      47
      44
      50
      51
      45
      33
      49
      58
      51
      41
      45
      38
      54
      35
      41
      48
      47
      54
      50
      41
      44
      56
      50
      59
      41
      58
      48
      47
      49
      45
      46
      49
      41
      61
      46
      52
      57
      38
      47
      41
      44
      52
      43
      51
      42
      41
      53
      56
      56
      62
      50
      52
      40
      38
      40
      40
      45
      42
      65
      42
      53
      36
      37
      53
      59
      46
      41
      48
      61
      43
      40
      46
      47
      54
      53
      54
      50
      38
      57
      49
      41
      56
      41
      53
      58
      47
      51
      53
      49
      48
      51
      34
      51
      46
      59
      51
      54
      40
      48
      48
      47
      39
      43
      50
      41
      62
      49
      48
      55
      41
      51
      53
      51
      46
      51
      50
      52
      42
      52
      39
      54
      52
      62
      45
      52
      51
      57
      48
      47
      53
      57
      42
      52
      52
      40
      43
      50
      43
      51
      45
      46
      45
      43
      46
      39
      45
      45
      48
      46
      59
      54
      45
      38
      51
      43
      37
      40
      48
      44
      47
      42
      45
      62
      61
      59
      64
      52
      45
      44
      46
      57
      31
      51
      46
       0
       0
       0
       0
       0
       0
       0
       0
       0
       0
       0
       0
       0
       0
       0
       0
       0
       0
       0
       0
       0
       0
       0
       0
       0
       0
       0
       0
       0
       0
       0
       0
       0
       0
       0
       0
       0
       0
       0
       0
       0
       0
       0
       0
       0
       0
       0
       0
       0
       0
       0
       0
       0
       0
       0
       0
       0
       0
       0
       0
       0
       0
       0
       0
       0
       0
       0
       0
$ROI:
2
95 97
514 605
$PRESETS:
Real Time
200
0
$ENER_FIT:
-289.438599 1.280702
$MCA_CAL:
3
-2.894386E+002 1.280702E+000 0.000000E+000
$SHAPE_CAL:
3
0.000000E+000 0.000000E+000 0.000000E+000
