$SPEC_ID:
MEASURE 348.
$SPEC_REM:
DET# 1
DETDESC# MCB 25
AP# Maestro Version 6.05
$DATE_MEA:
04/04/2003 13:08:28
$MEAS_TIM:
195 200
$DATA:
0 1023
       0
       0
       0
       0
       0
       0
       0
       0
       0
       0
       0
       0
       0
       0
       0
       0
       0
       0
       0
       0
       0
       0
       0
       0
       0
       0
       0
       0
       0
       0
       0
       0
       0
       0
       0
       0
       0
       0
       0
       0
       0
       0
       0
       0
     142
     261
     283
     263
     280
     268
     289
     292
     248
     293
     270
     268
     272
     286
     290
     308
     291
     281
     335
     313
     265
     302
     305
     319
     315
     312
     312
     317
     306
     309
     301
     324
     330
     322
     317
     385
     374
     331
     374
     359
     354
     356
     378
     390
     401
     363
     398
     419
     403
     419
     405
     466
     399
     458
     412
     430
     424
     420
     475
     473
     469
     504
     506
     502
     499
     480
     506
     462
     486
     491
     514
     551
     558
     524
     564
     558
     530
     531
     565
     556
     600
     589
     574
     589
     563
     563
     610
     607
     569
     586
     575
     608
     558
     593
     600
     543
     601
     639
     658
     590
     649
     623
     612
     632
     631
     634
     600
     657
     668
     653
     670
     639
     666
     653
     667
     638
     634
     645
     632
     622
     635
     649
     623
     610
     658
     679
     614
     640
     656
     590
     647
     660
     666
     697
     680
     647
     645
     673
     633
     636
     631
     618
     662
     621
     675
     662
     675
     669
     651
     650
     678
     639
     641
     663
     654
     712
     674
     689
     673
     660
     728
     729
     690
     709
     675
     740
     741
     753
     773
     718
     751
     706
     771
     763
     757
     757
     754
     768
     818
     773
     742
     692
     764
     704
     733
     725
     719
     775
     717
     677
     674
     674
     724
     701
     692
     688
     622
     660
     652
     670
     670
     643
     665
     638
     632
     637
     591
     632
     589
     651
     610
     597
     610
     622
     608
     579
     569
     574
     608
     566
     629
     556
     579
     596
     544
     593
     542
     559
     583
     552
     576
     549
     561
     540
     515
     572
     540
     537
     528
     574
     533
     574
     569
     539
     563
     505
     479
     493
     491
     507
     483
     506
     495
     512
     468
     505
     535
     458
     488
     510
     487
     473
     468
     500
     450
     510
     437
     478
     445
     503
     487
     465
     473
     443
     473
     429
     471
     435
     437
     428
     425
     456
     426
     426
     437
     436
     437
     402
     450
     459
     376
     448
     422
     415
     408
     387
     426
     391
     401
     417
     392
     379
     374
     369
     370
     382
     368
     392
     391
     359
     421
     353
     409
     390
     380
     359
     373
     376
     365
     392
     400
     353
     362
     351
     368
     363
     352
     354
     368
     363
     350
     364
     332
     360
     331
     313
     351
     347
     360
     367
     317
     306
     313
     301
     289
     328
     297
     311
     319
     288
     259
     283
     258
     296
     264
     266
     289
     259
     243
     262
     236
     235
     221
     245
     237
     221
     239
     232
     221
     237
     237
     203
     206
     214
     199
     204
     197
     200
     185
     195
     200
     212
     208
     201
     204
     181
     175
     175
     183
     180
     168
     175
     197
     178
     165
     185
     173
     187
     158
     166
     139
     161
     161
     151
     138
     171
     166
     143
     129
     158
     141
     159
     141
     146
     160
     146
     152
     141
     134
     152
     152
     142
     145
     145
     160
     155
     132
     151
     130
     156
     131
     129
     143
     139
     127
     132
     128
     124
     127
     147
     141
     128
     160
     127
     135
     139
     127
     124
     143
     130
     122
     125
     137
     148
     123
     121
     122
     147
     139
     141
     136
     144
     146
     131
     112
     128
     137
     143
     128
     127
     131
     121
     115
     119
     133
     127
     119
     130
     116
     127
     131
     119
     134
     138
     126
     143
     139
     144
     135
     139
     150
     143
     149
     169
     175
     160
     161
     188
     176
     182
     185
     194
     191
     199
     189
     201
     215
     234
     225
     251
     279
     291
     285
     319
     290
     309
     352
     385
     354
     392
     417
     427
     501
     504
     552
     525
     538
     602
     635
     672
     698
     762
     766
     785
     833
     812
     864
     939
     942
     990
    1045
    1060
    1148
    1131
    1203
    1154
    1222
    1166
    1270
    1232
    1346
    1413
    1349
    1381
    1427
    1409
    1390
    1441
    1390
    1477
    1416
    1397
    1425
    1368
    1357
    1267
    1315
    1312
    1333
    1295
    1301
    1286
    1163
    1170
    1125
    1099
    1045
     992
     954
     948
     934
     904
     859
     829
     745
     756
     697
     630
     591
     588
     518
     506
     439
     470
     406
     386
     358
     342
     299
     265
     253
     222
     231
     219
     181
     207
     170
     158
     154
     134
     117
     120
      94
      90
     101
      94
      83
      66
      79
      55
      63
      79
      71
      68
      60
      75
      70
      67
      52
      54
      49
      51
      56
      50
      58
      48
      34
      47
      54
      54
      57
      52
      64
      55
      54
      55
      63
      50
      64
      45
      49
      54
      43
      46
      48
      49
      62
      31
      43
      43
      45
      52
      49
      54
      44
      52
      45
      61
      51
      53
      50
      52
      54
      38
      42
      54
      60
      59
      52
      51
      43
      43
      53
      56
      47
      50
      42
      40
      53
      53
      44
      64
      48
      59
      50
      55
      54
      44
      49
      45
      42
      54
      45
      31
      52
      59
      48
      41
      54
      55
      54
      49
      38
      51
      48
      40
      45
      46
      45
      41
      48
      42
      51
      54
      45
      33
      54
      45
      38
      42
      40
      45
      42
      52
      43
      43
      52
      51
      58
      52
      46
      40
      37
      48
      48
      44
      57
      49
      46
      29
      53
      47
      45
      38
      43
      50
      49
      40
      47
      49
      48
      55
      46
      50
      47
      47
      40
      38
      42
      49
      40
      48
      49
      53
      43
      50
      42
      59
      45
      46
      60
      50
      51
      58
      49
      47
      51
      44
      67
      42
      58
      44
      64
      38
      49
      39
      46
      51
      52
      54
      51
      56
      33
      61
      43
      51
      41
      47
      48
      47
      38
      51
      53
      45
      44
      42
      53
      45
      52
      44
      56
      48
      46
      44
      52
      43
      65
      47
      56
      41
      42
      40
      48
      38
      39
      43
      58
      48
      31
      50
      47
      42
      52
      39
      45
      58
      46
      42
      47
      51
      48
      45
      54
      35
      55
      50
      45
      61
      56
      36
      36
      52
      37
      41
      46
      49
      51
      66
      46
      46
      49
      55
      49
      54
      39
      47
      50
      47
      48
      51
      45
      30
      48
      43
      40
      46
      48
      34
      47
      43
      61
      45
      55
      60
      54
      50
      54
      36
      56
      46
      38
      44
      44
      45
      54
      37
      46
      47
      34
      41
      48
      41
       1
       0
       0
       0
       0
       0
       0
       0
       0
       0
       0
       0
       0
       0
       0
       0
       0
       0
       0
       0
       0
       0
       0
       0
       0
       0
       0
       0
       0
       0
       0
       0
       0
       0
       0
       0
       0
       0
       0
       0
       0
       0
       0
       0
       0
       0
       0
       0
       0
       0
       0
       0
       0
       0
       0
       0
       0
       0
       0
       0
       0
       0
       0
       0
       0
       0
       0
       0
$ROI:
2
95 97
514 605
$PRESETS:
Real Time
200
0
$ENER_FIT:
-289.438599 1.280702
$MCA_CAL:
3
-2.894386E+002 1.280702E+000 0.000000E+000
$SHAPE_CAL:
3
0.000000E+000 0.000000E+000 0.000000E+000
