$SPEC_ID:
MEASURE 524.
$SPEC_REM:
DET# 1
DETDESC# MCB 25
AP# Maestro Version 6.05
$DATE_MEA:
04/05/2003 03:48:28
$MEAS_TIM:
195 200
$DATA:
0 1023
       0
       0
       0
       0
       0
       0
       0
       0
       0
       0
       0
       0
       0
       0
       0
       0
       0
       0
       0
       0
       0
       0
       0
       0
       0
       0
       0
       0
       0
       0
       0
       0
       0
       0
       0
       0
       0
       0
       0
       0
       0
       0
       0
       0
     150
     270
     256
     299
     289
     259
     269
     281
     314
     260
     284
     292
     257
     329
     274
     292
     307
     284
     275
     285
     311
     291
     337
     341
     293
     315
     316
     317
     356
     306
     351
     321
     351
     351
     342
     362
     348
     369
     391
     376
     358
     364
     361
     380
     426
     378
     378
     391
     450
     425
     445
     442
     413
     413
     443
     432
     458
     452
     491
     440
     501
     485
     485
     490
     482
     467
     508
     543
     510
     533
     554
     508
     524
     515
     525
     543
     588
     563
     581
     565
     631
     559
     582
     562
     566
     565
     634
     554
     595
     608
     614
     602
     610
     616
     647
     614
     620
     674
     625
     614
     625
     631
     642
     631
     706
     617
     643
     622
     635
     680
     631
     672
     646
     642
     650
     636
     675
     631
     654
     643
     665
     654
     669
     674
     655
     677
     632
     678
     674
     665
     608
     658
     663
     654
     675
     649
     632
     653
     648
     687
     661
     670
     701
     670
     659
     653
     603
     631
     638
     675
     664
     703
     706
     711
     662
     661
     719
     672
     684
     733
     726
     693
     736
     739
     715
     680
     724
     764
     747
     721
     677
     747
     741
     756
     767
     820
     758
     733
     763
     751
     753
     757
     774
     817
     828
     721
     776
     782
     700
     691
     734
     734
     721
     670
     698
     710
     662
     723
     656
     677
     691
     678
     655
     639
     660
     634
     676
     652
     623
     623
     623
     623
     606
     623
     574
     591
     552
     551
     587
     614
     602
     582
     599
     587
     560
     610
     534
     621
     573
     609
     570
     551
     572
     560
     585
     564
     564
     526
     540
     526
     549
     545
     542
     512
     496
     504
     479
     527
     552
     489
     505
     502
     516
     487
     534
     526
     504
     429
     493
     475
     452
     481
     478
     445
     487
     465
     444
     476
     431
     477
     448
     488
     453
     482
     461
     424
     415
     431
     438
     391
     443
     393
     462
     470
     388
     446
     456
     428
     430
     429
     419
     403
     389
     435
     398
     386
     386
     443
     408
     399
     435
     388
     404
     382
     391
     382
     386
     430
     364
     367
     320
     341
     361
     368
     395
     390
     375
     363
     374
     365
     367
     399
     379
     353
     349
     370
     364
     342
     391
     345
     380
     322
     344
     349
     330
     339
     289
     363
     332
     344
     311
     317
     320
     331
     332
     318
     335
     318
     295
     317
     317
     294
     302
     291
     273
     261
     296
     290
     266
     246
     243
     238
     254
     233
     242
     235
     216
     229
     223
     212
     232
     217
     206
     221
     212
     190
     178
     211
     183
     199
     180
     203
     204
     195
     203
     202
     178
     184
     190
     168
     166
     169
     200
     169
     160
     148
     178
     162
     157
     164
     163
     140
     150
     165
     148
     162
     143
     155
     178
     184
     146
     154
     144
     119
     156
     137
     148
     131
     151
     140
     111
     141
     159
     144
     126
     154
     130
     129
     157
     125
     132
     129
     125
     148
     147
     130
     154
     140
     125
     141
     126
     139
     123
     124
     138
     131
     133
     134
     133
     125
     130
     130
     145
     150
     108
     128
     123
     125
     122
     129
     142
     127
     134
     118
     140
     104
     125
     123
     126
     121
     124
     116
     129
     111
      98
     132
     141
     133
     129
     169
     122
     134
     121
     128
     132
     122
     136
     136
     136
     105
     132
     133
     152
     151
     160
     116
     144
     155
     157
     166
     161
     156
     152
     191
     195
     188
     191
     182
     205
     216
     229
     247
     249
     257
     254
     283
     275
     284
     319
     353
     322
     353
     379
     413
     424
     412
     432
     456
     507
     518
     562
     570
     631
     618
     720
     704
     775
     847
     777
     905
     891
     868
     959
     938
    1049
    1017
    1060
    1100
    1108
    1137
    1134
    1306
    1212
    1343
    1294
    1303
    1401
    1416
    1322
    1380
    1384
    1423
    1401
    1378
    1444
    1382
    1463
    1372
    1344
    1351
    1415
    1310
    1257
    1302
    1259
    1256
    1167
    1093
    1139
    1101
    1051
     991
    1014
     970
     860
     875
     829
     776
     739
     691
     673
     625
     594
     559
     508
     491
     436
     433
     414
     404
     341
     344
     316
     288
     286
     244
     219
     200
     203
     185
     179
     149
     116
     153
     126
     127
     113
     101
      88
      88
      81
      73
      71
      77
      68
      71
      54
      74
      59
      68
      63
      47
      42
      65
      42
      62
      66
      57
      49
      58
      61
      41
      57
      55
      49
      54
      52
      51
      42
      58
      48
      49
      54
      59
      38
      40
      57
      42
      51
      47
      67
      57
      48
      55
      46
      35
      44
      48
      42
      52
      55
      50
      61
      55
      48
      63
      44
      51
      39
      49
      50
      47
      48
      55
      49
      54
      46
      47
      43
      46
      50
      52
      47
      48
      43
      56
      48
      50
      52
      41
      37
      47
      35
      49
      36
      47
      60
      49
      48
      41
      45
      44
      45
      40
      53
      45
      34
      48
      48
      47
      38
      39
      45
      51
      63
      47
      50
      47
      57
      54
      55
      51
      28
      47
      45
      54
      52
      44
      36
      46
      42
      52
      38
      45
      43
      47
      49
      40
      43
      40
      46
      52
      44
      40
      50
      42
      45
      57
      45
      50
      45
      46
      43
      51
      55
      48
      43
      44
      49
      51
      43
      40
      48
      53
      39
      47
      35
      54
      36
      57
      48
      36
      36
      57
      50
      34
      43
      39
      57
      49
      48
      42
      48
      44
      48
      52
      47
      51
      37
      41
      41
      44
      41
      45
      36
      29
      34
      46
      47
      31
      44
      56
      49
      46
      39
      53
      51
      53
      52
      55
      29
      53
      51
      42
      41
      50
      51
      45
      46
      40
      43
      36
      43
      45
      47
      52
      46
      37
      43
      38
      31
      51
      41
      38
      48
      44
      40
      52
      54
      44
      50
      52
      45
      51
      47
      39
      48
      48
      44
      59
      62
      45
      48
      40
      51
      54
      44
      41
      57
      50
      44
      55
      48
      48
      45
      52
      44
      60
      48
      27
      58
      50
      38
      45
      51
      61
      46
      53
      53
      58
      36
      47
      41
      55
      57
      39
      31
      55
      54
      55
      52
      42
      53
      47
      53
      45
      54
      43
      35
      51
      51
      23
       0
       0
       0
       0
       0
       0
       0
       0
       0
       0
       0
       0
       0
       0
       0
       0
       0
       0
       0
       0
       0
       0
       0
       0
       0
       0
       0
       0
       0
       0
       0
       0
       0
       0
       0
       0
       0
       0
       0
       0
       0
       0
       0
       0
       0
       0
       0
       0
       0
       0
       0
       0
       0
       0
       0
       0
       0
       0
       0
       0
       0
       0
       0
       0
       0
       0
       0
       0
$ROI:
2
95 97
514 605
$PRESETS:
Real Time
200
0
$ENER_FIT:
-289.438599 1.280702
$MCA_CAL:
3
-2.894386E+002 1.280702E+000 0.000000E+000
$SHAPE_CAL:
3
0.000000E+000 0.000000E+000 0.000000E+000
