$SPEC_ID:
MEASURE 071.
$SPEC_REM:
DET# 1
DETDESC# MCB 25
AP# Maestro Version 6.05
$DATE_MEA:
04/03/2003 14:03:28
$MEAS_TIM:
195 200
$DATA:
0 1023
       0
       0
       0
       0
       0
       0
       0
       0
       0
       0
       0
       0
       0
       0
       0
       0
       0
       0
       0
       0
       0
       0
       0
       0
       0
       0
       0
       0
       0
       0
       0
       0
       0
       0
       0
       0
       0
       0
       0
       0
       0
       0
       0
       0
     179
     273
     313
     285
     301
     305
     309
     286
     332
     296
     290
     298
     313
     302
     341
     274
     318
     308
     339
     320
     347
     315
     287
     283
     342
     316
     310
     319
     347
     353
     338
     333
     349
     329
     356
     358
     346
     375
     339
     385
     359
     376
     400
     363
     408
     420
     393
     410
     415
     429
     454
     434
     439
     453
     447
     454
     460
     459
     456
     514
     511
     497
     509
     507
     532
     481
     549
     545
     543
     542
     573
     568
     542
     578
     557
     570
     557
     578
     569
     595
     617
     589
     600
     612
     602
     554
     627
     637
     626
     603
     596
     613
     622
     600
     621
     654
     652
     662
     635
     626
     637
     679
     613
     669
     611
     683
     648
     622
     668
     673
     639
     697
     648
     644
     695
     712
     669
     630
     671
     671
     687
     709
     688
     641
     705
     649
     650
     655
     632
     678
     612
     726
     621
     669
     675
     660
     632
     686
     735
     630
     672
     654
     677
     636
     656
     636
     693
     674
     663
     627
     685
     688
     707
     698
     693
     712
     665
     733
     738
     747
     750
     763
     800
     730
     782
     746
     729
     752
     766
     747
     717
     777
     779
     765
     768
     763
     764
     740
     795
     721
     718
     723
     721
     739
     738
     754
     735
     672
     739
     672
     734
     729
     735
     705
     679
     692
     679
     662
     681
     641
     622
     647
     625
     675
     631
     575
     595
     637
     605
     605
     614
     613
     623
     628
     628
     609
     574
     590
     558
     582
     575
     576
     568
     574
     571
     590
     567
     541
     601
     568
     594
     537
     549
     557
     553
     534
     564
     586
     541
     552
     529
     511
     475
     550
     526
     490
     521
     518
     520
     542
     476
     506
     528
     510
     509
     512
     460
     495
     466
     501
     452
     504
     451
     468
     434
     450
     451
     446
     445
     463
     427
     421
     433
     488
     431
     376
     418
     433
     421
     410
     421
     428
     445
     435
     402
     415
     434
     434
     406
     404
     408
     423
     379
     419
     394
     416
     401
     389
     405
     409
     446
     392
     393
     406
     363
     394
     390
     400
     352
     370
     348
     416
     377
     378
     369
     377
     382
     371
     397
     359
     343
     356
     366
     334
     354
     363
     332
     347
     347
     350
     348
     322
     333
     303
     313
     334
     317
     304
     302
     289
     302
     294
     293
     287
     272
     302
     275
     254
     290
     262
     262
     257
     284
     248
     244
     275
     226
     227
     230
     248
     228
     233
     199
     225
     216
     201
     220
     200
     205
     231
     187
     218
     201
     181
     181
     181
     185
     184
     173
     186
     173
     146
     195
     171
     176
     191
     174
     176
     151
     163
     166
     160
     175
     139
     159
     154
     177
     166
     159
     138
     153
     152
     142
     152
     127
     169
     132
     163
     160
     137
     125
     139
     126
     154
     158
     146
     130
     132
     143
     142
     138
     129
     137
     104
     141
     147
     137
     124
     140
     140
     128
     145
     132
     139
     135
     130
     127
     137
     125
     139
     144
     147
     122
     146
     147
     135
     150
     138
     113
     126
     145
     134
     124
     135
     136
     162
     137
     125
     128
     122
     135
     139
     131
     131
     128
     125
     134
     136
     123
     151
     118
     151
     135
     152
     135
     158
     138
     152
     161
     142
     139
     154
     154
     151
     153
     178
     186
     165
     177
     176
     190
     189
     238
     215
     237
     205
     238
     223
     255
     267
     287
     300
     315
     280
     362
     338
     369
     370
     409
     441
     474
     497
     512
     581
     599
     618
     645
     599
     652
     689
     730
     776
     845
     879
     906
     924
     950
    1034
    1009
    1006
    1056
    1124
    1144
    1194
    1099
    1225
    1317
    1355
    1382
    1379
    1364
    1371
    1474
    1398
    1528
    1441
    1480
    1422
    1455
    1421
    1430
    1442
    1396
    1340
    1316
    1333
    1295
    1291
    1305
    1172
    1175
    1180
    1118
    1113
    1102
    1011
     958
     961
     909
     870
     816
     801
     660
     695
     681
     670
     630
     543
     559
     520
     437
     438
     403
     441
     348
     338
     284
     266
     233
     247
     198
     210
     196
     175
     157
     154
     143
     117
     107
      82
      95
      93
     111
      87
      89
      81
      58
      70
      54
      57
      59
      65
      71
      64
      61
      55
      69
      50
      44
      54
      59
      35
      36
      64
      51
      43
      65
      56
      63
      55
      68
      55
      57
      54
      42
      52
      55
      61
      55
      58
      50
      45
      59
      59
      43
      65
      47
      60
      43
      32
      58
      59
      55
      58
      45
      38
      55
      64
      42
      51
      54
      34
      59
      53
      48
      48
      60
      59
      46
      45
      45
      37
      50
      46
      56
      55
      46
      59
      59
      47
      54
      38
      64
      45
      61
      53
      45
      40
      52
      57
      48
      38
      38
      49
      50
      58
      36
      52
      50
      50
      45
      39
      46
      40
      38
      50
      35
      58
      40
      50
      53
      52
      56
      66
      52
      52
      58
      40
      57
      49
      39
      43
      47
      50
      40
      53
      51
      50
      47
      41
      31
      45
      39
      44
      34
      60
      47
      48
      49
      47
      48
      50
      40
      54
      52
      63
      50
      49
      60
      46
      47
      48
      37
      47
      43
      39
      53
      39
      43
      34
      44
      49
      48
      45
      47
      45
      46
      40
      42
      49
      49
      43
      54
      55
      53
      36
      46
      45
      62
      46
      51
      40
      56
      57
      47
      45
      33
      44
      48
      46
      59
      44
      50
      42
      38
      45
      41
      48
      63
      46
      41
      66
      52
      41
      66
      46
      33
      48
      54
      54
      62
      44
      52
      39
      55
      51
      41
      47
      43
      55
      30
      57
      56
      42
      47
      56
      58
      49
      56
      43
      55
      51
      55
      56
      56
      41
      46
      64
      49
      51
      58
      49
      41
      34
      47
      51
      41
      57
      44
      38
      52
      52
      40
      43
      48
      43
      42
      44
      64
      48
      46
      59
      53
      54
      52
      50
      61
      49
      44
      54
      50
      55
      50
      59
      38
      51
      39
      55
      50
      53
      52
      43
      44
      45
      46
      42
      49
      52
      53
      53
      54
      44
      44
      36
      61
      55
      44
      64
      45
      48
      53
      59
      61
      51
      64
      50
      48
      42
      41
      44
      43
      37
       2
       0
       0
       0
       0
       0
       0
       0
       0
       0
       0
       0
       0
       0
       0
       0
       0
       0
       0
       0
       0
       0
       0
       0
       0
       0
       0
       0
       0
       0
       0
       0
       0
       0
       0
       0
       0
       0
       0
       0
       0
       0
       0
       0
       0
       0
       0
       0
       0
       0
       0
       0
       0
       0
       0
       0
       0
       0
       0
       0
       0
       0
       0
       0
       0
       0
       0
       0
$ROI:
2
95 97
514 605
$PRESETS:
Real Time
200
0
$ENER_FIT:
-289.438599 1.280702
$MCA_CAL:
3
-2.894386E+002 1.280702E+000 0.000000E+000
$SHAPE_CAL:
3
0.000000E+000 0.000000E+000 0.000000E+000
