$SPEC_ID:
MEASURE 253.
$SPEC_REM:
DET# 1
DETDESC# MCB 25
AP# Maestro Version 6.05
$DATE_MEA:
04/04/2003 05:13:28
$MEAS_TIM:
195 200
$DATA:
0 1023
       0
       0
       0
       0
       0
       0
       0
       0
       0
       0
       0
       0
       0
       0
       0
       0
       0
       0
       0
       0
       0
       0
       0
       0
       0
       0
       0
       0
       0
       0
       0
       0
       0
       0
       0
       0
       0
       0
       0
       0
       0
       0
       0
       0
     155
     243
     270
     287
     277
     300
     301
     261
     244
     279
     290
     263
     290
     305
     283
     311
     296
     274
     297
     274
     295
     300
     309
     306
     276
     316
     319
     319
     298
     309
     352
     351
     319
     339
     334
     338
     366
     332
     361
     329
     347
     354
     402
     389
     399
     401
     417
     380
     395
     478
     445
     414
     406
     422
     439
     439
     441
     459
     464
     486
     456
     498
     451
     487
     480
     520
     483
     531
     505
     539
     537
     531
     523
     475
     567
     514
     540
     526
     555
     539
     568
     566
     605
     570
     611
     564
     600
     613
     630
     546
     583
     639
     596
     568
     573
     633
     624
     589
     664
     635
     615
     637
     623
     612
     607
     631
     639
     657
     657
     646
     662
     619
     700
     643
     658
     656
     644
     632
     683
     672
     594
     629
     629
     671
     688
     644
     668
     638
     667
     633
     624
     628
     660
     654
     630
     625
     661
     633
     637
     663
     648
     650
     630
     647
     676
     628
     663
     651
     680
     686
     668
     668
     674
     666
     619
     668
     671
     679
     693
     694
     735
     713
     751
     708
     726
     723
     738
     731
     749
     793
     757
     754
     721
     742
     737
     787
     724
     819
     764
     732
     761
     721
     767
     723
     761
     743
     731
     740
     743
     721
     700
     776
     694
     684
     714
     632
     663
     698
     676
     635
     686
     695
     673
     653
     651
     624
     650
     624
     644
     572
     650
     609
     604
     574
     623
     668
     589
     624
     580
     551
     580
     586
     606
     549
     539
     577
     618
     567
     566
     533
     577
     562
     547
     530
     537
     553
     556
     520
     558
     556
     579
     521
     502
     568
     560
     520
     487
     489
     527
     476
     549
     525
     446
     522
     478
     475
     458
     519
     464
     471
     459
     456
     445
     466
     488
     465
     417
     492
     462
     420
     441
     423
     431
     453
     445
     444
     432
     440
     452
     414
     426
     455
     439
     442
     437
     410
     399
     437
     393
     407
     429
     432
     379
     423
     405
     419
     432
     385
     385
     392
     399
     408
     393
     404
     398
     373
     400
     404
     396
     403
     396
     381
     381
     372
     396
     374
     365
     356
     388
     342
     386
     367
     374
     359
     304
     349
     365
     358
     343
     315
     348
     355
     338
     340
     360
     364
     342
     287
     324
     339
     323
     311
     299
     286
     297
     311
     307
     303
     288
     286
     284
     267
     263
     250
     273
     240
     245
     242
     259
     259
     242
     280
     241
     243
     212
     224
     207
     213
     214
     223
     224
     204
     194
     206
     201
     204
     207
     213
     204
     175
     177
     182
     192
     183
     178
     177
     183
     186
     157
     161
     176
     168
     169
     163
     178
     165
     168
     163
     173
     166
     160
     159
     152
     177
     142
     171
     123
     159
     147
     166
     151
     129
     146
     167
     148
     157
     160
     150
     175
     142
     155
     166
     153
     142
     156
     144
     135
     126
     146
     144
     136
     159
     141
     128
     126
     134
     126
     146
     118
     135
     127
     137
     128
     120
     132
     135
     124
     147
     130
     140
     125
     141
     129
     142
     135
     132
     126
     136
     100
     127
     148
     144
     125
     138
     111
     138
     139
     137
     145
     127
     134
     145
     116
     129
     165
     142
     119
     121
     144
     118
     141
     147
     126
     124
     155
     133
     131
     148
     144
     151
     144
     150
     160
     145
     190
     144
     207
     170
     190
     204
     190
     207
     199
     204
     226
     233
     233
     264
     266
     275
     292
     324
     323
     342
     336
     347
     390
     454
     431
     470
     467
     480
     524
     580
     564
     597
     660
     689
     712
     757
     751
     790
     846
     872
     913
     934
     912
     960
    1018
    1036
    1141
    1173
    1121
    1162
    1222
    1255
    1278
    1258
    1333
    1359
    1363
    1394
    1398
    1433
    1457
    1403
    1394
    1420
    1435
    1396
    1322
    1415
    1378
    1413
    1358
    1267
    1305
    1298
    1229
    1195
    1249
    1117
    1033
    1139
    1022
    1008
     953
     919
     906
     855
     834
     773
     732
     691
     648
     607
     572
     506
     487
     497
     439
     380
     402
     357
     351
     312
     273
     267
     227
     222
     224
     222
     183
     144
     153
     150
     138
     120
     134
     110
     111
     113
     104
      85
      70
      75
      83
      60
      68
      62
      73
      60
      68
      59
      55
      51
      68
      45
      60
      58
      61
      50
      57
      55
      63
      62
      41
      57
      47
      52
      47
      36
      41
      55
      54
      48
      42
      38
      48
      58
      35
      62
      68
      44
      61
      59
      50
      42
      51
      42
      53
      52
      55
      60
      51
      42
      50
      38
      31
      52
      50
      55
      59
      49
      50
      38
      52
      47
      50
      57
      36
      43
      41
      52
      44
      59
      55
      41
      51
      50
      44
      48
      48
      50
      31
      43
      50
      52
      49
      54
      48
      44
      50
      58
      51
      46
      49
      46
      46
      38
      55
      54
      37
      50
      40
      58
      59
      36
      35
      45
      58
      42
      58
      49
      55
      51
      52
      46
      34
      53
      37
      43
      43
      42
      47
      53
      54
      47
      39
      45
      43
      56
      32
      47
      46
      57
      39
      57
      40
      51
      45
      51
      53
      44
      34
      51
      49
      59
      45
      50
      26
      40
      42
      47
      34
      48
      57
      51
      41
      51
      31
      34
      42
      54
      49
      50
      55
      40
      44
      51
      45
      48
      38
      42
      42
      47
      42
      40
      44
      36
      40
      61
      31
      52
      44
      58
      51
      57
      51
      36
      45
      48
      49
      46
      60
      39
      44
      52
      44
      40
      37
      38
      37
      52
      38
      45
      46
      45
      53
      47
      45
      59
      43
      42
      37
      53
      45
      44
      59
      41
      50
      56
      58
      37
      52
      46
      35
      44
      52
      53
      51
      48
      47
      40
      48
      50
      64
      38
      47
      42
      43
      48
      59
      54
      45
      45
      47
      58
      39
      58
      58
      48
      45
      44
      46
      56
      49
      42
      39
      52
      51
      47
      43
      47
      47
      47
      50
      33
      33
      48
      51
      40
      45
      46
      54
      44
      34
      60
      49
      37
      37
      42
      47
      61
      46
      44
      52
      45
      47
      58
      53
      45
      46
      46
      46
      54
      43
      58
      51
      60
      39
      22
       3
       0
       0
       0
       0
       0
       0
       0
       0
       0
       0
       0
       0
       0
       0
       0
       0
       0
       0
       0
       0
       0
       0
       0
       0
       0
       0
       0
       0
       0
       0
       0
       0
       0
       0
       0
       0
       0
       0
       0
       0
       0
       0
       0
       0
       0
       0
       0
       0
       0
       0
       0
       0
       0
       0
       0
       0
       0
       0
       0
       0
       0
       0
       0
       0
       0
       0
       0
$ROI:
2
95 97
514 605
$PRESETS:
Real Time
200
0
$ENER_FIT:
-289.438599 1.280702
$MCA_CAL:
3
-2.894386E+002 1.280702E+000 0.000000E+000
$SHAPE_CAL:
3
0.000000E+000 0.000000E+000 0.000000E+000
