$SPEC_ID:
MEASURE 269.
$SPEC_REM:
DET# 1
DETDESC# MCB 25
AP# Maestro Version 6.05
$DATE_MEA:
04/04/2003 06:33:28
$MEAS_TIM:
195 200
$DATA:
0 1023
       0
       0
       0
       0
       0
       0
       0
       0
       0
       0
       0
       0
       0
       0
       0
       0
       0
       0
       0
       0
       0
       0
       0
       0
       0
       0
       0
       0
       0
       0
       0
       0
       0
       0
       0
       0
       0
       0
       0
       0
       0
       0
       0
       0
     137
     293
     281
     290
     276
     294
     253
     288
     257
     272
     268
     312
     287
     241
     270
     301
     266
     266
     319
     326
     323
     299
     276
     298
     326
     313
     289
     296
     340
     298
     314
     292
     311
     325
     347
     335
     332
     352
     365
     359
     363
     374
     398
     346
     387
     414
     411
     430
     392
     401
     453
     413
     416
     449
     415
     414
     451
     485
     493
     484
     439
     459
     533
     440
     481
     514
     555
     546
     537
     539
     529
     533
     548
     534
     523
     517
     525
     574
     518
     533
     573
     597
     560
     567
     558
     555
     586
     597
     607
     614
     589
     549
     642
     615
     639
     672
     608
     638
     627
     651
     632
     621
     665
     664
     661
     679
     643
     592
     638
     652
     607
     644
     643
     627
     652
     628
     617
     612
     695
     666
     648
     686
     644
     650
     607
     660
     626
     635
     641
     688
     631
     638
     641
     665
     610
     617
     658
     677
     647
     637
     687
     671
     692
     661
     679
     709
     622
     662
     673
     679
     670
     642
     657
     670
     662
     669
     648
     654
     712
     686
     663
     725
     720
     726
     738
     744
     698
     735
     778
     719
     690
     773
     743
     752
     733
     706
     793
     715
     760
     730
     754
     729
     755
     765
     760
     777
     760
     702
     722
     713
     716
     669
     701
     672
     686
     646
     698
     668
     676
     630
     652
     678
     674
     614
     656
     640
     653
     642
     615
     576
     626
     588
     599
     597
     635
     582
     594
     649
     602
     622
     625
     595
     578
     565
     568
     596
     575
     549
     560
     541
     545
     556
     526
     561
     523
     528
     540
     520
     525
     501
     544
     520
     503
     502
     515
     548
     506
     542
     534
     520
     525
     487
     502
     495
     466
     475
     478
     442
     463
     510
     526
     474
     454
     484
     477
     432
     455
     458
     461
     450
     450
     433
     430
     423
     454
     450
     462
     425
     429
     452
     450
     397
     411
     450
     406
     417
     414
     434
     400
     429
     398
     403
     410
     430
     399
     396
     438
     450
     422
     389
     384
     387
     429
     426
     366
     385
     381
     374
     362
     358
     394
     371
     375
     380
     367
     409
     419
     354
     403
     383
     385
     340
     371
     397
     358
     350
     354
     354
     352
     325
     376
     363
     348
     358
     345
     338
     314
     292
     320
     348
     321
     333
     283
     299
     318
     285
     279
     289
     299
     277
     305
     277
     278
     278
     257
     273
     250
     237
     233
     267
     219
     239
     227
     213
     222
     240
     243
     222
     181
     233
     241
     221
     206
     212
     173
     175
     196
     194
     195
     219
     193
     201
     192
     176
     168
     174
     190
     160
     159
     160
     170
     166
     163
     161
     168
     171
     154
     177
     173
     160
     183
     135
     142
     145
     171
     148
     155
     158
     146
     150
     147
     151
     134
     162
     150
     147
     147
     157
     147
     153
     151
     157
     138
     133
     145
     147
     138
     126
     142
     133
     131
     141
     147
     125
     133
     144
     126
     147
     154
     122
     145
     128
     126
     129
     132
     112
     124
     130
     143
     138
     123
     132
     133
     124
     144
     127
     141
     113
     132
     150
     134
     119
     136
     105
     115
     136
     131
     134
     120
     141
      92
     143
     116
     121
     124
     130
     118
     127
     139
     156
     116
     154
     134
     133
     169
     140
     135
     141
     152
     165
     144
     138
     179
     171
     156
     166
     167
     181
     174
     199
     200
     225
     202
     205
     197
     222
     244
     263
     255
     266
     290
     285
     299
     333
     344
     376
     382
     366
     352
     439
     466
     474
     496
     554
     540
     582
     645
     619
     654
     711
     799
     763
     813
     856
     914
     908
     957
     977
    1005
    1019
    1043
    1106
    1156
    1132
    1191
    1236
    1274
    1295
    1298
    1292
    1341
    1353
    1377
    1443
    1420
    1431
    1429
    1408
    1400
    1378
    1342
    1363
    1344
    1406
    1322
    1313
    1339
    1311
    1270
    1229
    1144
    1104
    1122
    1027
    1026
    1036
     957
     940
     940
     857
     791
     764
     742
     705
     672
     631
     593
     560
     490
     485
     446
     415
     422
     378
     386
     316
     323
     297
     276
     261
     207
     213
     206
     163
     157
     167
     134
     147
     119
     116
     106
     109
     131
     107
      78
      89
      74
      67
      74
      67
      58
      57
      73
      72
      42
      56
      69
      70
      53
      45
      55
      60
      65
      61
      56
      54
      62
      58
      49
      51
      51
      51
      48
      49
      47
      53
      63
      50
      56
      48
      50
      46
      45
      50
      65
      51
      50
      42
      64
      54
      40
      70
      49
      53
      50
      46
      63
      58
      60
      38
      53
      53
      65
      60
      47
      57
      54
      52
      52
      45
      43
      54
      52
      57
      45
      46
      49
      44
      44
      52
      36
      33
      52
      53
      52
      51
      54
      51
      56
      50
      42
      51
      46
      37
      48
      47
      45
      48
      52
      52
      35
      38
      36
      50
      43
      40
      55
      44
      49
      51
      52
      39
      38
      48
      63
      47
      41
      39
      45
      49
      47
      45
      47
      50
      50
      47
      46
      37
      48
      52
      50
      43
      45
      36
      29
      55
      47
      38
      36
      48
      40
      40
      46
      52
      41
      47
      44
      53
      41
      45
      61
      41
      50
      59
      47
      53
      53
      44
      49
      41
      46
      46
      46
      44
      54
      46
      43
      57
      38
      52
      57
      42
      48
      50
      43
      44
      37
      61
      55
      47
      44
      50
      51
      47
      50
      37
      42
      48
      46
      39
      42
      43
      60
      49
      43
      42
      48
      44
      47
      41
      35
      40
      39
      51
      45
      46
      37
      46
      42
      52
      46
      56
      46
      44
      42
      44
      49
      52
      60
      43
      48
      58
      50
      46
      54
      47
      42
      49
      56
      56
      53
      43
      52
      48
      45
      47
      37
      51
      53
      50
      54
      40
      49
      49
      39
      50
      44
      53
      46
      51
      51
      41
      57
      46
      44
      47
      49
      52
      40
      41
      47
      58
      43
      51
      42
      46
      48
      47
      39
      54
      57
      47
      48
      49
      46
      45
      57
      58
      49
      50
      52
      41
      51
      45
      50
      50
      47
      42
      41
      44
      47
      57
      47
      38
      46
      48
      46
      46
      59
      36
      52
      34
       3
       0
       0
       0
       0
       0
       0
       0
       0
       0
       0
       0
       0
       0
       0
       0
       0
       0
       0
       0
       0
       0
       0
       0
       0
       0
       0
       0
       0
       0
       0
       0
       0
       0
       0
       0
       0
       0
       0
       0
       0
       0
       0
       0
       0
       0
       0
       0
       0
       0
       0
       0
       0
       0
       0
       0
       0
       0
       0
       0
       0
       0
       0
       0
       0
       0
       0
       0
$ROI:
2
95 97
514 605
$PRESETS:
Real Time
200
0
$ENER_FIT:
-289.438599 1.280702
$MCA_CAL:
3
-2.894386E+002 1.280702E+000 0.000000E+000
$SHAPE_CAL:
3
0.000000E+000 0.000000E+000 0.000000E+000
