$SPEC_ID:
MEASURE 018.
$SPEC_REM:
DET# 1
DETDESC# MCB 25
AP# Maestro Version 6.05
$DATE_MEA:
04/03/2003 09:38:28
$MEAS_TIM:
195 200
$DATA:
0 1023
       0
       0
       0
       0
       0
       0
       0
       0
       0
       0
       0
       0
       0
       0
       0
       0
       0
       0
       0
       0
       0
       0
       0
       0
       0
       0
       0
       0
       0
       0
       0
       0
       0
       0
       0
       0
       0
       0
       0
       0
       0
       0
       0
       0
     177
     287
     279
     289
     285
     268
     307
     283
     301
     321
     271
     296
     279
     289
     303
     301
     284
     292
     312
     321
     337
     298
     307
     329
     287
     317
     318
     352
     331
     311
     367
     321
     365
     355
     343
     368
     353
     389
     353
     364
     387
     373
     392
     400
     423
     410
     448
     431
     448
     451
     418
     450
     492
     446
     496
     510
     480
     491
     520
     541
     527
     558
     503
     543
     546
     546
     517
     508
     555
     595
     537
     549
     556
     583
     520
     554
     533
     573
     557
     577
     589
     592
     597
     624
     611
     590
     597
     602
     601
     632
     661
     629
     623
     614
     620
     666
     660
     622
     602
     625
     595
     654
     701
     636
     592
     686
     703
     702
     648
     659
     647
     635
     689
     668
     685
     677
     716
     643
     687
     656
     686
     705
     650
     641
     682
     675
     651
     649
     639
     666
     668
     666
     691
     622
     640
     617
     710
     661
     695
     664
     656
     673
     639
     673
     692
     641
     673
     664
     656
     659
     740
     683
     688
     758
     749
     735
     692
     708
     707
     772
     749
     732
     804
     746
     749
     805
     757
     763
     766
     717
     725
     783
     741
     754
     762
     779
     771
     849
     743
     733
     784
     730
     752
     759
     673
     725
     757
     675
     746
     769
     718
     722
     655
     694
     684
     654
     694
     640
     619
     681
     638
     657
     635
     630
     596
     619
     610
     605
     624
     593
     648
     629
     571
     574
     615
     571
     590
     567
     582
     589
     603
     579
     520
     561
     531
     573
     585
     585
     596
     514
     534
     511
     566
     539
     524
     541
     525
     518
     521
     551
     551
     528
     541
     501
     509
     499
     492
     510
     519
     510
     473
     467
     496
     469
     474
     505
     483
     457
     504
     446
     474
     463
     471
     477
     423
     469
     449
     431
     433
     439
     456
     442
     417
     414
     453
     421
     435
     444
     449
     405
     449
     431
     402
     459
     417
     407
     454
     412
     417
     438
     398
     445
     429
     410
     411
     457
     438
     392
     392
     401
     389
     423
     373
     394
     377
     420
     379
     387
     377
     362
     370
     412
     371
     390
     354
     409
     378
     375
     372
     379
     329
     366
     343
     334
     308
     352
     322
     305
     325
     302
     314
     286
     324
     336
     301
     300
     345
     297
     312
     327
     306
     276
     298
     275
     251
     303
     258
     265
     267
     263
     232
     241
     218
     252
     245
     236
     229
     226
     235
     234
     206
     251
     221
     185
     222
     208
     221
     220
     219
     199
     178
     204
     193
     185
     205
     176
     182
     207
     187
     180
     168
     158
     165
     175
     191
     181
     174
     186
     149
     186
     156
     156
     146
     180
     169
     190
     158
     159
     147
     139
     167
     167
     150
     168
     168
     163
     163
     143
     143
     169
     146
     159
     143
     141
     136
     136
     143
     138
     155
     154
     136
     138
     147
     133
     156
     142
     128
     137
     122
     127
     143
     144
     131
     116
     124
     140
     130
     137
     111
     138
     111
     131
     125
     140
     138
     139
     150
     129
     149
     126
     120
     131
     132
     151
     120
     133
     120
     117
     137
     122
     118
     129
     154
     132
     142
     136
     133
     143
     140
     147
     172
     143
     143
     133
     137
     156
     149
     165
     166
     176
     169
     174
     172
     191
     201
     190
     195
     224
     207
     218
     224
     246
     251
     269
     262
     286
     324
     324
     365
     353
     378
     404
     428
     430
     409
     458
     459
     518
     580
     563
     574
     653
     675
     685
     733
     775
     808
     855
     894
     906
    1023
    1018
     988
    1023
    1052
    1132
    1183
    1240
    1236
    1236
    1322
    1392
    1387
    1351
    1390
    1416
    1400
    1355
    1449
    1398
    1477
    1406
    1501
    1417
    1517
    1431
    1454
    1417
    1419
    1348
    1328
    1307
    1272
    1249
    1252
    1168
    1183
    1070
    1168
    1053
     957
     861
     927
     827
     874
     783
     751
     744
     669
     584
     607
     550
     513
     477
     450
     411
     405
     360
     348
     318
     297
     288
     262
     261
     209
     183
     181
     184
     130
     156
     155
     108
     129
     122
     112
     102
     104
      84
      78
      74
      71
      76
      63
      65
      73
      73
      58
      55
      53
      62
      52
      44
      55
      47
      51
      55
      61
      62
      55
      71
      58
      36
      52
      56
      47
      49
      47
      67
      59
      48
      58
      47
      52
      64
      41
      58
      53
      49
      51
      62
      58
      51
      56
      63
      61
      44
      52
      56
      48
      56
      54
      54
      50
      55
      31
      58
      54
      50
      42
      63
      43
      46
      58
      52
      51
      47
      54
      41
      49
      63
      45
      48
      46
      44
      55
      51
      56
      57
      55
      53
      47
      56
      53
      52
      54
      55
      38
      42
      36
      48
      54
      52
      53
      44
      43
      43
      41
      45
      54
      49
      43
      53
      47
      51
      60
      38
      65
      54
      47
      66
      51
      48
      52
      50
      52
      49
      43
      54
      50
      46
      31
      43
      48
      65
      42
      46
      44
      37
      39
      54
      39
      49
      47
      49
      51
      46
      47
      54
      38
      56
      45
      42
      37
      44
      53
      46
      39
      54
      57
      55
      56
      46
      49
      45
      43
      43
      50
      50
      56
      52
      41
      49
      47
      44
      43
      48
      52
      45
      42
      50
      44
      59
      46
      46
      53
      52
      57
      46
      53
      64
      49
      39
      50
      53
      50
      59
      46
      63
      52
      42
      46
      46
      43
      42
      49
      49
      49
      47
      48
      50
      45
      50
      55
      50
      46
      32
      50
      68
      49
      48
      47
      42
      51
      48
      34
      33
      43
      40
      41
      49
      49
      52
      52
      47
      51
      54
      55
      41
      51
      47
      43
      53
      47
      42
      37
      54
      54
      42
      55
      57
      55
      44
      57
      50
      53
      50
      50
      41
      49
      52
      51
      41
      37
      50
      44
      40
      60
      53
      61
      49
      55
      57
      37
      53
      49
      62
      40
      61
      52
      40
      53
      47
      44
      48
      56
      54
      58
      50
      60
      38
      66
      51
      38
      62
      48
      54
      40
      53
      63
      49
      57
      58
      51
      47
      57
      55
      56
      54
      38
      67
      58
      53
      62
      38
      47
      47
      53
      46
      51
      54
      49
      47
       1
       0
       0
       0
       0
       0
       0
       0
       0
       0
       0
       0
       0
       0
       0
       0
       0
       0
       0
       0
       0
       0
       0
       0
       0
       0
       0
       0
       0
       0
       0
       0
       0
       0
       0
       0
       0
       0
       0
       0
       0
       0
       0
       0
       0
       0
       0
       0
       0
       0
       0
       0
       0
       0
       0
       0
       0
       0
       0
       0
       0
       0
       0
       0
       0
       0
       0
       0
$ROI:
2
95 97
514 605
$PRESETS:
Real Time
200
0
$ENER_FIT:
-289.438599 1.280702
$MCA_CAL:
3
-2.894386E+002 1.280702E+000 0.000000E+000
$SHAPE_CAL:
3
0.000000E+000 0.000000E+000 0.000000E+000
