$SPEC_ID:
MEASURE 034.
$SPEC_REM:
DET# 1
DETDESC# MCB 25
AP# Maestro Version 6.05
$DATE_MEA:
04/03/2003 10:58:28
$MEAS_TIM:
195 200
$DATA:
0 1023
       0
       0
       0
       0
       0
       0
       0
       0
       0
       0
       0
       0
       0
       0
       0
       0
       0
       0
       0
       0
       0
       0
       0
       0
       0
       0
       0
       0
       0
       0
       0
       0
       0
       0
       0
       0
       0
       0
       0
       0
       0
       0
       0
       0
     147
     296
     284
     284
     277
     280
     290
     287
     272
     294
     294
     298
     308
     316
     318
     285
     298
     310
     340
     284
     321
     314
     313
     322
     304
     322
     338
     361
     360
     342
     342
     300
     376
     336
     327
     333
     399
     376
     398
     391
     376
     373
     415
     423
     393
     425
     431
     400
     416
     429
     456
     460
     483
     441
     480
     451
     519
     457
     511
     466
     490
     523
     490
     490
     512
     552
     523
     571
     527
     514
     544
     549
     534
     553
     557
     565
     573
     567
     592
     593
     583
     589
     582
     588
     634
     558
     592
     580
     629
     631
     654
     579
     607
     643
     625
     620
     663
     682
     641
     644
     688
     608
     721
     658
     652
     689
     667
     667
     691
     663
     662
     675
     715
     664
     661
     715
     728
     694
     691
     714
     647
     620
     691
     669
     674
     730
     723
     667
     662
     672
     622
     685
     626
     704
     605
     611
     668
     663
     622
     688
     660
     677
     641
     672
     678
     628
     701
     694
     684
     696
     664
     669
     687
     719
     673
     700
     722
     736
     749
     785
     772
     725
     753
     790
     758
     779
     784
     789
     737
     769
     748
     769
     762
     797
     710
     727
     815
     724
     774
     747
     722
     765
     756
     688
     694
     758
     708
     689
     752
     717
     665
     726
     750
     721
     682
     640
     669
     677
     647
     663
     614
     657
     649
     627
     597
     661
     612
     658
     606
     638
     674
     657
     600
     633
     610
     578
     665
     618
     606
     593
     548
     579
     554
     589
     597
     544
     577
     606
     514
     536
     541
     569
     519
     499
     532
     557
     544
     544
     502
     516
     539
     515
     516
     501
     524
     509
     536
     500
     489
     472
     468
     483
     496
     455
     510
     530
     465
     500
     475
     464
     450
     447
     461
     440
     467
     472
     463
     426
     454
     427
     413
     481
     441
     459
     440
     446
     398
     399
     453
     429
     449
     385
     454
     437
     416
     425
     406
     405
     428
     408
     391
     453
     425
     435
     397
     390
     396
     385
     396
     385
     414
     379
     389
     365
     370
     369
     400
     435
     403
     391
     372
     370
     383
     359
     364
     338
     383
     326
     324
     370
     363
     348
     362
     341
     349
     351
     374
     340
     351
     343
     339
     309
     310
     351
     306
     321
     286
     301
     293
     295
     285
     306
     276
     290
     281
     274
     266
     247
     239
     292
     255
     249
     240
     242
     249
     239
     248
     229
     207
     226
     259
     187
     240
     191
     191
     200
     183
     200
     201
     156
     200
     217
     182
     178
     209
     183
     194
     185
     186
     177
     176
     199
     189
     169
     208
     155
     177
     188
     172
     181
     147
     162
     159
     172
     182
     158
     159
     148
     157
     154
     174
     164
     142
     162
     140
     136
     144
     135
     150
     143
     142
     153
     163
     150
     115
     145
     133
     137
     139
     146
     127
     138
     134
     127
     132
     129
     133
     133
     130
     150
     148
     141
     138
     152
     149
     127
     121
     136
     130
     143
     114
     152
     146
     147
     143
     153
     120
     128
     113
     150
     161
     124
     131
     124
     124
     142
     130
     152
     146
     131
     121
     142
     112
     118
     151
     151
     127
     130
     153
     117
     145
     140
     125
     145
     143
     147
     146
     141
     181
     153
     168
     179
     169
     168
     163
     201
     164
     182
     191
     224
     189
     235
     238
     269
     279
     288
     293
     308
     324
     325
     350
     349
     365
     361
     412
     444
     461
     507
     496
     546
     579
     584
     602
     681
     661
     687
     744
     768
     820
     855
     924
     927
     965
     997
    1054
    1062
    1098
    1069
    1211
    1242
    1260
    1194
    1280
    1362
    1286
    1343
    1436
    1314
    1387
    1406
    1491
    1406
    1465
    1418
    1497
    1402
    1402
    1366
    1418
    1419
    1419
    1383
    1298
    1321
    1276
    1288
    1245
    1167
    1143
    1067
    1075
     977
    1000
     902
     855
     884
     797
     760
     706
     719
     649
     613
     588
     545
     546
     492
     439
     447
     345
     359
     327
     335
     313
     275
     254
     277
     212
     202
     162
     174
     152
     150
     150
     115
     122
      94
      98
      99
      95
      78
      97
      73
      67
      61
      59
      89
      62
      66
      79
      55
      57
      63
      52
      59
      70
      55
      46
      50
      52
      66
      48
      57
      48
      56
      40
      53
      47
      71
      41
      68
      54
      63
      53
      56
      57
      47
      54
      56
      51
      48
      61
      47
      49
      48
      58
      55
      70
      52
      53
      52
      66
      36
      63
      30
      41
      36
      52
      52
      45
      59
      59
      41
      51
      50
      61
      58
      43
      56
      55
      41
      40
      59
      41
      55
      48
      53
      51
      51
      48
      47
      52
      51
      44
      53
      56
      59
      49
      57
      43
      36
      50
      46
      54
      55
      47
      39
      42
      54
      48
      56
      52
      37
      53
      50
      46
      62
      52
      39
      53
      35
      43
      49
      58
      47
      53
      50
      39
      50
      48
      41
      35
      42
      49
      40
      46
      53
      53
      59
      52
      42
      42
      49
      53
      51
      51
      47
      47
      54
      43
      45
      45
      41
      43
      35
      45
      54
      52
      53
      47
      44
      34
      54
      51
      44
      39
      46
      50
      46
      49
      41
      48
      50
      51
      43
      50
      49
      49
      48
      41
      45
      52
      46
      49
      33
      47
      42
      50
      43
      39
      49
      43
      54
      44
      37
      47
      45
      41
      60
      46
      50
      54
      63
      44
      51
      46
      44
      44
      48
      51
      49
      41
      48
      47
      51
      49
      38
      53
      47
      50
      32
      43
      37
      45
      40
      59
      60
      52
      59
      62
      59
      53
      51
      48
      47
      46
      51
      61
      57
      34
      47
      48
      48
      58
      48
      57
      42
      79
      55
      47
      48
      45
      45
      45
      53
      55
      32
      53
      38
      40
      47
      47
      47
      48
      48
      49
      54
      48
      40
      62
      55
      59
      49
      49
      55
      41
      63
      40
      50
      46
      40
      46
      57
      56
      46
      38
      46
      42
      62
      50
      57
      54
      44
      56
      47
      51
      45
      54
      39
      46
      56
      46
      52
      48
      46
      52
      63
      29
      43
      47
      51
      51
      50
      48
      45
      57
      45
      60
      55
      39
      60
      46
      41
       2
       0
       0
       0
       0
       0
       0
       0
       0
       0
       0
       0
       0
       0
       0
       0
       0
       0
       0
       0
       0
       0
       0
       0
       0
       0
       0
       0
       0
       0
       0
       0
       0
       0
       0
       0
       0
       0
       0
       0
       0
       0
       0
       0
       0
       0
       0
       0
       0
       0
       0
       0
       0
       0
       0
       0
       0
       0
       0
       0
       0
       0
       0
       0
       0
       0
       0
       0
$ROI:
2
95 97
514 605
$PRESETS:
Real Time
200
0
$ENER_FIT:
-289.438599 1.280702
$MCA_CAL:
3
-2.894386E+002 1.280702E+000 0.000000E+000
$SHAPE_CAL:
3
0.000000E+000 0.000000E+000 0.000000E+000
