$SPEC_ID:
MEASURE 212.
$SPEC_REM:
DET# 1
DETDESC# MCB 25
AP# Maestro Version 6.05
$DATE_MEA:
04/04/2003 01:48:28
$MEAS_TIM:
195 200
$DATA:
0 1023
       0
       0
       0
       0
       0
       0
       0
       0
       0
       0
       0
       0
       0
       0
       0
       0
       0
       0
       0
       0
       0
       0
       0
       0
       0
       0
       0
       0
       0
       0
       0
       0
       0
       0
       0
       0
       0
       0
       0
       0
       0
       0
       0
       0
     173
     290
     315
     278
     287
     309
     280
     332
     287
     278
     298
     282
     281
     280
     285
     329
     265
     310
     286
     299
     310
     303
     311
     314
     293
     330
     308
     331
     312
     330
     332
     322
     323
     343
     355
     335
     358
     388
     359
     341
     360
     383
     398
     355
     406
     417
     399
     410
     433
     414
     406
     422
     413
     412
     458
     472
     460
     470
     446
     510
     456
     493
     501
     476
     514
     510
     531
     521
     540
     552
     526
     506
     513
     504
     525
     553
     543
     526
     556
     536
     571
     582
     572
     620
     571
     593
     602
     585
     571
     586
     580
     620
     589
     587
     603
     643
     623
     665
     615
     643
     594
     673
     660
     664
     638
     684
     639
     659
     612
     680
     633
     635
     615
     666
     736
     654
     655
     646
     651
     697
     675
     647
     666
     674
     692
     662
     656
     656
     633
     633
     686
     642
     618
     627
     662
     683
     634
     682
     658
     631
     610
     652
     609
     664
     659
     648
     670
     654
     681
     682
     671
     640
     711
     654
     634
     633
     732
     675
     723
     678
     681
     704
     701
     737
     727
     726
     771
     746
     731
     743
     773
     752
     777
     731
     740
     752
     828
     746
     795
     815
     756
     740
     753
     764
     727
     704
     705
     699
     753
     692
     668
     685
     677
     669
     672
     657
     642
     666
     628
     632
     646
     666
     629
     613
     647
     607
     631
     631
     616
     637
     580
     621
     643
     614
     576
     556
     580
     612
     561
     575
     561
     581
     603
     575
     568
     565
     609
     577
     580
     559
     557
     563
     558
     546
     554
     541
     514
     547
     519
     515
     487
     565
     527
     544
     507
     538
     518
     480
     492
     501
     520
     526
     477
     479
     501
     469
     453
     477
     467
     469
     469
     430
     451
     471
     428
     484
     488
     458
     486
     419
     455
     446
     434
     469
     393
     426
     452
     388
     406
     416
     448
     429
     433
     382
     427
     415
     399
     405
     406
     420
     413
     444
     387
     409
     396
     438
     379
     416
     450
     432
     400
     390
     369
     401
     396
     359
     421
     386
     384
     377
     382
     372
     401
     399
     398
     380
     390
     375
     385
     362
     374
     371
     362
     319
     358
     361
     362
     349
     347
     364
     329
     343
     350
     322
     313
     365
     318
     313
     313
     330
     293
     337
     293
     305
     316
     290
     305
     321
     284
     283
     277
     286
     271
     287
     271
     254
     253
     255
     267
     260
     250
     230
     224
     253
     227
     228
     205
     221
     214
     204
     188
     177
     211
     200
     202
     186
     207
     191
     168
     189
     169
     208
     179
     191
     194
     167
     165
     153
     166
     169
     196
     189
     152
     158
     164
     171
     152
     179
     148
     169
     162
     143
     150
     159
     143
     155
     171
     159
     158
     157
     144
     167
     148
     145
     146
     142
     157
     149
     136
     132
     138
     129
     123
     133
     145
     136
     130
     123
     180
     136
     137
     131
     124
     120
     126
     164
     135
     148
     149
     127
     130
     130
     135
     126
     125
     125
     142
     108
     128
     147
     131
     145
     122
     111
     121
     122
     115
     128
     143
     141
     133
     136
     122
     138
     102
     117
     124
     143
     128
     142
     123
     119
     131
     138
     144
     125
     147
     131
     140
     115
     137
     135
     124
     161
     152
     131
     148
     135
     174
     149
     148
     157
     160
     153
     174
     178
     191
     198
     194
     208
     197
     219
     235
     220
     223
     304
     262
     270
     312
     320
     305
     329
     336
     364
     346
     393
     409
     424
     518
     485
     517
     542
     624
     577
     643
     715
     676
     729
     758
     836
     780
     854
     895
     913
     944
     990
     996
    1029
    1104
    1154
    1128
    1184
    1249
    1252
    1272
    1244
    1380
    1339
    1356
    1349
    1333
    1392
    1382
    1577
    1448
    1390
    1434
    1367
    1416
    1360
    1363
    1322
    1446
    1364
    1322
    1319
    1249
    1269
    1235
    1172
    1126
    1037
     984
    1055
     924
     902
     912
     863
     780
     779
     706
     717
     677
     632
     595
     580
     548
     445
     457
     389
     413
     335
     337
     327
     299
     273
     266
     235
     224
     191
     184
     180
     158
     140
     158
     141
     124
     114
     107
      91
     100
      82
      79
      77
      92
      67
      68
      56
      59
      44
      61
      74
      68
      62
      50
      38
      50
      53
      52
      56
      55
      62
      62
      42
      46
      60
      49
      56
      64
      45
      61
      53
      49
      46
      61
      58
      37
      55
      50
      50
      56
      52
      60
      53
      45
      55
      50
      60
      44
      53
      47
      45
      43
      52
      35
      52
      50
      57
      56
      49
      51
      34
      50
      53
      45
      54
      58
      42
      48
      52
      47
      38
      47
      52
      46
      44
      45
      54
      50
      52
      60
      45
      46
      48
      54
      46
      43
      45
      48
      48
      47
      54
      45
      54
      48
      52
      52
      61
      52
      44
      50
      43
      50
      54
      50
      54
      47
      39
      55
      42
      45
      46
      47
      53
      40
      50
      41
      48
      54
      37
      56
      47
      49
      45
      51
      60
      51
      63
      35
      46
      44
      57
      60
      47
      60
      52
      60
      47
      57
      45
      37
      47
      58
      43
      43
      55
      49
      52
      48
      57
      45
      40
      37
      45
      46
      46
      37
      52
      55
      50
      37
      50
      47
      49
      43
      40
      49
      46
      43
      41
      44
      37
      46
      51
      46
      48
      59
      50
      49
      37
      45
      50
      44
      47
      58
      36
      47
      44
      56
      42
      47
      43
      58
      45
      37
      56
      45
      38
      42
      51
      48
      44
      43
      33
      40
      50
      43
      52
      49
      48
      40
      50
      49
      57
      39
      56
      57
      55
      54
      40
      43
      47
      45
      53
      42
      57
      54
      42
      47
      50
      37
      45
      37
      39
      48
      64
      59
      52
      42
      50
      47
      52
      47
      60
      40
      43
      44
      40
      53
      43
      55
      56
      46
      41
      45
      47
      58
      45
      51
      48
      44
      37
      56
      46
      50
      48
      47
      34
      50
      42
      49
      56
      48
      41
      63
      48
      29
      63
      57
      58
      46
      59
      47
      38
      57
      49
      61
      49
      48
      54
      55
      53
      57
      40
      41
      45
      46
      48
      46
      41
      50
      29
       1
       0
       0
       0
       0
       0
       0
       0
       0
       0
       0
       0
       0
       0
       0
       0
       0
       0
       0
       0
       0
       0
       0
       0
       0
       0
       0
       0
       0
       0
       0
       0
       0
       0
       0
       0
       0
       0
       0
       0
       0
       0
       0
       0
       0
       0
       0
       0
       0
       0
       0
       0
       0
       0
       0
       0
       0
       0
       0
       0
       0
       0
       0
       0
       0
       0
       0
       0
$ROI:
2
95 97
514 605
$PRESETS:
Real Time
200
0
$ENER_FIT:
-289.438599 1.280702
$MCA_CAL:
3
-2.894386E+002 1.280702E+000 0.000000E+000
$SHAPE_CAL:
3
0.000000E+000 0.000000E+000 0.000000E+000
