$SPEC_ID:
MEASURE 044.
$SPEC_REM:
DET# 1
DETDESC# MCB 25
AP# Maestro Version 6.05
$DATE_MEA:
04/03/2003 11:48:28
$MEAS_TIM:
195 200
$DATA:
0 1023
       0
       0
       0
       0
       0
       0
       0
       0
       0
       0
       0
       0
       0
       0
       0
       0
       0
       0
       0
       0
       0
       0
       0
       0
       0
       0
       0
       0
       0
       0
       0
       0
       0
       0
       0
       0
       0
       0
       0
       0
       0
       0
       0
       0
     154
     272
     285
     291
     288
     288
     278
     262
     303
     297
     286
     312
     312
     296
     283
     338
     287
     304
     296
     280
     347
     308
     291
     290
     307
     321
     332
     274
     320
     332
     370
     394
     337
     364
     332
     358
     383
     352
     361
     372
     407
     381
     385
     390
     403
     405
     427
     413
     452
     390
     419
     483
     448
     449
     487
     440
     435
     449
     472
     458
     498
     535
     538
     536
     486
     493
     554
     499
     527
     485
     545
     560
     572
     578
     554
     552
     548
     535
     601
     565
     617
     547
     633
     589
     615
     599
     585
     651
     619
     631
     578
     614
     606
     619
     658
     629
     655
     655
     681
     666
     658
     616
     670
     623
     700
     641
     676
     676
     669
     638
     730
     656
     695
     675
     729
     666
     663
     690
     717
     671
     683
     716
     723
     645
     656
     696
     660
     681
     695
     618
     647
     663
     669
     632
     652
     690
     653
     688
     614
     672
     652
     653
     633
     688
     669
     702
     689
     662
     638
     764
     686
     709
     678
     686
     726
     659
     677
     751
     741
     721
     752
     718
     723
     756
     781
     793
     778
     764
     828
     738
     823
     772
     711
     790
     776
     803
     770
     756
     730
     791
     779
     784
     741
     764
     731
     755
     712
     727
     675
     680
     681
     704
     680
     690
     704
     686
     679
     670
     657
     696
     634
     666
     595
     611
     632
     648
     603
     688
     619
     609
     630
     588
     625
     598
     604
     628
     611
     565
     567
     649
     597
     619
     578
     556
     552
     552
     566
     568
     516
     641
     544
     544
     560
     527
     520
     536
     552
     530
     522
     541
     537
     488
     509
     553
     516
     491
     484
     533
     514
     504
     500
     474
     466
     518
     492
     443
     496
     477
     494
     497
     482
     451
     456
     503
     450
     467
     465
     471
     424
     443
     422
     446
     418
     447
     447
     441
     452
     427
     436
     473
     426
     452
     421
     422
     475
     409
     426
     395
     414
     432
     449
     391
     409
     376
     427
     404
     422
     390
     391
     401
     402
     374
     407
     401
     383
     351
     395
     389
     355
     388
     384
     360
     383
     350
     398
     395
     366
     396
     376
     350
     346
     338
     372
     363
     342
     348
     324
     339
     310
     328
     364
     319
     327
     311
     314
     322
     339
     309
     310
     296
     273
     264
     271
     271
     277
     294
     268
     275
     261
     289
     228
     265
     253
     245
     271
     231
     217
     226
     227
     221
     232
     210
     199
     203
     221
     222
     173
     210
     214
     179
     183
     219
     185
     171
     201
     203
     179
     187
     194
     160
     162
     144
     174
     172
     180
     142
     168
     166
     184
     170
     169
     169
     166
     183
     172
     165
     157
     154
     163
     125
     170
     136
     154
     160
     158
     151
     151
     146
     158
     145
     141
     161
     154
     131
     152
     160
     160
     158
     137
     115
     136
     135
     133
     112
     116
     148
     134
     138
     147
     144
     150
     141
     160
     154
     131
     157
     156
     134
     129
     161
     117
     126
     149
     122
     131
     125
     136
     136
     117
     123
     132
     131
     146
     120
     136
     137
     138
     152
     138
     138
     134
     115
     127
     108
     131
     130
     143
     131
     139
     152
     133
     127
     160
     156
     124
     131
     165
     153
     145
     159
     154
     139
     181
     183
     210
     172
     174
     181
     201
     192
     210
     221
     207
     223
     253
     221
     253
     281
     284
     292
     286
     358
     348
     375
     383
     428
     481
     466
     454
     492
     558
     537
     583
     651
     676
     720
     750
     743
     774
     851
     891
     879
     930
     933
     953
    1029
    1057
    1093
    1129
    1241
    1162
    1168
    1291
    1294
    1291
    1345
    1339
    1407
    1375
    1459
    1423
    1446
    1443
    1404
    1471
    1377
    1445
    1453
    1452
    1404
    1380
    1377
    1379
    1321
    1275
    1327
    1269
    1248
    1212
    1127
    1134
    1123
    1052
     986
     990
     929
     830
     832
     813
     748
     720
     661
     625
     576
     554
     483
     454
     458
     418
     390
     391
     322
     303
     275
     268
     252
     240
     222
     218
     172
     184
     163
     141
     134
      99
     132
     115
     115
      91
      92
      76
      86
     105
      74
      84
      68
      61
      63
      70
      47
      46
      63
      51
      56
      53
      56
      40
      60
      52
      75
      50
      44
      44
      57
      46
      53
      51
      52
      49
      49
      57
      50
      65
      44
      70
      52
      52
      55
      53
      54
      52
      56
      49
      52
      48
      62
      45
      49
      60
      49
      52
      43
      55
      51
      53
      44
      54
      35
      56
      48
      69
      57
      44
      58
      50
      59
      52
      52
      38
      39
      47
      47
      39
      61
      50
      52
      48
      43
      56
      46
      58
      54
      53
      50
      42
      55
      44
      55
      53
      53
      44
      57
      48
      33
      40
      43
      54
      50
      40
      59
      56
      57
      43
      57
      39
      47
      44
      57
      54
      49
      53
      50
      39
      50
      57
      47
      58
      59
      47
      47
      50
      55
      45
      38
      46
      48
      45
      58
      42
      54
      49
      57
      40
      43
      39
      43
      38
      45
      44
      33
      61
      45
      43
      45
      42
      44
      39
      38
      45
      47
      54
      58
      42
      50
      43
      55
      51
      49
      50
      38
      58
      45
      44
      46
      40
      52
      46
      44
      48
      55
      50
      43
      42
      47
      36
      37
      49
      44
      23
      46
      63
      47
      54
      58
      51
      45
      48
      51
      53
      62
      38
      57
      55
      39
      57
      34
      42
      46
      51
      56
      40
      47
      42
      40
      58
      51
      56
      59
      55
      51
      55
      41
      61
      47
      64
      37
      51
      47
      45
      40
      50
      49
      51
      40
      39
      58
      50
      46
      56
      46
      66
      56
      47
      56
      55
      47
      46
      44
      44
      52
      49
      45
      50
      47
      62
      52
      65
      36
      62
      49
      45
      53
      42
      45
      52
      49
      59
      43
      52
      48
      50
      53
      36
      46
      42
      57
      42
      45
      46
      60
      50
      45
      42
      49
      56
      53
      62
      52
      53
      48
      63
      48
      40
      44
      40
      54
      49
      49
      51
      56
      34
      46
      46
      48
      51
      45
      49
      50
      57
      63
      46
      56
      54
      58
      46
      47
      53
      45
      54
      45
      51
      50
       1
       0
       0
       0
       0
       0
       0
       0
       0
       0
       0
       0
       0
       0
       0
       0
       0
       0
       0
       0
       0
       0
       0
       0
       0
       0
       0
       0
       0
       0
       0
       0
       0
       0
       0
       0
       0
       0
       0
       0
       0
       0
       0
       0
       0
       0
       0
       0
       0
       0
       0
       0
       0
       0
       0
       0
       0
       0
       0
       0
       0
       0
       0
       0
       0
       0
       0
       0
$ROI:
2
95 97
514 605
$PRESETS:
Real Time
200
0
$ENER_FIT:
-289.438599 1.280702
$MCA_CAL:
3
-2.894386E+002 1.280702E+000 0.000000E+000
$SHAPE_CAL:
3
0.000000E+000 0.000000E+000 0.000000E+000
