$SPEC_ID:
MEASURE 068.
$SPEC_REM:
DET# 1
DETDESC# MCB 25
AP# Maestro Version 6.05
$DATE_MEA:
04/03/2003 13:48:28
$MEAS_TIM:
195 200
$DATA:
0 1023
       0
       0
       0
       0
       0
       0
       0
       0
       0
       0
       0
       0
       0
       0
       0
       0
       0
       0
       0
       0
       0
       0
       0
       0
       0
       0
       0
       0
       0
       0
       0
       0
       0
       0
       0
       0
       0
       0
       0
       0
       0
       0
       0
       0
     145
     272
     260
     288
     310
     268
     299
     266
     279
     271
     309
     285
     311
     302
     275
     313
     314
     308
     314
     323
     344
     303
     291
     311
     317
     341
     284
     319
     311
     339
     337
     351
     311
     367
     375
     351
     344
     366
     369
     399
     372
     374
     369
     376
     387
     411
     449
     415
     433
     435
     442
     456
     448
     498
     461
     483
     500
     471
     481
     480
     485
     485
     491
     497
     525
     469
     524
     504
     611
     533
     535
     566
     532
     578
     552
     542
     530
     507
     568
     585
     562
     591
     587
     605
     576
     581
     650
     561
     604
     592
     605
     603
     636
     616
     633
     668
     612
     649
     630
     617
     654
     654
     642
     643
     642
     673
     624
     632
     641
     741
     644
     645
     604
     666
     639
     677
     673
     667
     659
     668
     585
     647
     666
     635
     673
     647
     650
     645
     638
     632
     636
     668
     622
     673
     685
     635
     651
     656
     646
     663
     651
     663
     677
     696
     611
     682
     634
     728
     684
     692
     697
     664
     690
     719
     733
     679
     735
     697
     730
     693
     749
     726
     771
     758
     776
     776
     766
     812
     799
     792
     778
     761
     773
     784
     818
     773
     816
     760
     739
     757
     776
     731
     733
     754
     727
     701
     685
     749
     667
     697
     706
     658
     655
     671
     643
     717
     614
     649
     600
     601
     642
     669
     616
     644
     602
     628
     644
     651
     654
     571
     620
     604
     576
     589
     588
     632
     582
     593
     578
     590
     588
     580
     578
     547
     588
     609
     553
     566
     555
     550
     568
     581
     556
     546
     555
     541
     525
     535
     527
     536
     484
     537
     513
     579
     474
     488
     522
     509
     517
     499
     491
     513
     470
     476
     516
     443
     525
     472
     498
     453
     474
     493
     435
     450
     467
     470
     443
     471
     467
     426
     434
     448
     432
     471
     422
     444
     414
     443
     444
     449
     409
     425
     433
     398
     405
     416
     460
     395
     440
     445
     464
     428
     402
     415
     374
     384
     414
     366
     386
     406
     391
     381
     381
     408
     392
     390
     393
     363
     373
     377
     388
     336
     374
     373
     378
     375
     375
     356
     378
     353
     325
     346
     347
     345
     359
     360
     359
     332
     354
     315
     354
     333
     359
     321
     317
     288
     329
     318
     310
     298
     287
     315
     301
     292
     279
     280
     308
     267
     259
     272
     256
     259
     291
     243
     250
     210
     241
     225
     225
     220
     240
     228
     203
     190
     221
     217
     227
     201
     204
     227
     216
     193
     190
     229
     180
     184
     185
     183
     199
     191
     160
     174
     187
     162
     182
     170
     175
     179
     170
     170
     167
     147
     162
     170
     171
     170
     163
     160
     163
     154
     148
     182
     140
     150
     155
     159
     167
     152
     146
     148
     138
     177
     163
     125
     152
     159
     160
     128
     131
     133
     140
     117
     158
     149
     135
     141
     157
     154
     125
     153
     144
     125
     138
     147
     160
     131
     132
     142
     130
     140
     134
     126
     137
     129
     124
     139
     136
     153
     132
     135
     142
     153
     129
     116
     126
     131
     132
     139
     157
     113
     132
     133
     135
     139
     128
     132
     114
     154
     110
     130
     151
     153
     128
     148
     126
     128
     149
     149
     135
     137
     146
     154
     185
     171
     168
     188
     168
     153
     184
     178
     176
     194
     191
     212
     230
     241
     250
     244
     263
     272
     294
     297
     338
     315
     351
     382
     371
     385
     420
     493
     457
     483
     481
     528
     537
     574
     589
     683
     658
     744
     763
     816
     823
     849
     957
     922
     950
     971
    1054
    1066
    1084
    1141
    1162
    1144
    1251
    1251
    1335
    1348
    1272
    1378
    1376
    1315
    1426
    1443
    1434
    1452
    1410
    1420
    1514
    1456
    1396
    1473
    1400
    1378
    1328
    1314
    1337
    1298
    1295
    1183
    1179
    1139
    1161
    1056
    1032
    1012
     922
     959
     900
     846
     811
     767
     749
     660
     619
     633
     620
     560
     500
     437
     428
     461
     377
     357
     357
     317
     284
     278
     266
     229
     205
     195
     203
     169
     146
     152
     137
     108
     114
      98
     106
      93
      88
      79
      78
      83
      82
      66
      75
      59
      56
      75
      66
      64
      51
      53
      49
      74
      58
      59
      63
      76
      50
      53
      48
      59
      55
      66
      62
      52
      47
      60
      56
      62
      55
      50
      54
      44
      60
      57
      65
      48
      46
      47
      50
      53
      58
      59
      44
      40
      56
      44
      51
      45
      47
      59
      41
      58
      68
      37
      71
      42
      55
      52
      59
      50
      57
      50
      56
      37
      37
      50
      53
      38
      53
      39
      59
      61
      52
      49
      57
      51
      38
      51
      40
      43
      66
      45
      49
      49
      50
      45
      50
      56
      45
      50
      54
      50
      40
      40
      46
      40
      51
      55
      70
      52
      51
      43
      42
      37
      41
      45
      47
      42
      53
      40
      46
      53
      41
      47
      47
      44
      54
      49
      49
      58
      55
      45
      36
      52
      44
      55
      45
      39
      51
      52
      55
      42
      41
      49
      52
      43
      46
      46
      45
      48
      56
      45
      55
      48
      54
      56
      47
      47
      39
      49
      43
      64
      43
      52
      44
      53
      52
      42
      53
      41
      52
      46
      42
      53
      54
      36
      51
      49
      42
      46
      45
      40
      52
      44
      53
      43
      48
      39
      43
      52
      56
      48
      37
      44
      40
      37
      50
      50
      53
      60
      44
      40
      46
      51
      50
      41
      37
      56
      51
      42
      49
      48
      47
      47
      39
      51
      62
      46
      55
      47
      48
      50
      43
      57
      49
      47
      54
      44
      45
      48
      51
      41
      53
      40
      55
      43
      45
      53
      57
      60
      42
      57
      48
      36
      40
      57
      55
      58
      56
      41
      61
      36
      53
      45
      47
      59
      51
      56
      53
      46
      47
      59
      48
      46
      53
      50
      42
      41
      44
      58
      51
      47
      42
      46
      46
      57
      50
      64
      47
      37
      39
      53
      49
      44
      38
      51
      58
      50
      40
      44
      41
      39
      47
      50
      47
      41
      39
      46
      35
      43
      51
      44
      46
      60
      39
      42
      55
      45
      53
      42
      43
      51
      47
      43
      53
      36
       3
       0
       0
       0
       0
       0
       0
       0
       0
       0
       0
       0
       0
       0
       0
       0
       0
       0
       0
       0
       0
       0
       0
       0
       0
       0
       0
       0
       0
       0
       0
       0
       0
       0
       0
       0
       0
       0
       0
       0
       0
       0
       0
       0
       0
       0
       0
       0
       0
       0
       0
       0
       0
       0
       0
       0
       0
       0
       0
       0
       0
       0
       0
       0
       0
       0
       0
       0
$ROI:
2
95 97
514 605
$PRESETS:
Real Time
200
0
$ENER_FIT:
-289.438599 1.280702
$MCA_CAL:
3
-2.894386E+002 1.280702E+000 0.000000E+000
$SHAPE_CAL:
3
0.000000E+000 0.000000E+000 0.000000E+000
