$SPEC_ID:
MEASURE 085.
$SPEC_REM:
DET# 1
DETDESC# MCB 25
AP# Maestro Version 6.05
$DATE_MEA:
04/03/2003 15:13:28
$MEAS_TIM:
195 200
$DATA:
0 1023
       0
       0
       0
       0
       0
       0
       0
       0
       0
       0
       0
       0
       0
       0
       0
       0
       0
       0
       0
       0
       0
       0
       0
       0
       0
       0
       0
       0
       0
       0
       0
       0
       0
       0
       0
       0
       0
       0
       0
       0
       0
       0
       0
       0
     149
     259
     267
     281
     288
     275
     290
     284
     280
     283
     283
     301
     283
     268
     274
     315
     300
     311
     289
     259
     333
     328
     308
     292
     335
     352
     314
     349
     325
     314
     368
     348
     330
     375
     371
     345
     357
     373
     369
     396
     370
     390
     388
     387
     400
     396
     387
     407
     432
     456
     472
     451
     465
     466
     408
     451
     458
     435
     493
     478
     515
     512
     508
     508
     512
     507
     508
     509
     511
     553
     548
     565
     540
     530
     589
     576
     542
     617
     545
     565
     571
     579
     592
     539
     557
     598
     582
     592
     618
     627
     600
     644
     604
     627
     578
     607
     607
     670
     621
     666
     660
     643
     645
     694
     697
     649
     658
     676
     653
     677
     668
     647
     628
     653
     635
     657
     635
     683
     649
     654
     651
     669
     670
     635
     653
     650
     693
     653
     651
     643
     637
     675
     689
     650
     640
     663
     673
     601
     646
     677
     669
     601
     677
     692
     674
     631
     641
     701
     692
     715
     692
     649
     741
     694
     686
     749
     721
     726
     715
     728
     717
     719
     812
     734
     750
     743
     746
     754
     754
     821
     717
     826
     793
     792
     763
     716
     758
     759
     739
     742
     736
     723
     778
     759
     713
     787
     689
     717
     704
     659
     690
     650
     694
     680
     636
     668
     609
     624
     649
     657
     622
     633
     708
     633
     644
     574
     596
     592
     641
     617
     637
     575
     648
     603
     597
     593
     558
     579
     612
     656
     579
     622
     555
     578
     570
     558
     641
     556
     554
     569
     582
     552
     559
     574
     529
     516
     548
     536
     532
     502
     478
     499
     528
     508
     513
     506
     532
     525
     493
     505
     519
     516
     472
     459
     496
     462
     480
     457
     450
     449
     487
     469
     456
     453
     454
     470
     430
     480
     438
     474
     475
     436
     419
     437
     444
     428
     455
     410
     426
     427
     436
     412
     427
     432
     430
     443
     388
     447
     421
     401
     420
     399
     398
     427
     416
     368
     374
     384
     418
     384
     406
     382
     402
     384
     378
     363
     385
     376
     351
     356
     386
     391
     367
     358
     375
     343
     371
     391
     350
     362
     360
     334
     339
     354
     356
     331
     373
     336
     355
     330
     405
     314
     311
     326
     313
     308
     331
     310
     316
     286
     310
     287
     289
     302
     312
     276
     329
     267
     256
     265
     247
     274
     250
     269
     257
     239
     258
     247
     227
     222
     251
     194
     255
     196
     233
     215
     238
     201
     195
     182
     184
     189
     200
     175
     211
     203
     192
     188
     200
     171
     151
     154
     175
     169
     175
     188
     151
     175
     148
     163
     169
     158
     152
     162
     137
     170
     155
     160
     169
     156
     175
     126
     150
     142
     163
     142
     159
     141
     165
     169
     160
     134
     158
     132
     141
     133
     137
     155
     158
     129
     135
     136
     160
     118
     157
     161
     132
     167
     133
     120
     142
     167
     121
     118
     132
     137
     120
     133
     117
     150
     133
     134
     144
     134
     131
     143
     125
     147
     139
     131
     116
     143
     123
     134
     150
     121
     147
     108
     125
     125
     113
     123
     113
     120
     133
     139
     142
     131
     135
     136
     147
     139
     130
     178
     130
     120
     118
     149
     161
     135
     158
     156
     177
     163
     174
     166
     172
     201
     167
     185
     196
     196
     205
     221
     209
     215
     225
     239
     212
     255
     255
     276
     319
     301
     296
     338
     364
     350
     366
     410
     429
     421
     520
     529
     527
     581
     571
     635
     647
     715
     714
     742
     774
     776
     841
     868
     923
     961
    1061
    1061
    1042
    1086
    1103
    1190
    1208
    1264
    1235
    1242
    1302
    1340
    1325
    1339
    1337
    1433
    1352
    1379
    1409
    1451
    1498
    1473
    1424
    1501
    1490
    1335
    1411
    1423
    1302
    1324
    1284
    1297
    1279
    1235
    1152
    1190
    1075
    1048
    1045
    1035
    1009
     923
     894
     882
     803
     721
     699
     723
     660
     637
     565
     502
     478
     457
     415
     381
     393
     352
     353
     272
     289
     243
     257
     212
     188
     164
     179
     145
     132
     126
     140
     118
     129
     102
     108
     104
      83
      95
      74
      66
      77
      70
      63
      68
      67
      66
      62
      61
      58
      67
      57
      53
      49
      53
      54
      57
      59
      62
      58
      39
      60
      57
      63
      51
      49
      47
      59
      47
      53
      57
      44
      52
      49
      55
      51
      56
      45
      61
      59
      51
      51
      43
      52
      43
      51
      59
      59
      44
      57
      60
      41
      37
      58
      51
      60
      58
      55
      48
      39
      41
      42
      28
      57
      54
      64
      48
      47
      55
      52
      50
      40
      45
      50
      47
      53
      46
      42
      55
      45
      39
      42
      45
      55
      45
      53
      54
      49
      45
      47
      41
      41
      55
      41
      32
      52
      54
      54
      36
      48
      54
      29
      43
      40
      51
      50
      41
      52
      46
      45
      54
      51
      38
      62
      50
      50
      39
      48
      48
      44
      52
      60
      42
      50
      43
      47
      43
      50
      31
      42
      54
      40
      40
      59
      43
      39
      44
      43
      40
      44
      46
      52
      43
      58
      34
      54
      60
      46
      54
      43
      45
      46
      64
      42
      40
      44
      47
      46
      41
      37
      41
      51
      46
      48
      45
      46
      53
      43
      51
      45
      51
      37
      53
      50
      52
      53
      49
      38
      52
      52
      51
      35
      37
      65
      36
      45
      55
      45
      61
      57
      48
      41
      44
      55
      40
      56
      43
      56
      44
      55
      61
      45
      50
      44
      51
      42
      40
      51
      48
      45
      33
      54
      55
      41
      45
      55
      46
      41
      46
      50
      31
      53
      56
      48
      52
      53
      40
      54
      45
      48
      44
      36
      41
      50
      37
      51
      49
      44
      32
      41
      61
      51
      45
      55
      48
      47
      51
      40
      47
      56
      38
      52
      47
      49
      35
      38
      47
      46
      43
      45
      49
      49
      36
      48
      48
      53
      49
      49
      43
      43
      38
      56
      56
      43
      44
      51
      47
      55
      44
      44
      44
      43
      53
      37
      38
      45
      48
      46
      50
      45
      39
      46
      41
      54
      45
      37
      54
      52
      58
      47
      53
      52
      54
      46
      49
       3
       0
       0
       0
       0
       0
       0
       0
       0
       0
       0
       0
       0
       0
       0
       0
       0
       0
       0
       0
       0
       0
       0
       0
       0
       0
       0
       0
       0
       0
       0
       0
       0
       0
       0
       0
       0
       0
       0
       0
       0
       0
       0
       0
       0
       0
       0
       0
       0
       0
       0
       0
       0
       0
       0
       0
       0
       0
       0
       0
       0
       0
       0
       0
       0
       0
       0
       0
$ROI:
2
95 97
514 605
$PRESETS:
Real Time
200
0
$ENER_FIT:
-289.438599 1.280702
$MCA_CAL:
3
-2.894386E+002 1.280702E+000 0.000000E+000
$SHAPE_CAL:
3
0.000000E+000 0.000000E+000 0.000000E+000
