$SPEC_ID:
MEASURE 036.
$SPEC_REM:
DET# 1
DETDESC# MCB 25
AP# Maestro Version 6.05
$DATE_MEA:
04/03/2003 11:08:28
$MEAS_TIM:
195 200
$DATA:
0 1023
       0
       0
       0
       0
       0
       0
       0
       0
       0
       0
       0
       0
       0
       0
       0
       0
       0
       0
       0
       0
       0
       0
       0
       0
       0
       0
       0
       0
       0
       0
       0
       0
       0
       0
       0
       0
       0
       0
       0
       0
       0
       0
       0
       0
     155
     298
     283
     295
     267
     277
     312
     302
     310
     290
     300
     291
     264
     302
     318
     289
     338
     318
     315
     296
     301
     287
     302
     294
     276
     343
     322
     368
     335
     297
     341
     353
     346
     352
     363
     370
     383
     350
     398
     397
     385
     394
     419
     382
     426
     412
     394
     431
     458
     426
     445
     460
     470
     446
     468
     456
     477
     460
     512
     475
     492
     508
     519
     508
     525
     476
     558
     488
     600
     560
     572
     563
     525
     539
     576
     555
     571
     574
     571
     571
     552
     603
     601
     617
     630
     628
     626
     601
     618
     586
     570
     657
     590
     622
     623
     640
     631
     671
     658
     645
     684
     640
     674
     622
     653
     626
     616
     660
     638
     643
     694
     656
     682
     685
     643
     673
     699
     686
     708
     625
     667
     657
     700
     657
     629
     651
     718
     647
     664
     620
     682
     648
     673
     658
     649
     628
     625
     668
     652
     652
     660
     646
     679
     686
     667
     694
     700
     719
     709
     702
     735
     664
     708
     702
     671
     731
     732
     732
     722
     739
     758
     783
     746
     767
     800
     777
     790
     787
     758
     774
     752
     807
     821
     736
     778
     750
     808
     774
     743
     715
     732
     762
     711
     739
     693
     746
     745
     676
     678
     688
     665
     649
     609
     694
     673
     664
     624
     650
     653
     676
     638
     669
     622
     641
     648
     609
     619
     623
     635
     608
     648
     634
     585
     567
     589
     624
     608
     638
     606
     612
     551
     580
     588
     581
     597
     576
     552
     575
     527
     505
     576
     581
     578
     576
     554
     558
     532
     525
     523
     505
     522
     550
     504
     506
     486
     564
     474
     485
     489
     493
     516
     517
     496
     482
     496
     498
     431
     482
     471
     439
     461
     455
     469
     416
     452
     461
     481
     457
     443
     412
     434
     430
     445
     474
     478
     403
     423
     413
     428
     444
     499
     415
     410
     432
     410
     453
     419
     405
     401
     400
     416
     434
     406
     425
     429
     416
     377
     366
     423
     406
     382
     395
     394
     382
     418
     388
     357
     395
     375
     387
     373
     362
     385
     393
     350
     348
     351
     377
     370
     364
     358
     371
     399
     386
     335
     344
     353
     343
     310
     350
     347
     336
     330
     333
     303
     308
     321
     276
     316
     286
     295
     302
     271
     292
     285
     289
     280
     267
     240
     243
     257
     234
     241
     212
     233
     239
     258
     237
     226
     224
     226
     232
     222
     190
     219
     198
     205
     181
     197
     198
     216
     184
     187
     212
     174
     172
     200
     185
     185
     167
     201
     158
     193
     191
     160
     190
     184
     183
     164
     142
     164
     186
     137
     156
     160
     159
     154
     159
     147
     156
     153
     169
     165
     161
     164
     163
     157
     121
     139
     159
     146
     134
     134
     127
     145
     139
     126
     145
     139
     158
     130
     151
     116
     156
     130
     139
     123
     140
     136
     159
     142
     140
     143
     151
     134
     119
     137
     112
     126
     120
     133
     145
     131
     151
     133
     132
     125
     136
     120
     128
     149
     149
     138
     140
     143
     131
     126
     124
     145
     131
     120
     104
     131
     116
     132
     116
     139
     148
     157
     150
     153
     149
     131
     145
     144
     140
     157
     140
     168
     154
     157
     160
     165
     168
     172
     163
     166
     182
     203
     223
     195
     193
     233
     223
     268
     259
     278
     285
     291
     300
     339
     341
     389
     365
     385
     426
     455
     486
     474
     540
     567
     560
     611
     651
     665
     678
     702
     804
     762
     842
     866
     933
     972
     965
     983
    1093
    1074
    1136
    1190
    1142
    1230
    1147
    1279
    1329
    1302
    1307
    1346
    1342
    1410
    1380
    1507
    1473
    1396
    1419
    1416
    1462
    1422
    1377
    1403
    1407
    1370
    1391
    1265
    1351
    1366
    1271
    1233
    1157
    1220
    1087
    1059
    1018
     984
     979
     928
     908
     868
     787
     754
     690
     679
     667
     625
     581
     524
     502
     469
     437
     413
     406
     355
     347
     321
     283
     284
     230
     214
     190
     199
     193
     149
     172
     107
     124
     111
     114
     108
     114
      84
     103
      95
      69
      56
      81
      73
      70
      70
      66
      52
      56
      50
      59
      41
      64
      60
      58
      59
      44
      54
      53
      52
      44
      52
      63
      55
      51
      58
      48
      52
      56
      45
      59
      42
      62
      61
      45
      56
      52
      47
      67
      53
      46
      60
      48
      66
      48
      64
      50
      49
      55
      55
      57
      49
      50
      60
      52
      40
      51
      56
      51
      46
      53
      56
      49
      50
      43
      41
      51
      46
      67
      48
      58
      55
      44
      49
      60
      39
      37
      47
      33
      51
      49
      51
      39
      52
      48
      59
      52
      51
      34
      43
      46
      47
      51
      39
      48
      29
      50
      50
      52
      37
      57
      46
      43
      46
      39
      49
      44
      39
      36
      55
      46
      39
      57
      48
      43
      36
      47
      47
      49
      61
      42
      47
      40
      42
      43
      40
      59
      51
      45
      34
      40
      37
      44
      38
      32
      32
      40
      39
      53
      47
      39
      44
      45
      53
      50
      44
      45
      42
      41
      49
      45
      48
      46
      42
      42
      45
      43
      55
      41
      61
      44
      55
      52
      54
      49
      50
      54
      50
      38
      53
      58
      59
      46
      41
      48
      59
      55
      43
      50
      42
      53
      54
      48
      56
      43
      46
      41
      61
      40
      40
      33
      39
      40
      50
      52
      48
      42
      45
      42
      46
      46
      37
      46
      36
      47
      55
      51
      47
      46
      45
      58
      46
      48
      43
      44
      42
      43
      49
      55
      61
      49
      48
      56
      57
      56
      53
      45
      51
      45
      35
      50
      54
      43
      50
      65
      53
      43
      44
      57
      55
      45
      65
      57
      41
      44
      52
      36
      48
      60
      52
      56
      50
      43
      53
      44
      58
      49
      61
      51
      65
      54
      61
      40
      52
      39
      52
      53
      43
      37
      55
      42
      39
      57
      45
      57
      48
      54
      53
      51
      46
      43
      60
      51
      46
      58
      47
      48
      51
      55
      49
      61
      38
      56
      51
      58
      46
      48
      45
      59
      44
      53
      60
      58
      37
      41
      44
      61
      43
      54
      39
      33
       5
       0
       0
       0
       0
       0
       0
       0
       0
       0
       0
       0
       0
       0
       0
       0
       0
       0
       0
       0
       0
       0
       0
       0
       0
       0
       0
       0
       0
       0
       0
       0
       0
       0
       0
       0
       0
       0
       0
       0
       0
       0
       0
       0
       0
       0
       0
       0
       0
       0
       0
       0
       0
       0
       0
       0
       0
       0
       0
       0
       0
       0
       0
       0
       0
       0
       0
       0
$ROI:
2
95 97
514 605
$PRESETS:
Real Time
200
0
$ENER_FIT:
-289.438599 1.280702
$MCA_CAL:
3
-2.894386E+002 1.280702E+000 0.000000E+000
$SHAPE_CAL:
3
0.000000E+000 0.000000E+000 0.000000E+000
