$SPEC_ID:
MEASURE 184.
$SPEC_REM:
DET# 1
DETDESC# MCB 25
AP# Maestro Version 6.05
$DATE_MEA:
04/03/2003 23:28:28
$MEAS_TIM:
195 200
$DATA:
0 1023
       0
       0
       0
       0
       0
       0
       0
       0
       0
       0
       0
       0
       0
       0
       0
       0
       0
       0
       0
       0
       0
       0
       0
       0
       0
       0
       0
       0
       0
       0
       0
       0
       0
       0
       0
       0
       0
       0
       0
       0
       0
       0
       0
       0
     147
     292
     303
     272
     270
     277
     290
     321
     289
     299
     311
     286
     300
     289
     317
     284
     289
     323
     294
     310
     303
     333
     295
     319
     284
     313
     305
     310
     318
     306
     350
     324
     329
     317
     346
     368
     374
     351
     344
     356
     360
     417
     381
     398
     391
     405
     374
     413
     413
     443
     469
     450
     439
     419
     427
     440
     468
     431
     437
     483
     510
     526
     515
     541
     518
     507
     528
     525
     550
     531
     502
     546
     549
     549
     553
     562
     589
     512
     602
     562
     579
     521
     585
     576
     599
     570
     552
     606
     644
     607
     621
     638
     578
     600
     632
     645
     652
     573
     590
     674
     669
     648
     600
     657
     564
     637
     597
     632
     613
     658
     652
     639
     639
     612
     715
     671
     720
     629
     657
     647
     624
     678
     679
     630
     672
     633
     650
     670
     655
     661
     678
     659
     683
     632
     655
     635
     679
     618
     681
     660
     653
     605
     663
     632
     579
     686
     654
     667
     619
     658
     685
     647
     673
     688
     695
     711
     685
     728
     665
     687
     670
     703
     733
     705
     751
     744
     755
     711
     750
     790
     724
     744
     762
     768
     711
     823
     745
     778
     765
     767
     723
     756
     747
     708
     752
     699
     732
     765
     690
     711
     691
     765
     651
     697
     748
     722
     686
     675
     693
     582
     626
     659
     624
     655
     667
     668
     593
     654
     611
     622
     587
     607
     601
     617
     622
     604
     598
     594
     576
     600
     586
     596
     575
     619
     574
     547
     561
     599
     540
     582
     587
     526
     528
     593
     567
     539
     566
     532
     534
     565
     556
     507
     520
     518
     511
     558
     513
     491
     531
     431
     466
     468
     500
     480
     511
     475
     481
     501
     478
     444
     467
     439
     476
     466
     498
     454
     479
     422
     490
     444
     480
     435
     451
     412
     436
     424
     453
     404
     448
     431
     440
     392
     472
     400
     411
     433
     422
     407
     437
     402
     430
     388
     439
     394
     385
     400
     414
     397
     419
     411
     388
     402
     397
     409
     390
     384
     388
     369
     363
     355
     365
     415
     392
     341
     381
     394
     342
     410
     408
     384
     333
     346
     350
     345
     374
     334
     361
     343
     371
     326
     332
     376
     335
     355
     308
     362
     339
     318
     335
     306
     324
     353
     273
     311
     321
     290
     300
     289
     277
     288
     280
     274
     258
     258
     284
     271
     254
     246
     230
     243
     233
     230
     212
     240
     220
     233
     233
     207
     230
     234
     204
     212
     199
     228
     213
     184
     202
     146
     181
     206
     205
     169
     189
     181
     184
     167
     173
     181
     163
     182
     173
     187
     183
     161
     140
     164
     163
     161
     191
     176
     161
     174
     158
     164
     199
     160
     159
     126
     132
     126
     171
     141
     165
     153
     139
     142
     155
     156
     160
     138
     140
     122
     122
     154
     149
     125
     153
     132
     137
     139
     119
     132
     127
     131
     140
     136
     148
     137
     127
     129
     137
     143
     119
     127
     133
     148
     129
     138
     134
     156
     139
     122
     153
     152
     130
     130
     131
     119
     137
     121
     123
     143
     121
     103
     154
     146
     120
     111
     130
     153
     145
     128
     111
     113
     132
     127
     138
     160
     142
     137
     150
     139
     142
     145
     150
     148
     146
     176
     156
     141
     195
     145
     169
     153
     173
     175
     190
     182
     210
     183
     221
     229
     228
     227
     229
     257
     284
     275
     319
     272
     331
     300
     347
     381
     399
     436
     462
     479
     458
     486
     539
     550
     642
     651
     623
     688
     727
     786
     774
     807
     866
     852
     934
     962
    1036
    1020
    1059
    1128
    1109
    1208
    1147
    1228
    1182
    1261
    1285
    1357
    1393
    1408
    1361
    1396
    1362
    1362
    1420
    1443
    1452
    1407
    1426
    1377
    1427
    1404
    1342
    1333
    1329
    1320
    1277
    1344
    1221
    1183
    1164
    1087
    1101
    1081
     952
     932
     953
     879
     904
     830
     757
     778
     739
     642
     603
     595
     571
     544
     500
     478
     422
     418
     410
     352
     325
     321
     279
     271
     237
     210
     224
     183
     190
     147
     160
     132
     139
     108
     114
     125
     108
     113
      94
      81
      72
      78
      68
      65
      66
      65
      77
      52
      58
      80
      42
      43
      69
      61
      50
      46
      65
      64
      48
      50
      49
      60
      49
      54
      62
      51
      47
      47
      57
      49
      52
      59
      53
      60
      47
      68
      49
      53
      68
      38
      54
      42
      48
      40
      51
      57
      51
      46
      64
      48
      63
      44
      55
      70
      53
      54
      51
      53
      55
      46
      49
      48
      45
      49
      42
      61
      47
      55
      38
      55
      42
      47
      68
      47
      57
      57
      45
      45
      46
      65
      41
      43
      44
      65
      40
      61
      55
      50
      49
      41
      46
      59
      46
      44
      51
      43
      51
      54
      59
      44
      57
      48
      52
      56
      41
      53
      41
      65
      42
      52
      48
      49
      29
      43
      43
      38
      49
      55
      51
      64
      50
      45
      45
      49
      43
      45
      41
      49
      59
      58
      45
      52
      50
      46
      36
      39
      44
      44
      45
      53
      43
      36
      49
      41
      50
      49
      51
      54
      52
      37
      45
      54
      51
      46
      42
      52
      37
      45
      43
      48
      49
      53
      41
      49
      52
      45
      47
      45
      44
      53
      46
      47
      53
      63
      37
      41
      51
      46
      44
      50
      57
      43
      45
      44
      55
      46
      49
      39
      46
      55
      44
      49
      44
      48
      53
      56
      55
      52
      50
      62
      44
      57
      42
      47
      54
      55
      42
      50
      41
      38
      33
      47
      44
      41
      49
      54
      44
      35
      58
      44
      41
      45
      49
      46
      52
      37
      51
      43
      45
      51
      58
      40
      50
      46
      54
      49
      69
      51
      37
      42
      49
      50
      38
      43
      54
      49
      50
      36
      58
      43
      49
      50
      46
      41
      52
      44
      48
      53
      57
      42
      60
      57
      38
      47
      56
      57
      52
      40
      50
      50
      62
      48
      51
      65
      45
      41
      49
      57
      54
      55
      47
      52
      40
      52
      53
      48
      55
      44
      40
      51
      49
      57
      46
      49
      57
      48
      48
      55
      57
      34
       0
       0
       0
       0
       0
       0
       0
       0
       0
       0
       0
       0
       0
       0
       0
       0
       0
       0
       0
       0
       0
       0
       0
       0
       0
       0
       0
       0
       0
       0
       0
       0
       0
       0
       0
       0
       0
       0
       0
       0
       0
       0
       0
       0
       0
       0
       0
       0
       0
       0
       0
       0
       0
       0
       0
       0
       0
       0
       0
       0
       0
       0
       0
       0
       0
       0
       0
       0
$ROI:
2
95 97
514 605
$PRESETS:
Real Time
200
0
$ENER_FIT:
-289.438599 1.280702
$MCA_CAL:
3
-2.894386E+002 1.280702E+000 0.000000E+000
$SHAPE_CAL:
3
0.000000E+000 0.000000E+000 0.000000E+000
