$SPEC_ID:
MEASURE 357.
$SPEC_REM:
DET# 1
DETDESC# MCB 25
AP# Maestro Version 6.05
$DATE_MEA:
04/04/2003 13:53:28
$MEAS_TIM:
195 200
$DATA:
0 1023
       0
       0
       0
       0
       0
       0
       0
       0
       0
       0
       0
       0
       0
       0
       0
       0
       0
       0
       0
       0
       0
       0
       0
       0
       0
       0
       0
       0
       0
       0
       0
       0
       0
       0
       0
       0
       0
       0
       0
       0
       0
       0
       0
       0
     137
     279
     285
     263
     259
     293
     282
     273
     304
     282
     299
     273
     268
     257
     296
     284
     277
     280
     269
     291
     312
     324
     343
     321
     296
     319
     263
     306
     319
     311
     313
     334
     330
     351
     377
     325
     347
     350
     353
     338
     366
     354
     373
     342
     373
     393
     421
     367
     416
     419
     454
     433
     463
     430
     484
     472
     441
     417
     426
     483
     463
     510
     435
     498
     549
     487
     474
     510
     534
     551
     572
     481
     542
     544
     537
     518
     528
     535
     564
     552
     539
     551
     538
     563
     589
     560
     547
     619
     550
     605
     599
     600
     598
     594
     633
     606
     575
     659
     595
     611
     588
     630
     628
     643
     631
     626
     674
     623
     676
     617
     660
     643
     667
     637
     675
     664
     681
     648
     646
     640
     591
     632
     626
     616
     582
     621
     681
     638
     692
     681
     672
     649
     642
     680
     651
     611
     638
     652
     668
     668
     656
     652
     663
     630
     670
     671
     696
     664
     600
     717
     639
     613
     652
     654
     615
     672
     679
     644
     651
     674
     674
     742
     725
     763
     778
     774
     781
     673
     721
     717
     703
     749
     786
     759
     768
     730
     751
     730
     777
     748
     724
     719
     732
     788
     696
     767
     745
     726
     737
     706
     701
     707
     669
     727
     673
     657
     645
     684
     660
     695
     668
     672
     651
     660
     639
     625
     604
     665
     618
     628
     650
     593
     587
     590
     613
     620
     577
     595
     535
     575
     615
     560
     552
     551
     588
     537
     589
     603
     564
     576
     564
     521
     578
     561
     530
     568
     544
     558
     572
     533
     548
     528
     499
     515
     498
     524
     532
     519
     471
     509
     509
     506
     479
     529
     490
     453
     503
     446
     475
     477
     511
     490
     468
     478
     448
     465
     433
     490
     456
     450
     410
     426
     439
     474
     471
     451
     461
     404
     422
     418
     423
     430
     380
     377
     400
     395
     357
     387
     430
     402
     463
     387
     397
     400
     373
     416
     404
     387
     378
     399
     396
     406
     405
     360
     403
     403
     375
     420
     394
     391
     377
     444
     373
     371
     371
     391
     372
     366
     412
     376
     350
     365
     358
     367
     356
     330
     364
     351
     383
     390
     347
     322
     360
     317
     341
     313
     317
     321
     309
     315
     316
     327
     318
     303
     294
     318
     328
     293
     282
     295
     273
     307
     249
     306
     278
     289
     267
     304
     265
     274
     238
     264
     262
     260
     220
     216
     227
     227
     218
     194
     230
     210
     215
     213
     216
     233
     198
     204
     203
     205
     190
     191
     168
     211
     183
     190
     167
     180
     180
     192
     159
     162
     168
     185
     179
     184
     205
     185
     162
     167
     179
     162
     144
     171
     171
     169
     157
     170
     170
     144
     142
     155
     172
     139
     166
     159
     132
     155
     149
     158
     138
     138
     130
     130
     151
     132
     130
     155
     144
     145
     174
     146
     153
     133
     156
     135
     143
     140
     133
     142
     133
     130
     123
     127
     132
     122
     144
     116
     114
     137
     162
     129
     130
     138
     147
     146
     130
     138
     134
     130
     137
     113
     123
     115
     137
     140
     103
     135
     134
     133
     144
     116
     109
     132
     137
     142
     103
     122
     117
     131
     125
     131
     117
     121
     148
     138
     131
     165
     128
     155
     147
     175
     156
     164
     151
     168
     155
     166
     171
     166
     179
     198
     210
     194
     190
     189
     228
     235
     238
     208
     271
     265
     296
     321
     305
     326
     360
     358
     345
     385
     428
     474
     424
     494
     534
     511
     580
     591
     624
     658
     636
     685
     709
     779
     807
     802
     839
     916
     947
     957
     979
    1032
    1068
    1076
    1144
    1198
    1143
    1232
    1241
    1310
    1292
    1296
    1365
    1360
    1336
    1446
    1425
    1405
    1398
    1386
    1368
    1462
    1430
    1402
    1414
    1362
    1370
    1283
    1343
    1312
    1254
    1191
    1196
    1144
    1118
    1093
    1155
    1061
     970
     986
     892
     861
     851
     792
     777
     715
     711
     672
     603
     576
     544
     521
     477
     438
     447
     414
     345
     348
     342
     282
     252
     258
     247
     223
     180
     177
     191
     147
     157
     150
     127
     139
     127
     109
     111
      94
     106
      85
      78
      80
      73
      81
      66
      76
      66
      56
      52
      52
      51
      65
      47
      54
      44
      57
      50
      55
      56
      64
      58
      49
      52
      49
      57
      54
      66
      52
      43
      49
      56
      54
      49
      45
      42
      45
      54
      56
      41
      59
      54
      51
      48
      55
      52
      47
      50
      45
      58
      52
      37
      53
      54
      61
      44
      43
      56
      35
      58
      47
      44
      46
      51
      52
      51
      42
      43
      53
      49
      47
      43
      49
      46
      53
      38
      46
      53
      41
      34
      62
      43
      53
      52
      47
      53
      43
      44
      43
      50
      46
      43
      40
      46
      42
      50
      45
      38
      31
      50
      47
      55
      45
      40
      46
      37
      50
      54
      50
      30
      44
      24
      51
      57
      47
      54
      54
      58
      46
      43
      42
      48
      42
      36
      46
      50
      50
      35
      61
      56
      46
      56
      32
      38
      55
      47
      51
      47
      50
      47
      48
      52
      47
      38
      40
      46
      48
      50
      41
      41
      55
      45
      47
      52
      39
      49
      59
      51
      39
      45
      43
      42
      43
      49
      46
      50
      42
      47
      58
      35
      35
      66
      53
      45
      44
      59
      32
      61
      70
      42
      57
      47
      43
      38
      36
      46
      42
      55
      39
      42
      46
      44
      35
      49
      53
      38
      56
      42
      37
      48
      48
      48
      44
      51
      61
      36
      52
      52
      58
      46
      43
      51
      49
      52
      39
      49
      49
      45
      41
      54
      46
      36
      58
      56
      41
      50
      49
      40
      33
      42
      44
      41
      49
      52
      42
      53
      49
      60
      56
      52
      39
      47
      46
      46
      49
      65
      55
      35
      58
      45
      59
      42
      47
      41
      53
      39
      56
      43
      60
      44
      53
      51
      59
      53
      49
      43
      45
      47
      54
      60
      48
      38
      52
      56
      37
      37
      57
      62
      64
      57
      53
      64
      34
      45
      39
      43
      67
      40
      46
      57
      56
      45
      41
      63
      34
       0
       0
       0
       0
       0
       0
       0
       0
       0
       0
       0
       0
       0
       0
       0
       0
       0
       0
       0
       0
       0
       0
       0
       0
       0
       0
       0
       0
       0
       0
       0
       0
       0
       0
       0
       0
       0
       0
       0
       0
       0
       0
       0
       0
       0
       0
       0
       0
       0
       0
       0
       0
       0
       0
       0
       0
       0
       0
       0
       0
       0
       0
       0
       0
       0
       0
       0
       0
$ROI:
2
95 97
514 605
$PRESETS:
Real Time
200
0
$ENER_FIT:
-289.438599 1.280702
$MCA_CAL:
3
-2.894386E+002 1.280702E+000 0.000000E+000
$SHAPE_CAL:
3
0.000000E+000 0.000000E+000 0.000000E+000
