$SPEC_ID:
MEASURE 000.
$SPEC_REM:
DET# 1
DETDESC# MCB 25
AP# Maestro Version 6.05
$DATE_MEA:
04/03/2003 08:08:27
$MEAS_TIM:
195 200
$DATA:
0 1023
       0
       0
       0
       0
       0
       0
       0
       0
       0
       0
       0
       0
       0
       0
       0
       0
       0
       0
       0
       0
       0
       0
       0
       0
       0
       0
       0
       0
       0
       0
       0
       0
       0
       0
       0
       0
       0
       0
       0
       0
       0
       0
       0
       0
     168
     285
     302
     311
     308
     283
     283
     291
     310
     270
     309
     317
     288
     299
     306
     337
     335
     303
     319
     280
     327
     307
     351
     332
     355
     369
     357
     345
     387
     356
     339
     338
     378
     358
     383
     370
     392
     377
     378
     422
     409
     408
     416
     434
     423
     432
     462
     481
     465
     421
     480
     451
     521
     509
     504
     514
     569
     519
     484
     529
     512
     504
     539
     526
     543
     517
     578
     609
     583
     601
     603
     598
     523
     626
     600
     569
     594
     592
     583
     596
     602
     651
     617
     580
     601
     651
     641
     621
     689
     663
     702
     648
     639
     638
     701
     724
     668
     673
     692
     644
     655
     688
     637
     661
     666
     756
     722
     702
     696
     693
     706
     668
     664
     699
     672
     656
     613
     729
     701
     723
     718
     701
     667
     701
     705
     677
     698
     690
     681
     708
     639
     703
     699
     663
     700
     704
     658
     647
     682
     666
     701
     738
     691
     697
     727
     738
     657
     666
     736
     677
     719
     725
     783
     737
     790
     750
     731
     770
     737
     784
     739
     820
     781
     806
     756
     805
     804
     787
     752
     757
     834
     807
     832
     748
     761
     775
     788
     768
     805
     749
     733
     730
     781
     731
     747
     730
     711
     711
     732
     713
     687
     698
     680
     729
     678
     688
     678
     665
     618
     624
     653
     624
     696
     637
     595
     586
     675
     595
     598
     632
     595
     630
     595
     600
     612
     591
     613
     564
     601
     614
     561
     612
     602
     550
     589
     592
     581
     575
     589
     595
     539
     542
     522
     533
     539
     533
     550
     523
     550
     505
     560
     520
     541
     531
     505
     518
     501
     484
     542
     518
     470
     492
     523
     462
     459
     463
     473
     473
     463
     478
     458
     473
     431
     454
     435
     476
     477
     487
     433
     446
     443
     435
     432
     453
     458
     441
     393
     413
     414
     428
     413
     415
     394
     430
     410
     419
     436
     392
     438
     380
     366
     384
     443
     432
     429
     424
     399
     401
     385
     413
     411
     394
     382
     374
     391
     402
     395
     363
     374
     368
     371
     319
     389
     324
     413
     373
     371
     398
     357
     392
     352
     348
     375
     330
     300
     322
     323
     303
     361
     314
     306
     329
     312
     324
     319
     302
     311
     318
     291
     293
     301
     261
     241
     297
     268
     272
     263
     246
     272
     267
     238
     246
     256
     236
     212
     229
     246
     214
     234
     215
     225
     212
     179
     214
     195
     193
     204
     219
     188
     191
     179
     190
     163
     179
     176
     197
     169
     174
     167
     182
     172
     195
     163
     162
     167
     165
     165
     180
     142
     154
     174
     150
     140
     169
     153
     171
     165
     169
     159
     150
     163
     143
     153
     165
     168
     150
     145
     137
     143
     129
     159
     140
     136
     159
     150
     134
     139
     127
     160
     131
     139
     160
     124
     134
     136
     140
     138
     144
     135
     135
     145
     123
     127
     132
     167
     133
     131
     127
     131
     118
     148
     116
     138
     142
     153
     131
     134
     145
     137
     132
     139
     111
     121
     142
     146
     112
     140
     141
     129
     145
     127
     120
     156
     139
     154
     150
     140
     135
     148
     143
     160
     142
     148
     127
     155
     147
     174
     154
     148
     180
     194
     207
     182
     194
     203
     206
     213
     213
     192
     247
     277
     242
     283
     294
     315
     323
     355
     344
     377
     377
     388
     459
     455
     486
     494
     496
     555
     543
     637
     649
     681
     721
     807
     777
     830
     851
     854
     945
     976
    1056
    1048
    1104
    1039
    1139
    1166
    1242
    1259
    1338
    1278
    1347
    1280
    1359
    1364
    1414
    1296
    1468
    1429
    1402
    1428
    1486
    1528
    1412
    1409
    1445
    1482
    1328
    1392
    1330
    1345
    1334
    1278
    1217
    1180
    1179
    1126
    1039
    1074
     971
     961
     926
     836
     868
     800
     749
     695
     659
     661
     595
     604
     507
     492
     488
     443
     398
     370
     360
     339
     325
     284
     229
     242
     230
     194
     197
     150
     159
     145
     138
     114
     128
     103
     103
      88
      95
      89
      85
      68
      85
      80
      68
      80
      73
      57
      48
      68
      50
      66
      42
      55
      56
      52
      47
      48
      58
      59
      57
      43
      57
      58
      57
      55
      47
      59
      49
      48
      63
      47
      58
      62
      41
      44
      49
      59
      40
      51
      54
      41
      43
      50
      47
      54
      62
      49
      45
      48
      43
      40
      50
      62
      50
      37
      36
      61
      49
      52
      54
      48
      50
      47
      60
      53
      45
      60
      58
      44
      53
      48
      52
      46
      48
      46
      34
      54
      43
      42
      47
      54
      47
      43
      50
      63
      48
      67
      49
      54
      46
      51
      52
      63
      52
      43
      44
      46
      38
      47
      43
      46
      47
      56
      41
      44
      55
      46
      48
      35
      44
      40
      43
      54
      36
      60
      46
      46
      51
      36
      53
      51
      46
      50
      59
      46
      41
      59
      55
      59
      37
      50
      46
      47
      59
      40
      44
      47
      37
      45
      41
      57
      48
      54
      41
      47
      34
      44
      54
      52
      28
      51
      43
      40
      36
      49
      53
      47
      45
      43
      51
      39
      49
      41
      54
      46
      47
      38
      49
      42
      59
      54
      40
      56
      55
      46
      49
      59
      57
      56
      51
      51
      48
      49
      43
      48
      45
      31
      54
      60
      47
      41
      47
      40
      61
      46
      54
      46
      49
      50
      45
      52
      50
      45
      50
      45
      49
      36
      39
      45
      52
      58
      47
      54
      55
      56
      48
      45
      39
      44
      37
      55
      44
      61
      42
      50
      44
      55
      34
      59
      46
      47
      49
      53
      61
      46
      49
      48
      50
      37
      55
      53
      50
      48
      55
      61
      58
      40
      49
      56
      46
      53
      43
      50
      61
      51
      45
      45
      41
      44
      35
      62
      65
      56
      49
      47
      48
      53
      55
      59
      52
      48
      54
      56
      54
      43
      33
      55
      44
      45
      56
      60
      51
      54
      50
      38
      52
      39
      55
      58
      45
      41
      44
      56
      63
      59
      71
      48
      65
      45
      58
      52
      44
      46
      54
      40
      40
      47
      53
      47
      65
      52
      56
      40
      48
      46
      24
       0
       0
       0
       0
       0
       0
       0
       0
       0
       0
       0
       0
       0
       0
       0
       0
       0
       0
       0
       0
       0
       0
       0
       0
       0
       0
       0
       0
       0
       0
       0
       0
       0
       0
       0
       0
       0
       0
       0
       0
       0
       0
       0
       0
       0
       0
       0
       0
       0
       0
       0
       0
       0
       0
       0
       0
       0
       0
       0
       0
       0
       0
       0
       0
       0
       0
       0
       0
$ROI:
2
95 97
514 605
$PRESETS:
Real Time
200
0
$ENER_FIT:
-289.438599 1.280702
$MCA_CAL:
3
-2.894386E+002 1.280702E+000 0.000000E+000
$SHAPE_CAL:
3
0.000000E+000 0.000000E+000 0.000000E+000
