$SPEC_ID:
MEASURE 037.
$SPEC_REM:
DET# 1
DETDESC# MCB 25
AP# Maestro Version 6.05
$DATE_MEA:
04/03/2003 11:13:28
$MEAS_TIM:
195 200
$DATA:
0 1023
       0
       0
       0
       0
       0
       0
       0
       0
       0
       0
       0
       0
       0
       0
       0
       0
       0
       0
       0
       0
       0
       0
       0
       0
       0
       0
       0
       0
       0
       0
       0
       0
       0
       0
       0
       0
       0
       0
       0
       0
       0
       0
       0
       0
     159
     271
     299
     282
     299
     266
     272
     293
     288
     324
     307
     295
     325
     298
     316
     331
     302
     306
     332
     305
     315
     325
     295
     297
     334
     341
     331
     325
     347
     341
     316
     340
     368
     341
     342
     369
     364
     377
     369
     366
     346
     401
     403
     402
     409
     409
     412
     429
     398
     438
     414
     452
     431
     448
     464
     446
     496
     491
     489
     491
     488
     483
     512
     467
     505
     500
     549
     516
     552
     535
     556
     545
     566
     544
     532
     549
     618
     551
     583
     601
     554
     584
     599
     622
     617
     631
     596
     584
     626
     610
     632
     605
     694
     619
     677
     621
     644
     691
     679
     653
     627
     685
     607
     674
     635
     650
     638
     696
     626
     653
     643
     668
     654
     673
     641
     722
     714
     690
     677
     651
     638
     637
     657
     652
     702
     638
     652
     662
     671
     594
     662
     702
     676
     702
     660
     613
     620
     668
     630
     660
     683
     718
     666
     691
     671
     657
     652
     689
     652
     642
     707
     734
     679
     727
     686
     713
     704
     735
     739
     743
     763
     751
     735
     765
     765
     785
     786
     764
     767
     777
     792
     803
     801
     777
     747
     725
     812
     770
     802
     776
     741
     695
     789
     717
     744
     693
     729
     704
     677
     617
     667
     639
     688
     620
     694
     675
     682
     715
     642
     637
     652
     646
     681
     631
     640
     609
     658
     631
     627
     625
     621
     631
     636
     609
     599
     599
     584
     573
     618
     580
     555
     635
     552
     596
     540
     527
     557
     571
     538
     563
     555
     535
     579
     565
     537
     496
     570
     526
     515
     519
     536
     527
     521
     534
     461
     491
     498
     509
     506
     509
     499
     461
     436
     492
     477
     465
     468
     488
     505
     460
     417
     430
     456
     421
     435
     433
     456
     452
     431
     469
     429
     445
     433
     433
     459
     467
     441
     460
     446
     390
     430
     411
     423
     443
     384
     437
     385
     410
     414
     420
     394
     419
     431
     449
     410
     397
     380
     400
     412
     426
     378
     412
     361
     388
     438
     397
     365
     382
     424
     367
     402
     436
     375
     364
     387
     349
     332
     348
     366
     353
     380
     328
     358
     346
     342
     354
     366
     336
     352
     387
     306
     324
     343
     281
     317
     295
     293
     299
     306
     321
     270
     250
     284
     302
     289
     256
     277
     261
     251
     261
     245
     235
     272
     254
     251
     226
     240
     236
     205
     251
     226
     211
     227
     214
     190
     208
     221
     197
     187
     194
     206
     206
     229
     193
     190
     206
     179
     187
     170
     156
     165
     176
     185
     162
     173
     165
     192
     175
     180
     169
     166
     175
     147
     161
     164
     154
     164
     145
     149
     143
     159
     158
     152
     135
     132
     146
     168
     184
     164
     166
     128
     146
     173
     146
     140
     147
     144
     136
     149
     141
     140
     164
     127
     146
     159
     119
     147
     120
     136
     146
     133
     118
     142
     135
     147
     146
     116
     140
     139
     124
     141
     124
     134
     144
     123
     142
     127
     122
     119
     130
     145
     143
     149
     137
     124
     142
     109
     142
     140
     149
     146
     120
     107
     124
     138
     143
     150
     129
     147
     142
     144
     149
     134
     146
     139
     163
     148
     155
     161
     158
     171
     171
     162
     147
     169
     162
     190
     168
     181
     204
     207
     209
     255
     237
     254
     279
     276
     297
     272
     301
     313
     334
     351
     385
     429
     443
     433
     441
     533
     542
     547
     557
     604
     652
     692
     724
     742
     738
     769
     886
     855
     899
     933
     993
    1063
    1013
    1122
    1115
    1111
    1121
    1240
    1220
    1277
    1314
    1333
    1307
    1372
    1479
    1385
    1347
    1425
    1409
    1403
    1448
    1500
    1479
    1356
    1427
    1477
    1382
    1424
    1330
    1355
    1352
    1228
    1186
    1180
    1224
    1134
    1099
    1099
    1021
    1061
     966
     951
     830
     826
     822
     744
     679
     669
     610
     651
     560
     551
     553
     484
     424
     416
     409
     338
     300
     325
     263
     274
     227
     222
     190
     182
     155
     148
     172
     169
     120
     154
     104
     111
     116
      95
      86
      78
      71
      84
      56
      60
      67
      62
      64
      59
      65
      56
      61
      60
      57
      63
      64
      62
      55
      51
      56
      54
      55
      54
      54
      62
      59
      48
      53
      41
      58
      54
      55
      63
      53
      56
      44
      56
      44
      55
      46
      47
      59
      45
      61
      55
      44
      59
      37
      57
      58
      55
      41
      60
      50
      50
      48
      58
      51
      54
      54
      68
      47
      47
      40
      50
      60
      56
      58
      52
      52
      43
      51
      51
      53
      52
      54
      47
      50
      59
      51
      56
      37
      42
      51
      50
      47
      37
      67
      54
      53
      47
      47
      55
      58
      47
      67
      55
      47
      52
      53
      52
      57
      53
      44
      43
      51
      54
      47
      53
      42
      47
      57
      44
      39
      48
      38
      50
      60
      51
      44
      49
      45
      47
      53
      46
      46
      47
      54
      59
      41
      42
      59
      45
      44
      57
      53
      46
      43
      51
      53
      57
      48
      52
      58
      71
      39
      52
      54
      39
      48
      39
      48
      45
      45
      44
      39
      52
      51
      49
      41
      48
      43
      39
      45
      39
      57
      40
      42
      48
      58
      65
      45
      56
      52
      39
      47
      49
      52
      44
      49
      48
      49
      50
      46
      56
      41
      48
      46
      46
      47
      44
      36
      48
      50
      42
      40
      46
      49
      31
      47
      44
      55
      51
      39
      50
      41
      51
      48
      46
      49
      59
      43
      49
      47
      50
      53
      48
      44
      52
      43
      49
      54
      42
      58
      39
      54
      42
      50
      40
      58
      59
      41
      28
      49
      54
      40
      46
      55
      36
      45
      42
      39
      45
      50
      43
      51
      47
      60
      50
      46
      57
      53
      53
      42
      45
      50
      42
      53
      57
      36
      56
      40
      50
      46
      30
      47
      42
      56
      41
      37
      43
      55
      45
      40
      49
      56
      44
      37
      56
      45
      50
      58
      50
      66
      50
      50
      61
      42
      39
      61
      48
      46
      41
      50
      56
      52
      51
      44
      49
      44
      64
      47
      45
      48
      52
      53
      63
      47
      40
      54
      44
      31
       1
       0
       0
       0
       0
       0
       0
       0
       0
       0
       0
       0
       0
       0
       0
       0
       0
       0
       0
       0
       0
       0
       0
       0
       0
       0
       0
       0
       0
       0
       0
       0
       0
       0
       0
       0
       0
       0
       0
       0
       0
       0
       0
       0
       0
       0
       0
       0
       0
       0
       0
       0
       0
       0
       0
       0
       0
       0
       0
       0
       0
       0
       0
       0
       0
       0
       0
       0
$ROI:
2
95 97
514 605
$PRESETS:
Real Time
200
0
$ENER_FIT:
-289.438599 1.280702
$MCA_CAL:
3
-2.894386E+002 1.280702E+000 0.000000E+000
$SHAPE_CAL:
3
0.000000E+000 0.000000E+000 0.000000E+000
