$SPEC_ID:
MEASURE 457.
$SPEC_REM:
DET# 1
DETDESC# MCB 25
AP# Maestro Version 6.05
$DATE_MEA:
04/04/2003 22:13:28
$MEAS_TIM:
195 200
$DATA:
0 1023
       0
       0
       0
       0
       0
       0
       0
       0
       0
       0
       0
       0
       0
       0
       0
       0
       0
       0
       0
       0
       0
       0
       0
       0
       0
       0
       0
       0
       0
       0
       0
       0
       0
       0
       0
       0
       0
       0
       0
       0
       0
       0
       0
       0
     137
     271
     305
     276
     305
     272
     262
     284
     319
     282
     275
     271
     274
     265
     286
     269
     287
     244
     282
     300
     302
     313
     323
     282
     267
     305
     284
     301
     336
     303
     343
     281
     307
     371
     316
     335
     338
     350
     336
     381
     327
     360
     367
     398
     384
     418
     378
     376
     401
     425
     420
     413
     438
     413
     454
     442
     462
     456
     449
     432
     452
     475
     457
     486
     483
     469
     506
     504
     485
     501
     461
     538
     507
     534
     524
     536
     548
     543
     529
     541
     569
     615
     552
     592
     580
     588
     580
     550
     611
     561
     593
     655
     613
     614
     605
     604
     603
     577
     609
     644
     635
     597
     638
     623
     581
     649
     656
     627
     661
     627
     651
     588
     612
     637
     640
     624
     645
     637
     680
     691
     616
     621
     666
     636
     661
     679
     628
     651
     629
     625
     616
     621
     658
     636
     668
     651
     613
     686
     619
     597
     667
     612
     626
     674
     637
     677
     622
     672
     648
     648
     648
     660
     670
     684
     661
     674
     694
     679
     638
     715
     681
     741
     693
     713
     745
     685
     680
     694
     712
     742
     706
     733
     713
     797
     743
     737
     710
     781
     777
     793
     731
     738
     798
     724
     755
     761
     798
     734
     737
     706
     758
     681
     714
     721
     634
     737
     688
     712
     681
     628
     635
     643
     607
     648
     660
     657
     639
     614
     631
     638
     620
     624
     574
     619
     598
     625
     596
     565
     556
     604
     589
     615
     588
     568
     559
     585
     570
     514
     539
     581
     571
     568
     562
     582
     558
     587
     581
     563
     559
     551
     518
     525
     526
     542
     539
     504
     510
     466
     533
     549
     507
     496
     512
     510
     469
     506
     484
     499
     471
     431
     456
     489
     433
     463
     451
     461
     459
     466
     477
     444
     476
     423
     435
     459
     444
     448
     421
     365
     435
     436
     405
     429
     455
     447
     428
     426
     413
     405
     415
     414
     436
     399
     423
     424
     402
     409
     406
     420
     398
     386
     423
     410
     373
     405
     362
     373
     390
     367
     434
     393
     386
     375
     420
     392
     399
     350
     358
     393
     335
     362
     344
     371
     334
     376
     380
     371
     370
     380
     399
     367
     350
     392
     344
     319
     337
     359
     292
     356
     328
     297
     318
     340
     318
     296
     296
     298
     336
     301
     289
     311
     319
     297
     294
     253
     311
     266
     262
     274
     253
     244
     228
     271
     252
     240
     246
     234
     261
     222
     244
     195
     227
     215
     206
     249
     215
     197
     184
     195
     232
     207
     194
     192
     185
     159
     189
     192
     195
     187
     171
     189
     169
     156
     188
     181
     158
     168
     163
     158
     175
     152
     174
     184
     155
     151
     186
     154
     185
     143
     166
     158
     153
     149
     156
     159
     163
     157
     148
     165
     132
     159
     140
     131
     134
     141
     149
     125
     134
     141
     146
     159
     142
     156
     140
     107
     122
     127
     130
     143
     138
     123
     134
     136
     157
     131
     146
     149
     117
     138
     141
     126
     130
     130
     143
     133
     140
     111
     132
     116
     134
     123
     113
     136
     125
     127
     138
     115
     121
     132
     127
     125
     137
     110
     126
     126
     119
     105
     146
     141
     131
     115
     127
     154
     116
     138
     142
     134
     141
     146
     142
     148
     126
     134
     150
     143
     132
     148
     170
     154
     147
     157
     191
     171
     192
     151
     184
     169
     238
     227
     192
     221
     254
     221
     246
     266
     279
     286
     304
     296
     324
     367
     368
     369
     421
     437
     443
     407
     447
     518
     524
     542
     634
     614
     648
     709
     646
     721
     787
     823
     865
     908
     860
     932
     985
    1006
    1000
    1080
    1129
    1194
    1147
    1165
    1170
    1308
    1222
    1295
    1323
    1424
    1395
    1365
    1365
    1375
    1404
    1437
    1413
    1439
    1432
    1406
    1442
    1364
    1332
    1325
    1306
    1300
    1294
    1250
    1195
    1202
    1129
    1069
    1070
    1080
    1072
     941
     919
     906
     806
     805
     800
     771
     750
     679
     608
     586
     567
     542
     509
     447
     444
     421
     379
     343
     318
     270
     297
     262
     263
     243
     223
     208
     169
     149
     156
     155
     151
     141
     120
     110
     109
     105
      88
     104
      94
      73
      78
      80
      64
      65
      65
      57
      66
      63
      68
      62
      49
      59
      53
      61
      68
      55
      63
      53
      64
      51
      52
      63
      55
      60
      55
      52
      58
      50
      46
      53
      56
      49
      49
      49
      61
      59
      56
      65
      59
      49
      47
      56
      49
      70
      56
      47
      40
      39
      61
      52
      50
      57
      37
      56
      41
      36
      43
      52
      50
      56
      48
      46
      46
      45
      49
      36
      53
      51
      50
      51
      59
      51
      46
      51
      63
      59
      69
      47
      56
      33
      49
      53
      52
      47
      45
      43
      44
      50
      44
      46
      47
      52
      44
      54
      44
      55
      47
      54
      47
      39
      49
      37
      45
      50
      37
      43
      53
      57
      49
      39
      42
      47
      52
      48
      44
      38
      41
      48
      38
      37
      45
      46
      48
      46
      41
      35
      42
      42
      43
      41
      50
      56
      52
      40
      47
      47
      43
      47
      45
      46
      55
      35
      52
      48
      37
      44
      48
      36
      44
      38
      36
      53
      39
      56
      47
      38
      48
      36
      53
      41
      49
      39
      52
      44
      48
      47
      43
      35
      45
      39
      54
      51
      57
      48
      54
      49
      43
      46
      43
      41
      45
      49
      61
      43
      44
      47
      49
      37
      65
      42
      58
      40
      40
      38
      50
      49
      43
      43
      46
      38
      42
      31
      57
      57
      37
      41
      44
      40
      46
      45
      41
      38
      29
      45
      42
      53
      48
      40
      44
      51
      65
      52
      35
      35
      50
      49
      49
      33
      41
      33
      50
      56
      52
      48
      48
      48
      43
      44
      44
      41
      49
      42
      54
      40
      46
      44
      46
      53
      52
      52
      48
      45
      40
      61
      45
      65
      64
      49
      49
      56
      43
      38
      43
      39
      49
      50
      49
      30
      47
      42
      44
      38
      48
      48
      53
      59
      50
      41
      56
      40
      47
      62
      43
      46
      36
      50
      49
      52
      50
      42
       4
       0
       0
       0
       0
       0
       0
       0
       0
       0
       0
       0
       0
       0
       0
       0
       0
       0
       0
       0
       0
       0
       0
       0
       0
       0
       0
       0
       0
       0
       0
       0
       0
       0
       0
       0
       0
       0
       0
       0
       0
       0
       0
       0
       0
       0
       0
       0
       0
       0
       0
       0
       0
       0
       0
       0
       0
       0
       0
       0
       0
       0
       0
       0
       0
       0
       0
       0
$ROI:
2
95 97
514 605
$PRESETS:
Real Time
200
0
$ENER_FIT:
-289.438599 1.280702
$MCA_CAL:
3
-2.894386E+002 1.280702E+000 0.000000E+000
$SHAPE_CAL:
3
0.000000E+000 0.000000E+000 0.000000E+000
