$SPEC_ID:
MEASURE 322.
$SPEC_REM:
DET# 1
DETDESC# MCB 25
AP# Maestro Version 6.05
$DATE_MEA:
04/04/2003 10:58:28
$MEAS_TIM:
195 200
$DATA:
0 1023
       0
       0
       0
       0
       0
       0
       0
       0
       0
       0
       0
       0
       0
       0
       0
       0
       0
       0
       0
       0
       0
       0
       0
       0
       0
       0
       0
       0
       0
       0
       0
       0
       0
       0
       0
       0
       0
       0
       0
       0
       0
       0
       0
       0
     136
     290
     296
     300
     294
     292
     295
     297
     286
     283
     274
     311
     312
     293
     303
     315
     316
     313
     288
     276
     284
     275
     342
     294
     335
     301
     285
     332
     319
     323
     352
     319
     333
     371
     339
     353
     353
     345
     326
     370
     367
     346
     316
     381
     367
     379
     391
     390
     461
     387
     453
     427
     394
     420
     417
     449
     460
     465
     463
     481
     492
     441
     495
     536
     490
     545
     568
     550
     515
     493
     516
     576
     499
     526
     543
     484
     510
     529
     545
     566
     545
     559
     552
     595
     591
     558
     600
     585
     602
     587
     594
     618
     595
     596
     582
     619
     553
     598
     635
     623
     656
     615
     594
     609
     615
     622
     620
     631
     596
     626
     666
     670
     643
     636
     664
     671
     629
     641
     609
     629
     670
     655
     647
     641
     652
     640
     672
     638
     631
     652
     675
     611
     613
     681
     644
     641
     690
     650
     663
     704
     599
     693
     625
     632
     648
     639
     616
     617
     638
     667
     680
     654
     638
     649
     666
     662
     681
     673
     719
     713
     749
     745
     660
     685
     754
     757
     726
     740
     697
     717
     709
     749
     748
     735
     777
     784
     738
     740
     776
     774
     769
     759
     731
     751
     792
     767
     714
     727
     722
     720
     754
     711
     742
     677
     709
     651
     669
     677
     685
     635
     622
     638
     667
     719
     653
     640
     622
     622
     612
     638
     626
     650
     554
     596
     586
     579
     606
     535
     644
     584
     575
     554
     552
     586
     593
     582
     566
     519
     533
     541
     603
     568
     596
     567
     532
     574
     532
     536
     575
     537
     512
     513
     520
     507
     488
     499
     503
     502
     508
     530
     494
     485
     528
     501
     467
     482
     467
     497
     481
     484
     446
     457
     488
     445
     493
     466
     492
     479
     458
     458
     476
     430
     419
     461
     472
     443
     419
     423
     437
     401
     425
     416
     456
     443
     411
     399
     410
     458
     395
     435
     413
     409
     389
     405
     429
     413
     442
     401
     379
     380
     412
     389
     376
     412
     376
     386
     397
     379
     398
     353
     384
     370
     385
     379
     372
     374
     380
     391
     410
     373
     340
     366
     350
     346
     350
     368
     357
     353
     329
     360
     325
     356
     355
     343
     344
     304
     335
     349
     299
     338
     304
     309
     344
     346
     316
     291
     313
     301
     291
     284
     287
     267
     251
     288
     267
     254
     266
     283
     262
     229
     260
     223
     264
     227
     259
     209
     218
     216
     221
     220
     180
     208
     193
     208
     209
     201
     195
     183
     201
     193
     203
     200
     207
     201
     189
     165
     191
     190
     185
     157
     188
     173
     150
     171
     158
     174
     187
     149
     153
     200
     170
     163
     161
     164
     178
     174
     142
     156
     163
     141
     162
     144
     146
     155
     153
     150
     140
     147
     159
     140
     141
     121
     133
     132
     144
     143
     130
     142
     151
     141
     141
     139
     126
     134
     127
     164
     125
     133
     118
     119
     137
     146
     124
     128
     143
     129
     153
     109
     139
     160
     146
     132
     135
     131
     153
     124
     140
     122
     144
     130
     125
     123
     113
     120
     139
     115
     112
     140
     119
     117
     126
     133
     133
     116
     112
     123
     111
     134
     142
     130
     132
     150
     133
     123
     143
     134
     134
     114
     133
     142
     169
     162
     148
     151
     160
     147
     153
     165
     167
     169
     171
     188
     174
     175
     193
     213
     244
     233
     258
     255
     277
     275
     296
     312
     346
     367
     383
     375
     345
     406
     435
     464
     460
     486
     549
     600
     562
     564
     612
     642
     697
     709
     804
     776
     832
     881
     900
    1002
     970
    1001
    1015
     998
    1120
    1127
    1138
    1238
    1249
    1248
    1218
    1309
    1346
    1322
    1360
    1346
    1373
    1401
    1402
    1416
    1353
    1355
    1423
    1460
    1448
    1381
    1427
    1321
    1307
    1372
    1311
    1260
    1228
    1206
    1176
    1190
    1119
    1052
    1039
    1021
     972
     945
     957
     801
     826
     745
     757
     738
     648
     593
     585
     528
     488
     480
     446
     423
     400
     348
     351
     332
     298
     255
     266
     217
     216
     187
     174
     176
     171
     181
     148
     136
     114
     120
     123
      81
      76
      93
      83
      78
      73
      71
      65
      57
      57
      69
      69
      61
      54
      70
      71
      66
      50
      51
      68
      42
      53
      62
      66
      73
      46
      54
      49
      55
      61
      56
      45
      53
      51
      57
      47
      59
      57
      58
      48
      54
      45
      45
      50
      41
      39
      56
      59
      53
      40
      55
      52
      60
      45
      59
      51
      41
      48
      43
      49
      44
      39
      42
      53
      47
      61
      39
      55
      57
      56
      55
      44
      55
      56
      38
      52
      34
      51
      41
      51
      48
      59
      53
      51
      49
      48
      42
      44
      54
      42
      56
      52
      49
      47
      45
      44
      58
      35
      51
      37
      48
      44
      44
      50
      46
      50
      49
      47
      38
      57
      46
      48
      45
      51
      44
      53
      57
      51
      43
      53
      49
      44
      47
      45
      53
      46
      60
      40
      47
      60
      45
      36
      51
      50
      53
      48
      37
      56
      42
      34
      41
      31
      48
      42
      50
      42
      37
      45
      51
      60
      52
      49
      52
      41
      45
      50
      53
      47
      58
      45
      39
      45
      40
      52
      51
      45
      50
      57
      41
      54
      38
      52
      43
      38
      50
      41
      49
      45
      47
      49
      46
      48
      62
      49
      49
      47
      51
      46
      26
      46
      46
      48
      46
      48
      47
      52
      50
      53
      39
      58
      36
      37
      49
      43
      50
      48
      54
      34
      49
      37
      48
      44
      41
      51
      37
      49
      48
      38
      52
      57
      50
      57
      50
      43
      44
      52
      45
      54
      51
      58
      51
      56
      52
      43
      53
      53
      42
      48
      53
      41
      46
      51
      47
      40
      39
      55
      56
      34
      58
      55
      42
      43
      60
      45
      50
      51
      44
      42
      42
      51
      53
      37
      47
      54
      51
      43
      43
      41
      57
      38
      57
      40
      41
      46
      55
      45
      55
      44
      51
      40
      51
      42
      56
      51
      47
      36
      59
      54
      50
      46
      62
      65
      44
      47
      42
      50
      46
      50
      33
       1
       0
       0
       0
       0
       0
       0
       0
       0
       0
       0
       0
       0
       0
       0
       0
       0
       0
       0
       0
       0
       0
       0
       0
       0
       0
       0
       0
       0
       0
       0
       0
       0
       0
       0
       0
       0
       0
       0
       0
       0
       0
       0
       0
       0
       0
       0
       0
       0
       0
       0
       0
       0
       0
       0
       0
       0
       0
       0
       0
       0
       0
       0
       0
       0
       0
       0
       0
$ROI:
2
95 97
514 605
$PRESETS:
Real Time
200
0
$ENER_FIT:
-289.438599 1.280702
$MCA_CAL:
3
-2.894386E+002 1.280702E+000 0.000000E+000
$SHAPE_CAL:
3
0.000000E+000 0.000000E+000 0.000000E+000
