$SPEC_ID:
MEASURE 343.
$SPEC_REM:
DET# 1
DETDESC# MCB 25
AP# Maestro Version 6.05
$DATE_MEA:
04/04/2003 12:43:28
$MEAS_TIM:
195 200
$DATA:
0 1023
       0
       0
       0
       0
       0
       0
       0
       0
       0
       0
       0
       0
       0
       0
       0
       0
       0
       0
       0
       0
       0
       0
       0
       0
       0
       0
       0
       0
       0
       0
       0
       0
       0
       0
       0
       0
       0
       0
       0
       0
       0
       0
       0
       0
     171
     303
     279
     267
     281
     271
     284
     279
     306
     282
     316
     278
     275
     299
     291
     298
     301
     310
     300
     261
     325
     298
     328
     320
     283
     347
     298
     326
     300
     344
     317
     351
     317
     341
     315
     343
     355
     328
     377
     322
     361
     374
     364
     345
     373
     373
     412
     379
     413
     441
     412
     434
     431
     455
     414
     427
     444
     463
     474
     479
     470
     488
     471
     459
     506
     481
     482
     486
     512
     513
     526
     535
     534
     493
     532
     557
     532
     557
     548
     528
     535
     554
     586
     547
     564
     553
     580
     571
     588
     565
     556
     632
     593
     534
     633
     598
     655
     583
     624
     626
     640
     654
     626
     613
     631
     676
     593
     661
     618
     627
     637
     672
     611
     596
     645
     654
     644
     645
     628
     700
     685
     639
     634
     619
     618
     683
     652
     605
     649
     676
     615
     620
     686
     632
     618
     650
     635
     615
     619
     629
     672
     656
     675
     682
     631
     662
     635
     686
     646
     661
     672
     700
     680
     709
     644
     680
     696
     677
     693
     713
     696
     637
     694
     733
     730
     722
     725
     763
     720
     749
     739
     734
     768
     766
     744
     683
     750
     754
     738
     722
     727
     833
     776
     749
     726
     752
     769
     718
     723
     740
     689
     649
     746
     730
     727
     717
     731
     721
     704
     628
     668
     635
     663
     638
     641
     634
     685
     600
     670
     624
     564
     627
     590
     605
     562
     631
     605
     609
     595
     575
     601
     562
     537
     598
     555
     550
     518
     535
     545
     559
     538
     564
     554
     584
     578
     559
     546
     539
     559
     539
     532
     524
     511
     500
     508
     526
     519
     522
     478
     515
     501
     509
     522
     503
     524
     503
     450
     517
     471
     496
     447
     472
     463
     478
     520
     496
     464
     473
     427
     432
     423
     417
     466
     463
     418
     437
     437
     423
     414
     421
     433
     388
     450
     417
     426
     433
     437
     424
     420
     414
     430
     414
     410
     431
     394
     415
     406
     420
     430
     430
     371
     398
     428
     414
     378
     383
     435
     375
     376
     370
     362
     366
     413
     371
     386
     379
     356
     407
     352
     434
     381
     371
     384
     393
     389
     344
     352
     355
     339
     356
     346
     309
     340
     354
     338
     319
     364
     349
     334
     340
     283
     299
     308
     328
     299
     320
     317
     305
     290
     293
     283
     277
     295
     293
     251
     264
     269
     274
     239
     232
     259
     253
     247
     211
     248
     212
     232
     219
     210
     214
     229
     223
     213
     215
     220
     207
     201
     184
     171
     199
     167
     212
     179
     179
     197
     183
     183
     178
     197
     173
     169
     188
     180
     159
     148
     150
     147
     163
     170
     160
     147
     166
     181
     154
     149
     173
     165
     134
     158
     158
     165
     152
     163
     150
     155
     133
     185
     133
     145
     168
     151
     142
     149
     121
     158
     138
     141
     143
     140
     135
     147
     121
     153
     144
     133
     138
     144
     126
     132
     134
     129
     136
     131
     147
     124
     127
     140
     139
     126
     128
     127
     150
     138
     125
     124
     117
     111
     136
     140
     144
     133
     133
     127
     133
     115
     144
     131
     130
     138
     130
     143
     128
     116
     122
     131
     131
     125
     148
     151
     138
     153
     128
     144
     143
     156
     135
     145
     156
     137
     148
     157
     148
     165
     138
     143
     168
     165
     180
     166
     172
     182
     182
     178
     181
     194
     186
     224
     249
     228
     224
     268
     293
     289
     303
     315
     303
     351
     390
     352
     376
     421
     438
     465
     525
     518
     522
     585
     611
     624
     638
     658
     762
     809
     805
     792
     908
     913
     891
     928
     975
    1001
     943
    1041
    1054
    1142
    1286
    1233
    1220
    1247
    1263
    1277
    1333
    1308
    1369
    1374
    1437
    1373
    1383
    1465
    1417
    1411
    1393
    1435
    1362
    1435
    1396
    1313
    1317
    1345
    1232
    1249
    1239
    1154
    1198
    1121
    1105
    1110
    1041
     981
     948
     850
     903
     830
     816
     730
     705
     728
     635
     575
     567
     503
     467
     461
     438
     447
     386
     334
     348
     302
     268
     260
     255
     233
     239
     176
     187
     178
     158
     133
     170
     128
     105
     110
     100
     101
     107
      81
      86
      65
      79
      78
      74
      51
      60
      68
      56
      61
      59
      52
      66
      48
      66
      62
      45
      60
      60
      65
      41
      39
      57
      53
      62
      53
      57
      57
      52
      56
      51
      46
      47
      57
      61
      54
      49
      47
      48
      42
      51
      54
      41
      58
      55
      69
      47
      44
      41
      48
      55
      55
      40
      45
      56
      50
      47
      48
      52
      43
      53
      54
      50
      49
      39
      48
      50
      47
      53
      41
      38
      54
      37
      41
      37
      51
      44
      59
      44
      45
      48
      52
      61
      64
      43
      52
      62
      57
      45
      48
      48
      40
      49
      51
      45
      41
      48
      43
      41
      45
      41
      45
      42
      48
      46
      53
      38
      41
      35
      47
      47
      40
      66
      41
      39
      35
      50
      44
      53
      46
      47
      45
      38
      51
      54
      44
      50
      50
      49
      47
      50
      55
      42
      60
      47
      48
      41
      39
      51
      51
      54
      37
      55
      46
      52
      47
      38
      48
      37
      39
      44
      53
      53
      43
      39
      47
      43
      33
      60
      52
      51
      44
      54
      50
      42
      48
      55
      45
      42
      49
      45
      52
      34
      47
      43
      38
      38
      47
      45
      47
      40
      51
      34
      43
      46
      43
      55
      51
      48
      40
      38
      46
      66
      48
      38
      36
      37
      48
      42
      42
      47
      47
      54
      47
      42
      50
      44
      48
      41
      51
      41
      48
      54
      52
      40
      41
      50
      42
      42
      48
      57
      41
      50
      40
      53
      39
      43
      45
      46
      62
      31
      50
      48
      43
      51
      55
      61
      52
      48
      37
      46
      55
      50
      55
      66
      33
      52
      58
      40
      40
      47
      42
      51
      55
      51
      39
      50
      52
      60
      44
      41
      34
      63
      39
      43
      48
      42
      37
      49
      55
      39
      55
      47
      58
      50
      64
      48
      52
      52
      50
      54
      44
      41
      44
      41
      64
      56
      44
      47
      50
      63
      55
      53
      55
      26
       1
       0
       0
       0
       0
       0
       0
       0
       0
       0
       0
       0
       0
       0
       0
       0
       0
       0
       0
       0
       0
       0
       0
       0
       0
       0
       0
       0
       0
       0
       0
       0
       0
       0
       0
       0
       0
       0
       0
       0
       0
       0
       0
       0
       0
       0
       0
       0
       0
       0
       0
       0
       0
       0
       0
       0
       0
       0
       0
       0
       0
       0
       0
       0
       0
       0
       0
       0
$ROI:
2
95 97
514 605
$PRESETS:
Real Time
200
0
$ENER_FIT:
-289.438599 1.280702
$MCA_CAL:
3
-2.894386E+002 1.280702E+000 0.000000E+000
$SHAPE_CAL:
3
0.000000E+000 0.000000E+000 0.000000E+000
