$SPEC_ID:
MEASURE 297.
$SPEC_REM:
DET# 1
DETDESC# MCB 25
AP# Maestro Version 6.05
$DATE_MEA:
04/04/2003 08:53:28
$MEAS_TIM:
195 200
$DATA:
0 1023
       0
       0
       0
       0
       0
       0
       0
       0
       0
       0
       0
       0
       0
       0
       0
       0
       0
       0
       0
       0
       0
       0
       0
       0
       0
       0
       0
       0
       0
       0
       0
       0
       0
       0
       0
       0
       0
       0
       0
       0
       0
       0
       0
       0
     148
     288
     307
     292
     264
     264
     304
     288
     299
     267
     284
     287
     305
     303
     313
     285
     250
     293
     302
     292
     274
     277
     265
     298
     324
     281
     291
     287
     279
     303
     305
     335
     316
     322
     326
     368
     349
     347
     376
     358
     347
     396
     381
     403
     403
     405
     409
     412
     357
     404
     402
     427
     436
     408
     423
     432
     458
     457
     464
     445
     456
     506
     490
     488
     546
     531
     502
     515
     500
     520
     520
     522
     502
     552
     559
     531
     539
     575
     553
     527
     566
     540
     552
     558
     580
     587
     602
     613
     629
     587
     591
     603
     610
     605
     592
     587
     668
     603
     639
     611
     586
     630
     581
     639
     619
     604
     626
     658
     651
     614
     617
     636
     684
     643
     653
     698
     685
     638
     658
     637
     662
     671
     650
     642
     693
     671
     659
     665
     676
     686
     679
     614
     667
     631
     612
     664
     657
     617
     655
     646
     647
     662
     626
     671
     666
     623
     668
     676
     707
     638
     656
     642
     625
     672
     669
     663
     664
     696
     704
     649
     702
     711
     732
     688
     768
     680
     754
     722
     778
     752
     779
     730
     763
     767
     724
     731
     759
     761
     770
     836
     779
     740
     754
     749
     753
     738
     747
     731
     742
     740
     749
     726
     672
     650
     669
     686
     663
     656
     670
     691
     657
     666
     665
     634
     621
     668
     653
     638
     654
     638
     630
     622
     620
     602
     624
     594
     568
     606
     630
     580
     565
     545
     597
     547
     572
     548
     569
     516
     581
     569
     569
     595
     558
     554
     542
     529
     530
     573
     569
     557
     548
     534
     527
     523
     563
     484
     488
     486
     531
     512
     548
     533
     523
     476
     505
     497
     451
     506
     477
     488
     469
     465
     470
     461
     410
     483
     412
     434
     439
     457
     391
     443
     435
     458
     457
     432
     435
     419
     405
     420
     434
     437
     417
     456
     406
     464
     391
     430
     411
     378
     397
     431
     399
     427
     401
     379
     391
     381
     401
     394
     404
     368
     367
     412
     385
     396
     367
     383
     395
     364
     365
     372
     366
     370
     393
     388
     382
     394
     388
     347
     345
     367
     371
     338
     362
     382
     357
     366
     356
     379
     356
     329
     358
     335
     361
     324
     351
     331
     322
     324
     338
     314
     296
     294
     327
     273
     285
     304
     291
     289
     296
     292
     320
     278
     267
     268
     270
     275
     251
     248
     227
     266
     268
     261
     252
     219
     262
     222
     220
     204
     185
     220
     224
     217
     200
     192
     189
     204
     203
     199
     192
     200
     194
     185
     173
     177
     170
     160
     183
     183
     168
     169
     181
     169
     163
     143
     152
     155
     162
     170
     197
     175
     145
     163
     171
     144
     128
     150
     157
     163
     143
     169
     151
     146
     158
     147
     156
     145
     133
     137
     140
     155
     160
     148
     133
     158
     132
     135
     143
     144
     137
     145
     132
     143
     145
     129
     121
     128
     124
     140
     136
     140
     135
     113
     147
     148
     130
     155
     141
     138
     132
     131
     120
     145
     134
     119
     126
     115
     146
     126
     128
     133
     128
     129
     130
     115
     130
     139
     127
     121
     126
     135
     129
     155
     119
     143
     129
     140
     130
     137
     112
     126
     146
     141
     131
     144
     124
     173
     127
     139
     144
     160
     166
     163
     158
     178
     164
     181
     154
     181
     177
     183
     213
     211
     183
     221
     239
     249
     267
     302
     255
     294
     275
     324
     354
     350
     334
     369
     377
     420
     443
     454
     508
     523
     535
     595
     598
     642
     664
     681
     697
     789
     790
     833
     896
     919
     904
     972
     970
     999
    1080
    1080
    1136
    1141
    1194
    1160
    1240
    1219
    1371
    1325
    1358
    1363
    1387
    1342
    1395
    1443
    1407
    1445
    1371
    1350
    1398
    1448
    1390
    1397
    1329
    1364
    1345
    1293
    1242
    1237
    1184
    1209
    1109
    1115
    1017
    1079
     991
    1011
     918
     880
     881
     786
     834
     805
     672
     658
     615
     582
     551
     551
     482
     456
     458
     394
     362
     311
     337
     323
     249
     262
     253
     228
     182
     180
     185
     178
     173
     143
     140
     111
     108
     111
     100
      99
     103
      85
     109
      72
      66
      82
      66
      63
      74
      59
      62
      68
      72
      54
      51
      58
      63
      46
      43
      49
      52
      40
      50
      63
      59
      60
      55
      42
      57
      51
      61
      46
      46
      65
      47
      53
      54
      51
      52
      48
      58
      39
      56
      53
      60
      55
      46
      44
      45
      46
      55
      53
      57
      60
      49
      49
      35
      45
      53
      41
      44
      50
      50
      50
      55
      57
      50
      41
      54
      43
      54
      51
      46
      50
      45
      35
      54
      51
      48
      40
      44
      38
      53
      52
      39
      43
      43
      46
      44
      42
      52
      51
      43
      45
      43
      36
      44
      48
      44
      52
      50
      45
      37
      54
      59
      55
      61
      43
      48
      48
      47
      50
      53
      40
      48
      53
      64
      41
      45
      54
      51
      61
      40
      52
      47
      48
      36
      48
      42
      50
      39
      60
      44
      43
      51
      53
      48
      52
      49
      46
      43
      45
      42
      49
      47
      51
      47
      48
      59
      56
      45
      42
      41
      42
      46
      44
      57
      56
      48
      51
      36
      45
      44
      30
      60
      49
      55
      52
      52
      47
      50
      33
      48
      51
      48
      39
      39
      41
      31
      55
      43
      44
      42
      45
      42
      43
      33
      51
      54
      44
      35
      59
      43
      40
      49
      29
      56
      45
      51
      45
      53
      44
      35
      43
      56
      51
      47
      50
      51
      60
      46
      53
      53
      56
      41
      57
      40
      44
      41
      52
      45
      39
      43
      55
      58
      56
      30
      39
      38
      29
      51
      37
      53
      43
      46
      47
      51
      49
      51
      47
      51
      51
      61
      55
      54
      44
      44
      58
      48
      54
      57
      60
      55
      48
      51
      54
      35
      49
      47
      41
      59
      47
      51
      46
      63
      52
      40
      60
      53
      37
      39
      47
      47
      43
      58
      57
      40
      45
      48
      60
      44
      60
      47
      49
      32
      38
      46
      64
      56
      43
      61
      54
      50
      46
      48
      64
      35
      37
       0
       0
       0
       0
       0
       0
       0
       0
       0
       0
       0
       0
       0
       0
       0
       0
       0
       0
       0
       0
       0
       0
       0
       0
       0
       0
       0
       0
       0
       0
       0
       0
       0
       0
       0
       0
       0
       0
       0
       0
       0
       0
       0
       0
       0
       0
       0
       0
       0
       0
       0
       0
       0
       0
       0
       0
       0
       0
       0
       0
       0
       0
       0
       0
       0
       0
       0
       0
$ROI:
2
95 97
514 605
$PRESETS:
Real Time
200
0
$ENER_FIT:
-289.438599 1.280702
$MCA_CAL:
3
-2.894386E+002 1.280702E+000 0.000000E+000
$SHAPE_CAL:
3
0.000000E+000 0.000000E+000 0.000000E+000
