$SPEC_ID:
MEASURE 334.
$SPEC_REM:
DET# 1
DETDESC# MCB 25
AP# Maestro Version 6.05
$DATE_MEA:
04/04/2003 11:58:28
$MEAS_TIM:
195 200
$DATA:
0 1023
       0
       0
       0
       0
       0
       0
       0
       0
       0
       0
       0
       0
       0
       0
       0
       0
       0
       0
       0
       0
       0
       0
       0
       0
       0
       0
       0
       0
       0
       0
       0
       0
       0
       0
       0
       0
       0
       0
       0
       0
       0
       0
       0
       0
     116
     278
     295
     284
     288
     269
     288
     287
     293
     258
     308
     284
     267
     302
     312
     296
     292
     273
     295
     345
     275
     300
     307
     306
     318
     302
     311
     281
     299
     335
     362
     309
     304
     345
     338
     324
     381
     362
     362
     345
     375
     369
     372
     336
     397
     375
     364
     384
     417
     413
     451
     394
     446
     459
     456
     445
     433
     475
     440
     489
     491
     472
     514
     520
     522
     499
     475
     550
     523
     503
     508
     539
     556
     536
     559
     537
     514
     547
     549
     526
     558
     587
     551
     585
     573
     594
     608
     595
     621
     578
     615
     624
     641
     580
     618
     592
     619
     620
     611
     616
     582
     598
     604
     638
     653
     642
     668
     657
     687
     644
     646
     674
     629
     681
     655
     658
     622
     673
     665
     637
     684
     619
     613
     660
     685
     693
     654
     626
     668
     647
     681
     622
     623
     668
     680
     673
     645
     669
     640
     604
     636
     682
     653
     619
     648
     656
     689
     654
     680
     655
     644
     628
     678
     682
     678
     634
     624
     674
     658
     731
     722
     658
     660
     730
     758
     745
     718
     747
     731
     749
     757
     791
     764
     748
     757
     763
     753
     746
     769
     739
     806
     682
     740
     726
     735
     697
     765
     688
     726
     689
     665
     682
     740
     694
     696
     735
     641
     674
     674
     656
     631
     660
     690
     685
     622
     636
     663
     641
     622
     616
     622
     642
     622
     577
     655
     609
     605
     591
     505
     604
     613
     548
     614
     553
     579
     558
     591
     565
     551
     544
     549
     562
     531
     562
     563
     545
     544
     560
     563
     531
     548
     499
     526
     512
     532
     518
     521
     486
     520
     470
     531
     494
     459
     486
     508
     477
     486
     474
     469
     474
     499
     475
     454
     458
     474
     473
     451
     469
     491
     455
     464
     450
     477
     467
     443
     422
     408
     425
     469
     407
     454
     384
     439
     421
     407
     444
     438
     420
     420
     435
     449
     392
     404
     412
     370
     391
     410
     393
     453
     380
     367
     441
     410
     365
     379
     411
     401
     430
     399
     376
     401
     337
     417
     391
     424
     383
     383
     393
     352
     383
     383
     343
     335
     356
     344
     384
     353
     373
     331
     342
     350
     369
     352
     324
     370
     352
     326
     326
     322
     337
     322
     326
     329
     337
     290
     290
     308
     279
     288
     284
     264
     294
     284
     284
     279
     262
     260
     261
     262
     259
     252
     266
     227
     265
     223
     257
     225
     234
     233
     218
     218
     206
     187
     252
     201
     229
     210
     222
     231
     194
     199
     182
     202
     208
     175
     189
     184
     187
     167
     192
     166
     193
     175
     168
     168
     180
     166
     151
     156
     158
     164
     189
     167
     159
     159
     143
     153
     158
     140
     155
     161
     136
     177
     140
     166
     174
     144
     151
     153
     128
     140
     144
     131
     135
     136
     133
     143
     128
     138
     117
     120
     135
     132
     134
     132
     151
     122
     157
     120
     125
     140
     133
     136
     129
     117
     157
     128
     151
     133
     131
     124
     134
     145
     132
     129
     124
     130
     121
     119
     143
     151
     144
     138
     137
     122
     126
     123
     120
     114
     128
     138
     146
     126
     131
     110
     132
     141
     142
     135
     130
     136
     127
     134
     151
     130
     144
     122
     145
     149
     137
     148
     166
     138
     143
     165
     124
     164
     167
     153
     180
     163
     197
     175
     199
     217
     201
     231
     241
     234
     267
     271
     292
     247
     308
     311
     347
     330
     345
     371
     375
     421
     408
     484
     506
     554
     549
     549
     596
     628
     661
     700
     664
     758
     771
     789
     865
     886
     919
     918
     999
    1101
    1056
    1144
    1159
    1149
    1182
    1192
    1221
    1237
    1216
    1318
    1331
    1371
    1386
    1376
    1423
    1468
    1384
    1460
    1391
    1482
    1428
    1421
    1453
    1345
    1429
    1368
    1331
    1296
    1266
    1249
    1233
    1253
    1089
    1184
    1069
    1043
    1031
    1020
     985
     844
     831
     801
     791
     770
     717
     666
     608
     568
     564
     524
     494
     459
     430
     424
     372
     371
     316
     287
     262
     236
     265
     219
     188
     171
     157
     160
     161
     139
     125
     127
     121
      82
      90
     107
      93
      87
      82
      85
      98
      81
      83
      66
      58
      52
      50
      65
      52
      60
      51
      48
      61
      64
      56
      47
      49
      57
      47
      55
      60
      52
      55
      39
      45
      44
      52
      51
      56
      48
      56
      49
      50
      35
      48
      45
      53
      50
      51
      52
      72
      47
      50
      49
      53
      53
      57
      49
      51
      52
      45
      51
      38
      48
      39
      50
      35
      49
      55
      49
      43
      37
      38
      50
      44
      43
      58
      45
      53
      54
      39
      39
      53
      43
      55
      38
      43
      48
      65
      38
      41
      51
      43
      52
      50
      46
      48
      44
      53
      47
      44
      47
      47
      41
      38
      44
      44
      52
      44
      36
      41
      49
      48
      48
      48
      48
      41
      42
      51
      46
      37
      51
      49
      53
      39
      48
      36
      51
      48
      40
      48
      28
      47
      48
      39
      43
      51
      60
      43
      53
      42
      38
      53
      38
      46
      50
      45
      47
      39
      53
      51
      45
      38
      57
      34
      51
      37
      42
      44
      41
      52
      42
      57
      56
      32
      51
      51
      60
      55
      43
      50
      33
      43
      47
      46
      43
      49
      46
      42
      46
      50
      55
      48
      41
      51
      41
      57
      45
      42
      43
      30
      51
      39
      43
      57
      46
      42
      52
      45
      37
      53
      51
      43
      46
      65
      50
      43
      45
      46
      38
      48
      45
      44
      29
      47
      49
      51
      46
      33
      45
      47
      43
      45
      50
      37
      41
      41
      54
      42
      38
      39
      49
      26
      42
      38
      45
      39
      44
      49
      52
      41
      49
      33
      52
      51
      52
      46
      37
      63
      42
      49
      40
      54
      42
      44
      56
      57
      40
      50
      47
      38
      41
      57
      58
      41
      53
      54
      40
      51
      43
      40
      61
      60
      60
      48
      58
      48
      54
      48
      52
      50
      60
      46
      44
      46
      50
      35
      54
      45
      42
      39
      47
      39
      47
      51
      55
      40
      53
      49
      56
      45
      56
      37
       2
       0
       0
       0
       0
       0
       0
       0
       0
       0
       0
       0
       0
       0
       0
       0
       0
       0
       0
       0
       0
       0
       0
       0
       0
       0
       0
       0
       0
       0
       0
       0
       0
       0
       0
       0
       0
       0
       0
       0
       0
       0
       0
       0
       0
       0
       0
       0
       0
       0
       0
       0
       0
       0
       0
       0
       0
       0
       0
       0
       0
       0
       0
       0
       0
       0
       0
       0
$ROI:
2
95 97
514 605
$PRESETS:
Real Time
200
0
$ENER_FIT:
-289.438599 1.280702
$MCA_CAL:
3
-2.894386E+002 1.280702E+000 0.000000E+000
$SHAPE_CAL:
3
0.000000E+000 0.000000E+000 0.000000E+000
