$SPEC_ID:
MEASURE 195.
$SPEC_REM:
DET# 1
DETDESC# MCB 25
AP# Maestro Version 6.05
$DATE_MEA:
04/04/2003 00:23:28
$MEAS_TIM:
195 200
$DATA:
0 1023
       0
       0
       0
       0
       0
       0
       0
       0
       0
       0
       0
       0
       0
       0
       0
       0
       0
       0
       0
       0
       0
       0
       0
       0
       0
       0
       0
       0
       0
       0
       0
       0
       0
       0
       0
       0
       0
       0
       0
       0
       0
       0
       0
       0
     143
     293
     276
     274
     297
     280
     281
     297
     277
     326
     288
     273
     279
     310
     279
     282
     288
     322
     304
     303
     293
     306
     324
     303
     319
     304
     289
     302
     318
     325
     315
     332
     362
     323
     375
     299
     349
     358
     358
     359
     365
     381
     393
     388
     369
     411
     390
     371
     438
     440
     435
     447
     432
     434
     472
     461
     506
     430
     482
     513
     475
     451
     433
     509
     461
     517
     488
     511
     536
     495
     560
     561
     589
     563
     519
     518
     597
     532
     501
     561
     573
     589
     555
     583
     554
     606
     595
     624
     560
     642
     590
     563
     597
     628
     570
     669
     650
     624
     683
     600
     666
     659
     622
     627
     618
     665
     704
     586
     645
     653
     642
     665
     638
     648
     682
     651
     654
     677
     638
     689
     656
     659
     638
     666
     647
     657
     611
     696
     623
     614
     634
     697
     679
     628
     647
     653
     622
     679
     676
     648
     623
     636
     666
     659
     692
     611
     648
     702
     654
     694
     647
     649
     716
     721
     684
     667
     712
     712
     693
     714
     686
     674
     712
     686
     750
     772
     721
     760
     741
     798
     770
     788
     721
     716
     769
     729
     719
     764
     817
     753
     768
     734
     742
     767
     770
     717
     769
     735
     753
     774
     758
     687
     671
     679
     715
     635
     655
     657
     665
     638
     636
     654
     590
     608
     627
     662
     601
     636
     592
     639
     578
     586
     590
     597
     581
     603
     620
     573
     601
     552
     576
     582
     559
     558
     631
     564
     558
     641
     582
     543
     560
     528
     569
     530
     560
     504
     557
     544
     562
     545
     552
     525
     535
     496
     500
     534
     493
     511
     475
     487
     497
     473
     495
     453
     440
     473
     477
     496
     491
     483
     455
     419
     484
     558
     472
     438
     493
     463
     431
     452
     417
     504
     432
     441
     413
     452
     422
     444
     423
     436
     413
     434
     423
     442
     425
     398
     444
     393
     434
     416
     430
     393
     443
     450
     410
     402
     397
     364
     383
     425
     388
     411
     430
     369
     360
     389
     415
     417
     371
     380
     348
     431
     374
     397
     363
     402
     387
     375
     355
     356
     337
     336
     339
     398
     369
     352
     350
     363
     333
     336
     338
     344
     348
     314
     356
     331
     333
     361
     335
     311
     287
     290
     313
     297
     302
     268
     261
     304
     270
     257
     263
     277
     265
     252
     269
     262
     263
     263
     277
     232
     250
     257
     232
     227
     224
     225
     218
     199
     194
     218
     215
     208
     216
     208
     197
     208
     183
     207
     172
     187
     199
     191
     194
     169
     183
     194
     181
     174
     189
     160
     188
     161
     153
     158
     170
     158
     158
     166
     175
     169
     163
     144
     150
     177
     161
     148
     155
     146
     156
     148
     125
     159
     142
     141
     129
     148
     135
     150
     130
     146
     142
     117
     145
     151
     141
     123
     142
     166
     150
     129
     166
     144
     111
     134
     135
     147
     125
     138
     154
     133
     120
     127
     121
     129
     122
     140
     142
     137
     151
     140
     135
     152
     123
     128
     123
     129
     113
     132
     156
     147
     120
     130
     115
     156
     123
     123
     134
     132
     128
     148
     133
     140
     132
     136
     138
     110
     125
     122
     140
     151
     151
     152
     151
     125
     144
     165
     150
     139
     133
     136
     152
     170
     175
     149
     166
     179
     188
     218
     215
     227
     214
     226
     230
     206
     215
     254
     281
     239
     267
     300
     307
     320
     347
     404
     387
     429
     413
     487
     497
     481
     461
     591
     577
     618
     635
     706
     729
     735
     759
     764
     850
     840
     922
     945
    1013
     985
    1037
    1100
    1105
    1133
    1142
    1187
    1239
    1335
    1268
    1381
    1368
    1354
    1299
    1436
    1333
    1423
    1351
    1424
    1414
    1502
    1381
    1435
    1441
    1426
    1294
    1322
    1349
    1263
    1274
    1233
    1238
    1207
    1179
    1144
    1130
    1082
    1052
     962
     993
     940
     821
     833
     790
     733
     644
     680
     643
     628
     567
     535
     517
     497
     422
     421
     368
     381
     325
     313
     298
     239
     219
     203
     213
     214
     172
     147
     148
     150
     128
     136
     120
     103
     102
     100
      82
      86
      77
      73
      68
      77
      75
      68
      62
      77
      61
      65
      68
      53
      50
      66
      68
      48
      57
      54
      47
      61
      43
      55
      39
      60
      47
      41
      56
      56
      49
      42
      52
      62
      44
      47
      56
      54
      51
      47
      54
      51
      59
      49
      46
      37
      50
      47
      40
      54
      48
      65
      71
      46
      68
      48
      48
      37
      51
      49
      56
      52
      52
      43
      46
      54
      50
      47
      46
      34
      45
      60
      51
      57
      37
      46
      44
      51
      52
      65
      45
      58
      48
      54
      47
      34
      42
      45
      37
      48
      40
      39
      45
      51
      51
      49
      39
      53
      62
      41
      43
      55
      43
      48
      46
      48
      44
      51
      36
      36
      47
      49
      38
      37
      41
      56
      46
      48
      50
      57
      42
      50
      51
      46
      43
      51
      42
      47
      47
      46
      32
      54
      61
      57
      38
      56
      53
      38
      41
      45
      44
      49
      51
      48
      41
      59
      52
      45
      45
      53
      41
      41
      59
      50
      49
      45
      47
      44
      39
      49
      43
      41
      46
      50
      42
      42
      35
      42
      45
      52
      54
      47
      51
      48
      40
      49
      44
      44
      49
      47
      46
      52
      59
      48
      41
      44
      44
      48
      39
      60
      45
      40
      37
      38
      48
      67
      49
      51
      56
      41
      51
      43
      71
      48
      53
      48
      43
      46
      47
      45
      63
      45
      53
      46
      48
      41
      48
      51
      59
      46
      42
      49
      40
      44
      52
      35
      46
      41
      37
      53
      52
      37
      50
      58
      43
      50
      52
      45
      53
      52
      43
      40
      37
      58
      52
      52
      45
      49
      60
      37
      40
      51
      42
      54
      47
      53
      48
      42
      54
      51
      43
      55
      45
      46
      55
      52
      60
      37
      42
      48
      51
      56
      55
      57
      45
      51
      41
      57
      46
      54
      59
      57
      62
      52
      46
      49
      47
      56
      59
      48
      68
      63
      46
      41
      54
      66
      60
      48
      37
      62
      37
      22
       2
       0
       0
       0
       0
       0
       0
       0
       0
       0
       0
       0
       0
       0
       0
       0
       0
       0
       0
       0
       0
       0
       0
       0
       0
       0
       0
       0
       0
       0
       0
       0
       0
       0
       0
       0
       0
       0
       0
       0
       0
       0
       0
       0
       0
       0
       0
       0
       0
       0
       0
       0
       0
       0
       0
       0
       0
       0
       0
       0
       0
       0
       0
       0
       0
       0
       0
       0
$ROI:
2
95 97
514 605
$PRESETS:
Real Time
200
0
$ENER_FIT:
-289.438599 1.280702
$MCA_CAL:
3
-2.894386E+002 1.280702E+000 0.000000E+000
$SHAPE_CAL:
3
0.000000E+000 0.000000E+000 0.000000E+000
