$SPEC_ID:
MEASURE 462.
$SPEC_REM:
DET# 1
DETDESC# MCB 25
AP# Maestro Version 6.05
$DATE_MEA:
04/04/2003 22:38:28
$MEAS_TIM:
195 200
$DATA:
0 1023
       0
       0
       0
       0
       0
       0
       0
       0
       0
       0
       0
       0
       0
       0
       0
       0
       0
       0
       0
       0
       0
       0
       0
       0
       0
       0
       0
       0
       0
       0
       0
       0
       0
       0
       0
       0
       0
       0
       0
       0
       0
       0
       0
       0
     141
     273
     321
     277
     305
     269
     276
     283
     305
     277
     301
     288
     314
     319
     289
     290
     290
     307
     289
     286
     279
     305
     323
     334
     302
     304
     301
     332
     296
     337
     329
     320
     314
     329
     327
     366
     321
     344
     308
     349
     391
     385
     346
     392
     373
     438
     380
     394
     403
     405
     430
     399
     406
     462
     450
     471
     439
     448
     446
     452
     486
     497
     502
     485
     479
     486
     530
     473
     494
     530
     527
     503
     462
     508
     492
     544
     543
     565
     558
     549
     544
     547
     541
     563
     602
     609
     569
     558
     540
     567
     568
     571
     601
     622
     556
     640
     611
     584
     602
     625
     677
     679
     561
     591
     610
     600
     651
     625
     631
     637
     625
     684
     636
     642
     652
     651
     628
     614
     626
     670
     665
     610
     663
     673
     611
     624
     621
     678
     631
     644
     624
     694
     618
     647
     636
     640
     618
     623
     675
     694
     628
     624
     657
     628
     637
     623
     692
     654
     679
     665
     659
     673
     674
     661
     658
     645
     664
     679
     713
     713
     635
     703
     714
     680
     745
     714
     718
     695
     725
     722
     785
     753
     758
     758
     825
     732
     771
     769
     722
     766
     716
     803
     707
     757
     749
     690
     788
     714
     668
     745
     710
     765
     724
     701
     714
     672
     667
     638
     688
     668
     678
     640
     590
     642
     677
     653
     616
     622
     605
     604
     547
     623
     564
     631
     565
     604
     581
     588
     607
     563
     619
     559
     577
     582
     557
     568
     578
     522
     528
     506
     570
     532
     567
     518
     543
     575
     532
     519
     534
     509
     518
     508
     528
     495
     528
     535
     498
     526
     514
     491
     546
     500
     530
     482
     486
     497
     457
     532
     518
     482
     467
     522
     471
     448
     468
     473
     437
     492
     418
     451
     450
     422
     411
     447
     446
     475
     468
     444
     459
     418
     448
     444
     441
     426
     420
     448
     434
     444
     411
     453
     404
     431
     427
     400
     419
     406
     387
     386
     408
     412
     406
     351
     381
     376
     369
     417
     393
     390
     362
     375
     387
     415
     363
     382
     389
     390
     370
     417
     361
     377
     372
     367
     359
     367
     339
     354
     363
     371
     322
     381
     338
     335
     361
     320
     324
     335
     358
     360
     324
     323
     296
     339
     327
     304
     284
     294
     340
     278
     303
     281
     286
     292
     297
     277
     286
     294
     272
     255
     282
     252
     241
     244
     244
     228
     270
     263
     227
     210
     213
     220
     195
     193
     210
     209
     191
     236
     191
     201
     173
     199
     193
     190
     201
     181
     173
     199
     228
     186
     180
     178
     187
     187
     163
     170
     147
     178
     159
     184
     165
     141
     162
     199
     159
     151
     151
     151
     150
     163
     155
     129
     156
     143
     152
     149
     154
     148
     152
     161
     144
     156
     138
     138
     144
     156
     122
     124
     134
     116
     137
     145
     138
     116
     142
     154
     126
     133
     130
     122
     145
     134
     111
     130
     128
     114
     124
     136
     113
     120
     120
     133
     113
     119
     129
     145
     132
     142
     137
     144
     130
     131
     152
     137
     128
     116
     133
     145
     126
     133
     147
     135
     130
     131
     131
     126
     128
     128
     115
     120
     136
     128
     125
     131
     124
     145
     130
     134
     145
     131
     140
     138
     135
     134
     130
     130
     155
     129
     178
     135
     166
     155
     173
     160
     169
     178
     217
     177
     198
     190
     198
     227
     213
     245
     252
     238
     274
     301
     293
     298
     340
     364
     362
     337
     377
     405
     436
     485
     507
     530
     535
     519
     563
     581
     651
     704
     709
     752
     757
     802
     848
     856
     891
     939
     969
     998
    1013
    1031
    1065
    1123
    1095
    1207
    1226
    1246
    1268
    1328
    1335
    1312
    1365
    1353
    1351
    1378
    1343
    1517
    1488
    1437
    1390
    1356
    1409
    1415
    1442
    1388
    1312
    1310
    1305
    1262
    1173
    1166
    1207
    1144
    1136
    1053
     960
     996
     992
     861
     824
     787
     848
     786
     731
     713
     661
     644
     586
     506
     507
     523
     438
     414
     376
     356
     325
     310
     296
     236
     251
     265
     235
     198
     166
     166
     160
     163
     135
     131
     122
     104
      94
     104
      90
      94
      78
      68
      76
      84
      62
      77
      72
      56
      77
      63
      57
      60
      63
      57
      59
      59
      54
      66
      52
      48
      60
      54
      51
      46
      65
      51
      61
      66
      52
      45
      48
      50
      57
      58
      56
      46
      44
      55
      39
      57
      56
      46
      41
      51
      42
      46
      46
      58
      55
      69
      48
      40
      47
      46
      50
      53
      57
      56
      47
      54
      60
      36
      44
      59
      40
      44
      41
      43
      45
      53
      43
      49
      52
      47
      44
      41
      47
      45
      64
      34
      39
      49
      43
      61
      49
      54
      40
      53
      57
      40
      49
      50
      54
      46
      42
      53
      50
      49
      47
      48
      45
      46
      48
      36
      45
      36
      43
      52
      48
      47
      45
      54
      51
      44
      43
      48
      52
      53
      55
      39
      44
      45
      49
      39
      45
      46
      30
      40
      42
      52
      46
      42
      40
      48
      43
      45
      40
      49
      48
      40
      47
      44
      45
      45
      39
      44
      39
      41
      43
      56
      54
      22
      58
      38
      44
      49
      37
      40
      41
      42
      48
      56
      48
      51
      39
      51
      44
      49
      50
      57
      46
      42
      49
      42
      36
      37
      42
      48
      30
      51
      39
      47
      44
      51
      45
      49
      35
      45
      41
      52
      63
      42
      41
      45
      49
      51
      43
      48
      49
      41
      53
      51
      51
      54
      45
      38
      43
      56
      38
      44
      50
      45
      50
      48
      56
      37
      45
      44
      45
      42
      54
      34
      62
      45
      40
      45
      51
      57
      41
      35
      51
      49
      60
      41
      37
      51
      38
      57
      54
      55
      53
      38
      37
      39
      45
      50
      40
      49
      48
      32
      57
      47
      44
      41
      42
      35
      48
      39
      52
      50
      50
      45
      46
      51
      47
      41
      54
      50
      57
      66
      54
      50
      47
      46
      33
      50
      47
      58
      58
      37
      46
      51
      36
      44
      51
      56
      41
      42
      51
      39
      53
      30
       4
       0
       0
       0
       0
       0
       0
       0
       0
       0
       0
       0
       0
       0
       0
       0
       0
       0
       0
       0
       0
       0
       0
       0
       0
       0
       0
       0
       0
       0
       0
       0
       0
       0
       0
       0
       0
       0
       0
       0
       0
       0
       0
       0
       0
       0
       0
       0
       0
       0
       0
       0
       0
       0
       0
       0
       0
       0
       0
       0
       0
       0
       0
       0
       0
       0
       0
       0
$ROI:
2
95 97
514 605
$PRESETS:
Real Time
200
0
$ENER_FIT:
-289.438599 1.280702
$MCA_CAL:
3
-2.894386E+002 1.280702E+000 0.000000E+000
$SHAPE_CAL:
3
0.000000E+000 0.000000E+000 0.000000E+000
