$SPEC_ID:
MEASURE 510.
$SPEC_REM:
DET# 1
DETDESC# MCB 25
AP# Maestro Version 6.05
$DATE_MEA:
04/05/2003 02:38:28
$MEAS_TIM:
195 200
$DATA:
0 1023
       0
       0
       0
       0
       0
       0
       0
       0
       0
       0
       0
       0
       0
       0
       0
       0
       0
       0
       0
       0
       0
       0
       0
       0
       0
       0
       0
       0
       0
       0
       0
       0
       0
       0
       0
       0
       0
       0
       0
       0
       0
       0
       0
       0
     139
     275
     292
     289
     273
     297
     258
     285
     281
     282
     288
     267
     283
     295
     311
     277
     293
     295
     288
     238
     274
     311
     300
     320
     311
     314
     311
     325
     303
     327
     337
     334
     321
     329
     332
     321
     352
     341
     359
     320
     356
     348
     357
     344
     390
     364
     380
     384
     385
     456
     444
     434
     399
     457
     443
     410
     449
     455
     449
     461
     437
     467
     464
     487
     507
     466
     473
     480
     490
     544
     504
     540
     527
     534
     503
     495
     532
     581
     533
     546
     545
     551
     525
     546
     542
     591
     537
     613
     608
     585
     545
     607
     587
     613
     597
     611
     572
     596
     647
     622
     633
     625
     625
     590
     642
     612
     618
     620
     585
     619
     613
     652
     618
     623
     643
     631
     626
     656
     651
     657
     594
     659
     661
     639
     635
     643
     658
     636
     684
     656
     673
     635
     696
     635
     643
     607
     610
     634
     637
     664
     651
     639
     674
     654
     632
     639
     650
     686
     668
     678
     639
     620
     626
     654
     702
     672
     646
     647
     711
     705
     673
     681
     672
     677
     661
     742
     678
     721
     744
     714
     674
     755
     750
     708
     737
     749
     743
     710
     776
     798
     702
     727
     787
     748
     666
     708
     803
     726
     695
     723
     732
     750
     715
     674
     721
     681
     714
     669
     679
     674
     640
     654
     654
     620
     620
     677
     638
     632
     599
     602
     563
     587
     632
     589
     616
     583
     609
     552
     580
     572
     608
     560
     582
     561
     571
     585
     574
     599
     571
     571
     524
     554
     570
     528
     544
     574
     536
     557
     575
     527
     535
     559
     515
     511
     531
     528
     519
     528
     507
     495
     501
     500
     498
     491
     497
     474
     484
     488
     498
     517
     487
     417
     470
     473
     476
     483
     484
     459
     432
     474
     437
     461
     444
     451
     421
     480
     451
     442
     420
     412
     466
     471
     413
     417
     444
     435
     466
     421
     383
     419
     419
     408
     414
     405
     420
     421
     374
     407
     427
     392
     397
     382
     370
     368
     416
     405
     357
     384
     379
     378
     389
     385
     345
     379
     349
     395
     391
     374
     391
     382
     359
     374
     333
     392
     345
     352
     360
     361
     368
     371
     354
     325
     371
     328
     332
     349
     339
     333
     334
     368
     316
     333
     332
     320
     337
     304
     306
     307
     283
     338
     292
     290
     313
     287
     255
     302
     275
     271
     249
     272
     289
     243
     252
     239
     251
     245
     235
     228
     241
     223
     197
     241
     217
     227
     221
     189
     211
     211
     202
     171
     184
     196
     181
     175
     184
     211
     193
     181
     183
     163
     179
     176
     169
     188
     179
     147
     182
     177
     168
     172
     174
     171
     157
     187
     164
     172
     154
     159
     158
     174
     144
     165
     145
     146
     161
     136
     139
     140
     144
     150
     137
     153
     147
     143
     129
     140
     141
     133
     153
     117
     136
     154
     152
     114
     133
     133
     140
     131
     130
     124
     132
     127
     126
     133
     147
     141
     128
     144
     120
     127
     128
     137
     136
     132
     142
     133
     117
     124
     144
     139
     131
     131
     124
     112
     137
     135
     124
     138
     113
     130
     113
     136
     128
     135
     110
     141
     116
     131
     120
     149
     112
     170
     130
     127
     129
     125
     145
     155
     132
     133
     154
     144
     151
     132
     138
     133
     178
     175
     152
     180
     172
     185
     192
     209
     173
     185
     191
     198
     192
     223
     214
     235
     210
     242
     255
     265
     296
     292
     308
     322
     352
     347
     377
     391
     420
     434
     467
     514
     509
     529
     590
     586
     628
     670
     697
     707
     761
     770
     776
     883
     862
     924
    1004
     933
     974
    1080
    1102
    1084
    1185
    1187
    1222
    1231
    1247
    1270
    1274
    1361
    1329
    1366
    1341
    1413
    1403
    1441
    1400
    1489
    1424
    1398
    1418
    1344
    1394
    1359
    1411
    1342
    1324
    1275
    1262
    1216
    1196
    1129
    1114
    1142
    1048
    1029
    1005
     907
     895
     886
     863
     743
     753
     711
     692
     595
     618
     532
     521
     501
     477
     480
     412
     428
     372
     305
     337
     293
     259
     245
     250
     218
     215
     172
     166
     156
     134
     146
     123
     102
     118
     106
      98
      80
      93
      86
      65
      83
      77
      81
      66
      73
      73
      55
      69
      59
      57
      56
      72
      51
      64
      58
      66
      60
      46
      49
      52
      55
      61
      52
      41
      46
      49
      34
      43
      57
      54
      46
      42
      55
      53
      49
      56
      54
      46
      42
      56
      51
      53
      39
      55
      69
      50
      48
      48
      43
      54
      48
      51
      50
      46
      50
      42
      62
      51
      50
      62
      55
      51
      47
      44
      35
      44
      48
      41
      47
      46
      53
      40
      49
      57
      42
      51
      45
      47
      49
      41
      53
      50
      45
      35
      39
      52
      41
      47
      52
      52
      39
      48
      36
      40
      50
      40
      33
      57
      43
      43
      40
      51
      40
      45
      46
      49
      36
      30
      45
      50
      39
      60
      35
      42
      48
      49
      55
      40
      47
      44
      43
      35
      43
      45
      36
      42
      44
      47
      51
      39
      41
      52
      41
      38
      56
      52
      54
      38
      46
      35
      46
      50
      47
      44
      37
      50
      34
      34
      44
      49
      42
      39
      48
      42
      49
      49
      43
      53
      47
      51
      55
      44
      58
      54
      54
      37
      58
      50
      47
      48
      33
      64
      53
      44
      57
      43
      49
      37
      46
      56
      39
      41
      53
      56
      41
      57
      41
      55
      44
      37
      35
      52
      31
      47
      45
      53
      54
      67
      50
      39
      42
      38
      43
      42
      50
      43
      40
      56
      44
      38
      66
      46
      56
      48
      39
      46
      50
      40
      38
      37
      42
      43
      43
      47
      54
      50
      49
      60
      50
      37
      39
      42
      51
      52
      57
      30
      40
      51
      59
      48
      49
      35
      53
      42
      56
      44
      51
      51
      48
      49
      55
      50
      42
      62
      36
      43
      67
      56
      45
      50
      45
      35
      32
      40
      50
      40
      36
      51
      54
      51
      50
      43
      46
      45
      43
      45
      46
      46
      43
      41
      38
      50
      58
      48
      52
      43
      54
      52
      38
       3
       0
       0
       0
       0
       0
       0
       0
       0
       0
       0
       0
       0
       0
       0
       0
       0
       0
       0
       0
       0
       0
       0
       0
       0
       0
       0
       0
       0
       0
       0
       0
       0
       0
       0
       0
       0
       0
       0
       0
       0
       0
       0
       0
       0
       0
       0
       0
       0
       0
       0
       0
       0
       0
       0
       0
       0
       0
       0
       0
       0
       0
       0
       0
       0
       0
       0
       0
$ROI:
2
95 97
514 605
$PRESETS:
Real Time
200
0
$ENER_FIT:
-289.438599 1.280702
$MCA_CAL:
3
-2.894386E+002 1.280702E+000 0.000000E+000
$SHAPE_CAL:
3
0.000000E+000 0.000000E+000 0.000000E+000
