$SPEC_ID:
MEASURE 315.
$SPEC_REM:
DET# 1
DETDESC# MCB 25
AP# Maestro Version 6.05
$DATE_MEA:
04/04/2003 10:23:28
$MEAS_TIM:
195 200
$DATA:
0 1023
       0
       0
       0
       0
       0
       0
       0
       0
       0
       0
       0
       0
       0
       0
       0
       0
       0
       0
       0
       0
       0
       0
       0
       0
       0
       0
       0
       0
       0
       0
       0
       0
       0
       0
       0
       0
       0
       0
       0
       0
       0
       0
       0
       0
     116
     289
     273
     267
     274
     278
     262
     276
     279
     290
     272
     311
     291
     292
     312
     293
     294
     294
     292
     298
     287
     307
     277
     307
     325
     347
     280
     315
     340
     320
     314
     290
     324
     350
     368
     356
     327
     338
     391
     386
     338
     376
     380
     396
     397
     342
     394
     396
     413
     436
     371
     434
     445
     456
     435
     409
     445
     469
     440
     427
     508
     478
     500
     476
     528
     516
     536
     470
     528
     502
     476
     541
     553
     510
     529
     519
     523
     543
     595
     532
     553
     540
     601
     589
     564
     562
     593
     592
     586
     574
     598
     599
     654
     632
     607
     597
     619
     640
     609
     644
     630
     634
     645
     652
     683
     648
     643
     709
     644
     657
     642
     629
     658
     657
     631
     642
     647
     666
     644
     647
     685
     666
     661
     640
     700
     659
     617
     652
     662
     642
     634
     651
     630
     662
     650
     683
     635
     646
     688
     648
     641
     639
     639
     662
     649
     662
     630
     654
     626
     610
     705
     637
     678
     695
     643
     675
     649
     665
     726
     689
     695
     715
     662
     749
     747
     714
     783
     759
     726
     765
     771
     762
     754
     755
     750
     794
     774
     765
     733
     730
     746
     756
     797
     758
     726
     729
     707
     690
     738
     685
     700
     703
     705
     699
     697
     713
     703
     650
     706
     653
     653
     668
     651
     639
     607
     610
     656
     602
     628
     669
     592
     593
     581
     620
     623
     599
     571
     585
     590
     568
     602
     604
     561
     570
     582
     594
     590
     591
     554
     575
     595
     542
     533
     583
     605
     519
     544
     565
     531
     554
     532
     510
     500
     517
     483
     516
     503
     495
     532
     472
     533
     497
     518
     510
     474
     500
     505
     473
     480
     451
     460
     470
     451
     498
     413
     471
     442
     468
     449
     474
     423
     471
     459
     438
     464
     429
     450
     430
     403
     460
     434
     442
     408
     401
     439
     411
     404
     429
     413
     417
     423
     439
     435
     413
     403
     397
     413
     381
     400
     374
     353
     407
     385
     380
     377
     374
     404
     393
     374
     360
     383
     391
     389
     383
     376
     389
     383
     363
     386
     359
     381
     337
     367
     362
     330
     358
     375
     354
     344
     325
     344
     345
     348
     316
     314
     297
     338
     309
     335
     322
     306
     325
     331
     304
     316
     284
     287
     312
     309
     275
     295
     267
     277
     275
     265
     260
     257
     291
     241
     247
     259
     242
     254
     260
     242
     223
     243
     248
     216
     223
     219
     197
     224
     232
     205
     199
     197
     223
     189
     219
     196
     193
     192
     201
     199
     175
     180
     203
     164
     150
     162
     153
     162
     164
     153
     149
     160
     175
     172
     158
     153
     140
     164
     151
     154
     148
     137
     166
     166
     148
     157
     170
     136
     153
     130
     152
     143
     151
     142
     148
     142
     145
     136
     136
     120
     143
     115
     132
     140
     145
     154
     148
     127
     127
     158
     115
     129
     132
     145
     143
     126
     131
     108
     120
     145
     139
     112
     129
     153
     136
     120
     119
     147
     118
     118
     129
     139
     142
     108
     126
     160
     159
     138
     126
     124
     130
     109
     117
     119
     140
     155
     135
     137
     135
     133
     136
     129
     147
     141
     139
     137
     154
     153
     134
     113
     125
     147
     147
     136
     144
     158
     165
     143
     155
     161
     178
     148
     191
     164
     198
     177
     191
     214
     197
     221
     212
     237
     210
     200
     282
     269
     284
     281
     330
     331
     342
     345
     343
     367
     408
     439
     444
     513
     510
     513
     541
     592
     617
     660
     680
     767
     706
     770
     813
     800
     858
     968
     963
     957
     945
    1031
    1116
    1137
    1149
    1173
    1272
    1260
    1290
    1240
    1315
    1348
    1328
    1342
    1374
    1367
    1422
    1417
    1387
    1398
    1455
    1451
    1429
    1361
    1321
    1324
    1329
    1303
    1325
    1301
    1268
    1255
    1170
    1193
    1164
    1071
    1091
     997
     948
     988
     890
     872
     862
     831
     762
     707
     707
     664
     620
     582
     580
     519
     438
     471
     438
     426
     366
     339
     342
     302
     272
     226
     217
     214
     200
     189
     156
     168
     138
     132
     104
     109
      90
     103
      90
      88
      79
      76
      77
      85
      68
      58
      77
      58
      59
      61
      61
      61
      66
      67
      52
      44
      42
      49
      60
      58
      50
      61
      52
      65
      43
      59
      52
      57
      45
      58
      41
      51
      56
      58
      50
      51
      41
      60
      48
      45
      52
      50
      57
      49
      56
      47
      54
      56
      54
      46
      47
      51
      51
      44
      39
      39
      54
      43
      51
      49
      42
      41
      54
      36
      47
      54
      33
      48
      47
      39
      66
      50
      46
      44
      48
      36
      50
      42
      41
      55
      69
      43
      39
      50
      51
      52
      56
      46
      39
      43
      45
      43
      41
      48
      40
      42
      40
      61
      51
      52
      56
      50
      47
      54
      40
      43
      37
      54
      55
      58
      55
      48
      47
      52
      43
      51
      47
      52
      63
      42
      40
      51
      47
      42
      45
      59
      43
      41
      62
      66
      41
      57
      42
      56
      47
      45
      45
      45
      49
      52
      41
      40
      48
      46
      44
      44
      39
      41
      40
      37
      52
      49
      56
      37
      52
      56
      35
      40
      53
      39
      53
      33
      37
      50
      51
      42
      38
      50
      47
      48
      41
      44
      51
      38
      33
      45
      40
      43
      45
      48
      42
      53
      59
      45
      42
      30
      55
      46
      45
      46
      38
      44
      56
      57
      49
      40
      43
      42
      42
      43
      46
      50
      52
      37
      39
      67
      46
      40
      45
      58
      55
      43
      49
      50
      48
      48
      42
      46
      41
      56
      49
      52
      43
      30
      47
      38
      43
      56
      53
      48
      56
      52
      42
      52
      40
      46
      41
      60
      49
      47
      36
      40
      44
      41
      40
      38
      48
      63
      55
      56
      59
      40
      54
      42
      41
      65
      44
      49
      40
      49
      46
      49
      48
      56
      51
      50
      44
      47
      41
      53
      39
      54
      54
      61
      44
      44
      47
      64
      60
      50
      61
      45
      55
      47
      38
      33
      60
      46
      40
      58
      51
      63
      46
      58
      55
      59
      28
       2
       0
       0
       0
       0
       0
       0
       0
       0
       0
       0
       0
       0
       0
       0
       0
       0
       0
       0
       0
       0
       0
       0
       0
       0
       0
       0
       0
       0
       0
       0
       0
       0
       0
       0
       0
       0
       0
       0
       0
       0
       0
       0
       0
       0
       0
       0
       0
       0
       0
       0
       0
       0
       0
       0
       0
       0
       0
       0
       0
       0
       0
       0
       0
       0
       0
       0
       0
$ROI:
2
95 97
514 605
$PRESETS:
Real Time
200
0
$ENER_FIT:
-289.438599 1.280702
$MCA_CAL:
3
-2.894386E+002 1.280702E+000 0.000000E+000
$SHAPE_CAL:
3
0.000000E+000 0.000000E+000 0.000000E+000
