$SPEC_ID:
MEASURE 329.
$SPEC_REM:
DET# 1
DETDESC# MCB 25
AP# Maestro Version 6.05
$DATE_MEA:
04/04/2003 11:33:28
$MEAS_TIM:
195 200
$DATA:
0 1023
       0
       0
       0
       0
       0
       0
       0
       0
       0
       0
       0
       0
       0
       0
       0
       0
       0
       0
       0
       0
       0
       0
       0
       0
       0
       0
       0
       0
       0
       0
       0
       0
       0
       0
       0
       0
       0
       0
       0
       0
       0
       0
       0
       0
     133
     284
     280
     258
     262
     287
     274
     295
     276
     252
     286
     267
     299
     277
     271
     288
     294
     276
     299
     328
     295
     308
     287
     281
     310
     305
     345
     294
     321
     315
     336
     387
     315
     336
     327
     356
     331
     349
     340
     390
     373
     449
     383
     384
     385
     385
     393
     413
     418
     396
     377
     402
     436
     421
     462
     445
     423
     459
     462
     471
     493
     451
     506
     517
     502
     497
     535
     511
     474
     531
     528
     528
     580
     562
     549
     579
     561
     546
     556
     599
     603
     554
     587
     581
     615
     570
     574
     605
     560
     588
     615
     542
     629
     573
     610
     590
     599
     602
     627
     621
     656
     652
     609
     643
     650
     645
     643
     630
     652
     658
     655
     642
     653
     657
     669
     619
     643
     673
     650
     613
     661
     666
     670
     630
     639
     638
     639
     639
     667
     662
     683
     707
     653
     661
     598
     638
     636
     647
     655
     666
     665
     638
     651
     677
     603
     639
     643
     646
     693
     678
     652
     689
     663
     690
     671
     752
     695
     689
     681
     649
     693
     677
     730
     743
     732
     707
     729
     719
     735
     711
     787
     776
     741
     743
     748
     797
     784
     764
     768
     755
     747
     841
     752
     764
     752
     788
     706
     739
     737
     676
     676
     708
     692
     697
     740
     707
     666
     655
     705
     667
     680
     658
     653
     670
     624
     607
     637
     650
     619
     599
     614
     588
     623
     572
     590
     595
     597
     634
     584
     553
     625
     555
     602
     546
     610
     611
     546
     620
     562
     538
     580
     563
     556
     574
     539
     559
     573
     543
     551
     519
     533
     514
     509
     576
     543
     504
     478
     474
     518
     517
     480
     498
     479
     465
     414
     525
     507
     484
     500
     498
     489
     478
     479
     476
     441
     475
     450
     476
     446
     419
     445
     439
     457
     431
     444
     397
     431
     413
     430
     428
     400
     383
     399
     412
     439
     416
     425
     383
     419
     442
     387
     448
     415
     393
     420
     383
     407
     385
     406
     381
     394
     397
     435
     394
     389
     371
     364
     357
     394
     367
     372
     392
     324
     360
     380
     349
     389
     381
     363
     410
     380
     360
     360
     367
     375
     369
     358
     355
     335
     351
     343
     303
     348
     327
     333
     323
     338
     369
     314
     322
     326
     296
     302
     293
     314
     305
     308
     298
     315
     263
     282
     270
     301
     260
     270
     266
     259
     245
     271
     255
     239
     259
     227
     246
     250
     250
     233
     209
     214
     209
     225
     245
     219
     192
     224
     207
     181
     204
     220
     189
     199
     196
     183
     189
     190
     183
     175
     166
     178
     191
     156
     188
     168
     175
     173
     142
     166
     188
     160
     156
     167
     159
     159
     155
     167
     161
     143
     149
     146
     147
     138
     162
     141
     155
     150
     154
     177
     121
     136
     122
     142
     136
     142
     150
     136
     144
     145
     147
     122
     137
     139
     133
     131
     145
     108
     137
     128
     139
     132
     141
     129
     129
     156
     127
     133
     132
     137
     144
     136
     120
     118
     140
     154
     122
     118
     119
     120
     119
     126
     148
     125
     145
     131
     115
     124
     119
     135
     112
     114
     126
     129
     137
     140
     138
     141
     114
     121
     166
     134
     136
     151
     116
     135
     154
     128
     144
     118
     133
     131
     157
     158
     143
     165
     176
     179
     186
     165
     179
     173
     160
     189
     172
     187
     198
     200
     214
     240
     241
     228
     261
     252
     286
     315
     300
     293
     320
     354
     374
     397
     403
     394
     456
     492
     469
     512
     585
     531
     621
     648
     692
     661
     688
     828
     830
     826
     863
     809
     921
     975
     956
    1046
    1064
    1129
    1123
    1192
    1226
    1204
    1228
    1236
    1289
    1268
    1325
    1435
    1385
    1369
    1443
    1327
    1331
    1372
    1409
    1363
    1426
    1364
    1346
    1383
    1331
    1273
    1266
    1334
    1317
    1248
    1224
    1136
    1171
    1096
    1119
    1028
    1039
    1023
     904
     892
     851
     826
     814
     782
     647
     673
     648
     539
     536
     510
     483
     423
     400
     397
     368
     333
     340
     305
     296
     272
     217
     240
     201
     174
     185
     146
     157
     129
     124
     120
     104
     114
     100
      82
      91
      63
      68
      83
      73
      76
      78
      72
      70
      68
      49
      54
      63
      67
      51
      60
      61
      56
      54
      50
      52
      50
      48
      55
      51
      61
      47
      50
      71
      47
      42
      47
      52
      54
      49
      41
      61
      41
      53
      57
      62
      44
      53
      59
      55
      45
      53
      50
      58
      47
      51
      62
      57
      60
      47
      49
      57
      57
      57
      46
      33
      48
      44
      42
      49
      64
      49
      43
      49
      46
      48
      46
      60
      34
      52
      47
      58
      64
      53
      41
      53
      46
      50
      51
      57
      46
      36
      56
      52
      52
      41
      52
      44
      43
      38
      44
      51
      54
      47
      51
      45
      52
      55
      48
      52
      50
      46
      50
      40
      40
      42
      44
      43
      39
      32
      48
      51
      54
      36
      45
      45
      46
      42
      48
      49
      54
      45
      47
      50
      44
      51
      47
      43
      49
      45
      39
      46
      50
      30
      40
      44
      53
      40
      37
      46
      52
      55
      45
      48
      41
      46
      38
      50
      37
      45
      44
      55
      43
      58
      46
      40
      42
      47
      43
      40
      44
      56
      44
      46
      43
      52
      53
      56
      38
      44
      40
      39
      40
      46
      36
      29
      33
      59
      45
      41
      52
      30
      40
      46
      49
      56
      47
      39
      49
      45
      46
      40
      37
      43
      49
      42
      59
      54
      51
      49
      43
      40
      45
      26
      40
      59
      57
      44
      51
      47
      67
      37
      48
      36
      40
      41
      49
      44
      49
      46
      47
      46
      53
      48
      58
      52
      49
      46
      46
      41
      58
      55
      48
      41
      49
      46
      44
      50
      41
      46
      43
      54
      47
      35
      45
      59
      43
      52
      46
      61
      41
      48
      57
      47
      46
      45
      41
      55
      38
      47
      31
      55
      53
      43
      53
      39
      59
      39
      53
      60
      48
      51
      51
      50
      46
      37
      43
      57
      42
      50
      47
      47
      60
      47
      52
      48
      43
      43
      39
      55
      63
      32
       2
       0
       0
       0
       0
       0
       0
       0
       0
       0
       0
       0
       0
       0
       0
       0
       0
       0
       0
       0
       0
       0
       0
       0
       0
       0
       0
       0
       0
       0
       0
       0
       0
       0
       0
       0
       0
       0
       0
       0
       0
       0
       0
       0
       0
       0
       0
       0
       0
       0
       0
       0
       0
       0
       0
       0
       0
       0
       0
       0
       0
       0
       0
       0
       0
       0
       0
       0
$ROI:
2
95 97
514 605
$PRESETS:
Real Time
200
0
$ENER_FIT:
-289.438599 1.280702
$MCA_CAL:
3
-2.894386E+002 1.280702E+000 0.000000E+000
$SHAPE_CAL:
3
0.000000E+000 0.000000E+000 0.000000E+000
