$SPEC_ID:
MEASURE 084.
$SPEC_REM:
DET# 1
DETDESC# MCB 25
AP# Maestro Version 6.05
$DATE_MEA:
04/03/2003 15:08:28
$MEAS_TIM:
195 200
$DATA:
0 1023
       0
       0
       0
       0
       0
       0
       0
       0
       0
       0
       0
       0
       0
       0
       0
       0
       0
       0
       0
       0
       0
       0
       0
       0
       0
       0
       0
       0
       0
       0
       0
       0
       0
       0
       0
       0
       0
       0
       0
       0
       0
       0
       0
       0
     147
     267
     285
     285
     308
     299
     285
     282
     286
     300
     298
     287
     297
     313
     283
     314
     310
     278
     301
     339
     297
     317
     337
     320
     333
     308
     316
     323
     339
     342
     345
     332
     349
     343
     347
     353
     340
     351
     388
     384
     368
     388
     413
     414
     382
     390
     421
     423
     405
     436
     470
     443
     423
     470
     447
     456
     477
     458
     488
     507
     508
     513
     529
     539
     557
     484
     576
     505
     518
     567
     558
     573
     564
     566
     537
     544
     588
     530
     578
     577
     542
     538
     589
     567
     612
     553
     666
     623
     617
     619
     622
     632
     660
     652
     643
     561
     645
     671
     645
     663
     614
     607
     645
     614
     619
     717
     616
     625
     639
     634
     618
     724
     674
     639
     681
     689
     655
     661
     669
     632
     641
     672
     596
     740
     613
     668
     675
     652
     651
     687
     712
     615
     673
     662
     611
     620
     653
     635
     672
     694
     671
     614
     665
     698
     632
     677
     666
     731
     680
     648
     726
     719
     698
     707
     717
     685
     738
     709
     702
     713
     750
     751
     740
     754
     765
     748
     727
     795
     763
     803
     756
     780
     766
     757
     798
     795
     822
     735
     734
     778
     748
     716
     803
     758
     703
     710
     743
     716
     729
     694
     683
     684
     724
     688
     685
     693
     736
     638
     640
     618
     684
     655
     633
     657
     610
     653
     638
     621
     611
     619
     603
     598
     578
     614
     618
     567
     589
     590
     648
     566
     614
     567
     572
     622
     555
     555
     561
     562
     596
     571
     565
     568
     571
     545
     569
     530
     564
     525
     566
     530
     483
     525
     519
     500
     529
     523
     478
     505
     481
     498
     525
     505
     476
     475
     457
     482
     502
     477
     416
     467
     467
     491
     420
     473
     417
     456
     475
     467
     429
     428
     472
     421
     414
     404
     439
     416
     468
     447
     455
     423
     441
     440
     411
     447
     431
     406
     390
     429
     431
     393
     440
     399
     392
     410
     454
     423
     425
     417
     406
     390
     383
     389
     383
     382
     359
     416
     381
     392
     374
     373
     368
     390
     357
     403
     370
     395
     354
     376
     367
     383
     383
     353
     331
     314
     357
     352
     324
     358
     361
     360
     362
     330
     342
     328
     356
     329
     291
     296
     301
     312
     336
     303
     253
     301
     289
     267
     285
     300
     283
     276
     253
     286
     295
     257
     245
     249
     231
     229
     254
     213
     213
     209
     187
     240
     201
     221
     212
     209
     208
     190
     189
     215
     211
     159
     189
     186
     167
     188
     173
     181
     203
     182
     174
     171
     158
     172
     152
     193
     185
     159
     164
     170
     170
     155
     141
     158
     156
     139
     162
     141
     158
     159
     170
     151
     159
     153
     153
     129
     154
     158
     150
     140
     134
     139
     163
     136
     142
     159
     166
     141
     149
     129
     142
     142
     150
     149
     138
     138
     147
     129
     131
     145
     127
     137
     133
     138
     125
     155
     141
     129
     130
     128
     136
     132
     115
     137
     140
     136
     154
     116
     148
     139
     142
     133
     147
     121
     123
     144
     131
     148
     118
     131
     155
     138
     135
     124
     134
     140
     136
     167
     124
     140
     122
     140
     135
     131
     137
     140
     124
     139
     141
     133
     153
     147
     181
     173
     178
     182
     168
     193
     185
     186
     216
     197
     221
     218
     224
     238
     257
     234
     251
     255
     281
     310
     313
     336
     342
     359
     364
     390
     456
     494
     473
     474
     524
     558
     584
     581
     622
     683
     690
     767
     817
     852
     826
     912
     956
     935
     945
    1038
    1083
    1087
    1092
    1173
    1164
    1293
    1217
    1285
    1292
    1325
    1303
    1452
    1419
    1475
    1458
    1391
    1396
    1398
    1344
    1460
    1481
    1403
    1458
    1402
    1391
    1328
    1302
    1271
    1339
    1270
    1317
    1115
    1153
    1049
    1108
    1068
     979
     957
     995
     927
     870
     835
     771
     762
     702
     654
     629
     604
     553
     505
     509
     454
     413
     402
     362
     340
     330
     324
     272
     262
     223
     218
     199
     217
     169
     156
     138
     144
     131
     134
     123
     105
     110
      96
      93
      96
      91
      83
      71
      82
      58
      68
      64
      67
      64
      64
      57
      50
      47
      55
      55
      59
      62
      55
      55
      47
      42
      62
      56
      58
      62
      52
      56
      49
      51
      52
      48
      56
      52
      56
      57
      45
      49
      49
      47
      49
      63
      43
      62
      58
      51
      52
      48
      47
      47
      49
      45
      55
      50
      50
      64
      51
      41
      49
      56
      59
      44
      43
      57
      57
      50
      50
      33
      57
      50
      46
      55
      53
      51
      41
      43
      50
      43
      52
      36
      43
      69
      51
      56
      38
      45
      49
      51
      50
      47
      43
      54
      46
      59
      57
      50
      53
      67
      39
      48
      47
      49
      46
      43
      43
      47
      53
      27
      59
      43
      40
      42
      46
      43
      48
      39
      42
      51
      38
      49
      57
      46
      53
      47
      39
      36
      47
      43
      43
      60
      46
      43
      46
      45
      40
      40
      50
      53
      45
      49
      44
      34
      60
      43
      49
      63
      55
      55
      55
      36
      58
      43
      42
      44
      51
      67
      47
      55
      45
      40
      53
      56
      59
      48
      53
      46
      54
      57
      43
      41
      47
      39
      38
      45
      43
      56
      49
      60
      37
      56
      50
      39
      49
      55
      43
      39
      49
      54
      59
      59
      52
      52
      48
      47
      49
      54
      36
      48
      53
      51
      52
      43
      60
      46
      54
      58
      47
      60
      43
      47
      48
      46
      49
      46
      50
      43
      55
      52
      52
      43
      38
      54
      54
      41
      49
      55
      51
      39
      40
      54
      54
      56
      48
      46
      49
      56
      51
      60
      47
      45
      58
      46
      47
      56
      54
      35
      40
      41
      47
      55
      49
      42
      55
      59
      50
      52
      50
      59
      54
      46
      38
      43
      49
      38
      54
      51
      47
      49
      48
      47
      51
      44
      53
      52
      42
      53
      46
      48
      39
      58
      54
      40
      37
      42
      47
      43
      45
      58
      40
      58
      45
      59
      47
      58
      48
      50
      45
      49
      45
      31
      34
      49
      52
      52
      57
      59
      44
       2
       0
       0
       0
       0
       0
       0
       0
       0
       0
       0
       0
       0
       0
       0
       0
       0
       0
       0
       0
       0
       0
       0
       0
       0
       0
       0
       0
       0
       0
       0
       0
       0
       0
       0
       0
       0
       0
       0
       0
       0
       0
       0
       0
       0
       0
       0
       0
       0
       0
       0
       0
       0
       0
       0
       0
       0
       0
       0
       0
       0
       0
       0
       0
       0
       0
       0
       0
$ROI:
2
95 97
514 605
$PRESETS:
Real Time
200
0
$ENER_FIT:
-289.438599 1.280702
$MCA_CAL:
3
-2.894386E+002 1.280702E+000 0.000000E+000
$SHAPE_CAL:
3
0.000000E+000 0.000000E+000 0.000000E+000
