$SPEC_ID:
MEASURE 077.
$SPEC_REM:
DET# 1
DETDESC# MCB 25
AP# Maestro Version 6.05
$DATE_MEA:
04/03/2003 14:33:28
$MEAS_TIM:
195 200
$DATA:
0 1023
       0
       0
       0
       0
       0
       0
       0
       0
       0
       0
       0
       0
       0
       0
       0
       0
       0
       0
       0
       0
       0
       0
       0
       0
       0
       0
       0
       0
       0
       0
       0
       0
       0
       0
       0
       0
       0
       0
       0
       0
       0
       0
       0
       0
     178
     282
     288
     288
     308
     311
     293
     308
     289
     341
     276
     285
     302
     310
     315
     290
     256
     332
     298
     299
     306
     316
     299
     337
     311
     308
     320
     312
     324
     350
     351
     352
     348
     395
     357
     352
     383
     375
     344
     372
     405
     357
     378
     399
     420
     408
     390
     443
     467
     403
     426
     469
     446
     458
     469
     496
     468
     491
     486
     474
     487
     485
     485
     524
     528
     529
     508
     534
     563
     526
     556
     577
     523
     546
     558
     572
     618
     572
     560
     559
     584
     617
     628
     576
     579
     581
     600
     603
     597
     625
     582
     627
     608
     601
     587
     634
     588
     669
     641
     681
     605
     646
     647
     633
     675
     638
     608
     656
     649
     692
     633
     635
     659
     637
     678
     679
     681
     691
     616
     637
     684
     650
     616
     692
     684
     618
     630
     679
     622
     672
     659
     669
     615
     647
     657
     679
     644
     616
     655
     686
     639
     680
     693
     644
     665
     685
     697
     691
     704
     674
     693
     655
     679
     731
     641
     727
     675
     721
     706
     757
     748
     751
     780
     791
     704
     802
     704
     790
     824
     818
     795
     750
     816
     778
     779
     793
     784
     717
     740
     753
     731
     691
     740
     748
     750
     703
     774
     706
     747
     723
     703
     661
     700
     715
     634
     647
     715
     636
     638
     627
     603
     602
     616
     603
     626
     561
     666
     602
     572
     593
     585
     607
     571
     582
     582
     558
     614
     617
     574
     602
     569
     600
     542
     567
     585
     579
     588
     546
     572
     540
     543
     559
     549
     559
     559
     546
     514
     534
     495
     560
     519
     522
     515
     481
     527
     536
     493
     492
     489
     510
     513
     472
     504
     504
     466
     490
     466
     512
     443
     515
     450
     454
     466
     445
     496
     437
     438
     462
     451
     482
     443
     457
     480
     469
     455
     427
     444
     455
     464
     454
     427
     449
     399
     379
     393
     435
     433
     455
     393
     444
     407
     405
     415
     405
     392
     409
     410
     426
     384
     377
     408
     430
     406
     366
     387
     406
     388
     370
     381
     412
     376
     376
     409
     380
     374
     344
     415
     354
     384
     373
     349
     380
     352
     348
     359
     363
     359
     319
     389
     324
     341
     312
     354
     319
     316
     288
     347
     329
     283
     314
     285
     302
     285
     267
     265
     270
     281
     301
     264
     240
     254
     260
     257
     239
     255
     245
     241
     235
     219
     231
     239
     225
     208
     239
     216
     238
     194
     208
     210
     200
     180
     189
     181
     202
     192
     191
     190
     194
     169
     202
     177
     195
     175
     173
     159
     157
     172
     171
     182
     200
     178
     169
     150
     171
     153
     143
     158
     173
     159
     197
     166
     174
     177
     153
     143
     177
     139
     170
     162
     132
     145
     153
     162
     162
     135
     138
     148
     138
     132
     127
     132
     123
     145
     134
     144
     140
     147
     145
     122
     144
     135
     145
     131
     151
     133
     133
     134
     128
     117
     121
     127
     153
     151
     128
     132
     118
     142
     120
     141
     117
     143
     156
     135
     135
     111
     122
     129
     120
     127
     135
     155
     124
     127
     139
     146
     157
     126
     131
     143
     122
     135
     144
     151
     143
     153
     152
     164
     137
     149
     140
     165
     147
     177
     154
     141
     160
     173
     172
     170
     188
     197
     211
     204
     175
     216
     211
     239
     228
     264
     274
     258
     311
     293
     308
     325
     339
     348
     365
     402
     393
     433
     483
     498
     516
     575
     566
     604
     673
     651
     707
     699
     769
     785
     824
     861
     909
     936
     975
    1048
     998
    1103
    1087
    1105
    1133
    1121
    1203
    1273
    1248
    1318
    1363
    1372
    1391
    1383
    1379
    1431
    1395
    1382
    1394
    1494
    1408
    1376
    1377
    1373
    1347
    1355
    1328
    1293
    1334
    1303
    1248
    1242
    1188
    1170
    1091
    1100
    1014
    1034
     949
     958
     835
     846
     757
     766
     726
     656
     637
     610
     546
     555
     541
     496
     492
     420
     397
     354
     328
     277
     280
     268
     233
     208
     205
     209
     162
     176
     145
     165
     129
     102
     121
      96
      96
     104
      91
      91
      76
      75
      79
      65
      71
      69
      70
      59
      55
      61
      67
      55
      54
      55
      56
      41
      48
      44
      55
      54
      42
      54
      59
      46
      49
      65
      63
      48
      50
      61
      43
      50
      48
      47
      49
      59
      47
      49
      45
      53
      50
      66
      49
      56
      48
      60
      43
      51
      49
      46
      49
      47
      65
      55
      47
      47
      42
      43
      56
      46
      64
      46
      48
      61
      44
      46
      45
      58
      42
      58
      48
      37
      53
      39
      50
      50
      54
      39
      51
      53
      58
      52
      44
      55
      56
      34
      50
      46
      47
      57
      42
      48
      36
      49
      52
      47
      43
      44
      44
      52
      42
      49
      46
      40
      44
      42
      55
      48
      47
      59
      43
      54
      50
      55
      48
      46
      44
      30
      45
      56
      39
      33
      45
      53
      44
      49
      51
      49
      42
      44
      55
      36
      51
      33
      59
      33
      37
      57
      52
      44
      43
      48
      52
      39
      34
      50
      45
      53
      45
      55
      38
      34
      62
      68
      46
      40
      38
      38
      44
      39
      61
      32
      44
      48
      53
      47
      58
      50
      44
      44
      46
      52
      47
      40
      49
      43
      45
      47
      46
      49
      46
      60
      55
      40
      52
      48
      34
      57
      47
      47
      52
      46
      46
      56
      57
      48
      50
      53
      40
      56
      39
      39
      38
      30
      50
      54
      52
      33
      43
      58
      49
      39
      47
      49
      64
      44
      65
      58
      32
      55
      44
      59
      56
      42
      47
      55
      41
      54
      52
      49
      46
      55
      49
      54
      32
      48
      49
      50
      64
      50
      49
      57
      41
      49
      53
      52
      44
      51
      48
      52
      49
      44
      41
      42
      44
      51
      45
      46
      45
      42
      52
      44
      57
      49
      51
      48
      55
      40
      56
      41
      56
      47
      50
      56
      52
      47
      54
      49
      52
      35
      41
      46
      60
      55
      62
      45
      52
      64
      38
      47
      37
      45
      46
      50
      41
      56
      53
      56
      38
      53
      47
      42
      53
      51
      41
      43
      41
       1
       0
       0
       0
       0
       0
       0
       0
       0
       0
       0
       0
       0
       0
       0
       0
       0
       0
       0
       0
       0
       0
       0
       0
       0
       0
       0
       0
       0
       0
       0
       0
       0
       0
       0
       0
       0
       0
       0
       0
       0
       0
       0
       0
       0
       0
       0
       0
       0
       0
       0
       0
       0
       0
       0
       0
       0
       0
       0
       0
       0
       0
       0
       0
       0
       0
       0
       0
$ROI:
2
95 97
514 605
$PRESETS:
Real Time
200
0
$ENER_FIT:
-289.438599 1.280702
$MCA_CAL:
3
-2.894386E+002 1.280702E+000 0.000000E+000
$SHAPE_CAL:
3
0.000000E+000 0.000000E+000 0.000000E+000
