$SPEC_ID:
MEASURE 467.
$SPEC_REM:
DET# 1
DETDESC# MCB 25
AP# Maestro Version 6.05
$DATE_MEA:
04/04/2003 23:03:28
$MEAS_TIM:
195 200
$DATA:
0 1023
       0
       0
       0
       0
       0
       0
       0
       0
       0
       0
       0
       0
       0
       0
       0
       0
       0
       0
       0
       0
       0
       0
       0
       0
       0
       0
       0
       0
       0
       0
       0
       0
       0
       0
       0
       0
       0
       0
       0
       0
       0
       0
       0
       0
     139
     289
     264
     274
     266
     278
     266
     295
     281
     296
     260
     282
     269
     272
     320
     308
     282
     320
     311
     315
     304
     263
     285
     286
     291
     319
     306
     320
     316
     308
     313
     338
     315
     321
     337
     338
     355
     371
     360
     364
     382
     342
     370
     350
     362
     329
     355
     343
     395
     403
     418
     434
     453
     384
     465
     424
     432
     451
     426
     478
     466
     469
     463
     539
     484
     475
     499
     478
     505
     515
     546
     501
     543
     544
     567
     535
     516
     548
     556
     592
     500
     564
     575
     560
     580
     572
     556
     579
     574
     549
     584
     570
     614
     583
     613
     567
     671
     617
     637
     638
     611
     610
     615
     612
     642
     689
     617
     638
     603
     652
     637
     600
     671
     685
     646
     592
     666
     666
     611
     681
     653
     617
     658
     655
     605
     627
     637
     653
     610
     645
     638
     606
     627
     634
     681
     636
     640
     639
     624
     666
     649
     674
     640
     633
     622
     633
     642
     631
     651
     610
     636
     626
     676
     674
     682
     695
     664
     680
     666
     693
     656
     723
     706
     752
     706
     652
     671
     711
     748
     714
     691
     738
     772
     750
     755
     773
     758
     725
     762
     750
     711
     727
     717
     764
     757
     779
     751
     685
     738
     751
     713
     697
     692
     678
     691
     721
     754
     654
     631
     674
     651
     667
     631
     619
     610
     603
     631
     627
     636
     614
     626
     636
     576
     582
     612
     568
     648
     610
     573
     595
     628
     562
     581
     545
     580
     630
     592
     573
     541
     547
     561
     540
     578
     536
     513
     548
     529
     537
     527
     527
     527
     483
     557
     519
     536
     512
     544
     512
     490
     511
     540
     501
     514
     494
     487
     498
     490
     487
     480
     451
     477
     478
     492
     503
     445
     471
     427
     476
     443
     487
     454
     457
     471
     458
     456
     465
     468
     422
     454
     438
     446
     466
     416
     446
     431
     403
     425
     412
     453
     415
     425
     393
     393
     434
     409
     389
     433
     435
     401
     398
     421
     431
     398
     376
     423
     394
     373
     359
     396
     402
     383
     413
     398
     383
     382
     406
     386
     393
     345
     385
     393
     355
     347
     349
     361
     362
     326
     378
     356
     345
     371
     329
     366
     338
     364
     372
     364
     328
     329
     331
     309
     329
     323
     315
     299
     297
     283
     310
     306
     277
     283
     307
     295
     278
     278
     273
     282
     271
     296
     258
     269
     263
     235
     233
     227
     234
     244
     234
     233
     227
     212
     228
     209
     212
     218
     211
     213
     183
     193
     208
     186
     197
     190
     165
     201
     185
     177
     182
     171
     170
     157
     170
     197
     148
     151
     180
     179
     182
     184
     172
     161
     174
     172
     178
     169
     164
     150
     164
     187
     190
     136
     142
     160
     149
     145
     148
     131
     141
     141
     143
     150
     154
     144
     131
     145
     151
     137
     156
     143
     147
     135
     138
     136
     134
     127
     133
     125
     130
     117
     115
     117
     133
     160
     133
     117
     141
     114
     121
     115
     101
     127
     123
     118
     149
     134
     133
     134
     126
     135
     125
     138
     117
     121
     144
     128
     121
     140
     116
     121
     112
     134
     134
     139
     134
     121
     118
     122
     125
     141
     136
     145
     152
     128
     110
     154
     125
     112
     134
     130
     151
     150
     119
     130
     157
     143
     135
     160
     159
     158
     177
     157
     167
     185
     172
     190
     202
     182
     190
     202
     218
     216
     223
     249
     270
     242
     279
     303
     274
     313
     373
     391
     365
     347
     412
     409
     428
     490
     528
     500
     518
     580
     645
     633
     654
     648
     741
     752
     815
     853
     861
     938
     955
     946
     982
    1021
     958
    1105
    1157
    1167
    1146
    1222
    1215
    1266
    1376
    1297
    1354
    1376
    1369
    1365
    1329
    1412
    1438
    1421
    1435
    1337
    1385
    1391
    1433
    1371
    1346
    1325
    1346
    1318
    1294
    1262
    1129
    1097
    1173
    1133
    1048
    1007
     990
     898
     905
     847
     797
     838
     790
     691
     679
     621
     640
     608
     523
     531
     469
     425
     423
     395
     372
     323
     322
     301
     270
     259
     233
     224
     214
     197
     166
     158
     151
     154
     127
     111
     111
     114
     106
     105
      91
     114
      81
      61
      82
      82
      69
      50
      66
      59
      74
      68
      51
      51
      67
      56
      58
      47
      59
      58
      45
      55
      51
      61
      51
      43
      53
      41
      56
      50
      51
      33
      53
      52
      59
      44
      47
      43
      44
      41
      55
      60
      67
      46
      42
      58
      50
      42
      45
      49
      51
      56
      36
      54
      49
      45
      43
      44
      53
      48
      51
      57
      45
      39
      48
      38
      57
      44
      43
      43
      45
      51
      53
      40
      47
      49
      53
      49
      52
      55
      43
      50
      57
      56
      50
      47
      48
      39
      54
      37
      49
      34
      55
      45
      57
      37
      44
      29
      53
      45
      54
      37
      52
      31
      35
      47
      39
      46
      50
      32
      49
      46
      47
      34
      39
      38
      44
      47
      48
      50
      40
      43
      46
      38
      46
      66
      39
      51
      50
      44
      61
      38
      50
      40
      43
      59
      48
      43
      54
      45
      51
      52
      38
      43
      41
      46
      55
      41
      50
      51
      44
      49
      35
      49
      42
      41
      49
      37
      38
      48
      44
      43
      37
      55
      44
      39
      42
      45
      54
      44
      34
      37
      41
      57
      52
      47
      49
      53
      30
      41
      47
      50
      41
      36
      46
      45
      41
      50
      53
      54
      46
      46
      48
      54
      39
      40
      60
      50
      52
      42
      29
      42
      46
      42
      59
      44
      47
      66
      34
      51
      52
      41
      51
      45
      47
      43
      55
      48
      46
      53
      43
      50
      42
      48
      47
      45
      51
      39
      46
      42
      44
      43
      58
      46
      58
      46
      47
      59
      54
      40
      43
      37
      50
      40
      53
      41
      47
      45
      52
      44
      46
      43
      42
      52
      55
      48
      53
      44
      46
      34
      40
      39
      62
      49
      53
      45
      43
      49
      58
      50
      51
      42
      32
      56
      48
      56
      58
      46
      43
      44
      53
      45
      39
      51
      36
      53
      44
      44
      50
      41
      55
      44
      47
       1
       0
       0
       0
       0
       0
       0
       0
       0
       0
       0
       0
       0
       0
       0
       0
       0
       0
       0
       0
       0
       0
       0
       0
       0
       0
       0
       0
       0
       0
       0
       0
       0
       0
       0
       0
       0
       0
       0
       0
       0
       0
       0
       0
       0
       0
       0
       0
       0
       0
       0
       0
       0
       0
       0
       0
       0
       0
       0
       0
       0
       0
       0
       0
       0
       0
       0
       0
$ROI:
2
95 97
514 605
$PRESETS:
Real Time
200
0
$ENER_FIT:
-289.438599 1.280702
$MCA_CAL:
3
-2.894386E+002 1.280702E+000 0.000000E+000
$SHAPE_CAL:
3
0.000000E+000 0.000000E+000 0.000000E+000
