$SPEC_ID:
MEASURE 307.
$SPEC_REM:
DET# 1
DETDESC# MCB 25
AP# Maestro Version 6.05
$DATE_MEA:
04/04/2003 09:43:28
$MEAS_TIM:
195 200
$DATA:
0 1023
       0
       0
       0
       0
       0
       0
       0
       0
       0
       0
       0
       0
       0
       0
       0
       0
       0
       0
       0
       0
       0
       0
       0
       0
       0
       0
       0
       0
       0
       0
       0
       0
       0
       0
       0
       0
       0
       0
       0
       0
       0
       0
       0
       0
     149
     292
     259
     249
     285
     335
     262
     253
     266
     266
     274
     287
     305
     282
     288
     274
     300
     278
     310
     319
     299
     275
     305
     348
     334
     283
     326
     302
     330
     316
     320
     316
     294
     329
     341
     327
     338
     375
     346
     350
     351
     353
     341
     399
     412
     394
     403
     402
     431
     389
     413
     417
     480
     440
     414
     451
     481
     478
     468
     498
     478
     448
     433
     487
     429
     519
     558
     482
     513
     522
     522
     484
     532
     525
     535
     554
     552
     552
     548
     555
     543
     554
     543
     594
     562
     588
     596
     557
     607
     619
     594
     577
     605
     594
     603
     568
     622
     613
     605
     617
     606
     625
     616
     652
     641
     652
     648
     569
     658
     609
     664
     595
     640
     640
     662
     654
     655
     634
     637
     630
     635
     644
     637
     649
     644
     675
     653
     692
     665
     663
     639
     682
     642
     651
     643
     646
     674
     601
     663
     655
     618
     597
     642
     645
     630
     630
     648
     658
     614
     656
     678
     630
     672
     648
     682
     622
     699
     688
     738
     654
     712
     679
     719
     719
     700
     663
     729
     734
     742
     734
     719
     773
     738
     733
     712
     810
     780
     778
     780
     755
     735
     759
     712
     680
     747
     696
     728
     700
     748
     737
     703
     757
     696
     746
     727
     684
     650
     708
     660
     655
     655
     666
     631
     647
     630
     669
     664
     607
     615
     600
     566
     641
     637
     610
     600
     623
     589
     602
     577
     607
     550
     578
     637
     554
     595
     570
     558
     525
     585
     587
     598
     599
     525
     538
     525
     534
     531
     492
     556
     559
     526
     516
     518
     540
     524
     503
     517
     513
     490
     496
     455
     526
     499
     457
     490
     494
     474
     466
     452
     509
     465
     494
     496
     463
     509
     497
     488
     471
     424
     444
     414
     435
     473
     478
     449
     438
     406
     440
     432
     417
     455
     446
     460
     416
     403
     420
     408
     413
     412
     425
     417
     413
     429
     369
     432
     409
     402
     391
     391
     409
     389
     393
     412
     367
     391
     373
     391
     430
     375
     426
     362
     377
     368
     405
     358
     369
     386
     363
     366
     368
     370
     369
     394
     377
     325
     375
     343
     373
     390
     388
     373
     322
     386
     345
     350
     350
     340
     322
     315
     299
     323
     336
     324
     296
     337
     290
     311
     302
     281
     280
     286
     310
     260
     261
     240
     270
     276
     270
     268
     259
     235
     257
     251
     241
     231
     244
     252
     227
     230
     192
     215
     218
     223
     233
     206
     198
     178
     193
     216
     200
     204
     162
     185
     198
     168
     180
     148
     175
     171
     168
     187
     139
     161
     180
     157
     165
     183
     160
     150
     178
     166
     147
     182
     155
     144
     151
     172
     162
     119
     152
     123
     170
     158
     154
     118
     143
     154
     138
     115
     156
     166
     148
     127
     158
     131
     133
     128
     145
     135
     128
     150
     131
     142
     127
     130
     138
     134
     147
     126
     120
     131
     116
     140
     129
     131
     115
     144
     131
     137
     136
     138
     130
     142
     141
     124
     129
     141
     137
     134
     122
     136
     141
     114
     125
     132
     130
     132
     141
     123
     117
     142
     138
     131
     124
     128
     148
     125
     114
     129
     162
     155
     146
     147
     112
     134
     142
     148
     145
     139
     135
     151
     147
     160
     152
     159
     173
     176
     159
     180
     180
     197
     181
     187
     191
     207
     225
     238
     239
     267
     258
     262
     284
     276
     305
     321
     319
     401
     372
     417
     426
     408
     452
     514
     451
     534
     559
     590
     603
     662
     692
     675
     771
     822
     837
     837
     896
     835
     954
    1012
    1025
     996
    1086
    1108
    1213
    1239
    1227
    1215
    1275
    1318
    1292
    1324
    1359
    1326
    1501
    1409
    1415
    1393
    1401
    1396
    1383
    1393
    1412
    1357
    1416
    1322
    1327
    1387
    1331
    1324
    1247
    1209
    1194
    1140
    1156
    1040
    1077
    1008
    1000
     931
     960
     908
     844
     778
     734
     739
     695
     643
     636
     592
     497
     545
     447
     421
     398
     373
     374
     340
     288
     309
     267
     248
     248
     202
     178
     171
     179
     162
     166
     118
     132
     115
     106
     113
      98
     107
      91
      83
      86
      68
      64
      82
      91
      61
      66
      59
      61
      49
      42
      62
      58
      59
      56
      45
      52
      51
      55
      60
      60
      56
      62
      46
      59
      55
      61
      52
      50
      53
      50
      47
      57
      46
      58
      57
      45
      55
      49
      55
      64
      54
      48
      55
      44
      43
      44
      44
      44
      59
      39
      61
      57
      43
      54
      38
      50
      45
      50
      54
      55
      53
      54
      53
      54
      45
      60
      48
      55
      43
      51
      53
      48
      50
      55
      46
      51
      50
      53
      50
      39
      47
      46
      48
      47
      41
      38
      42
      53
      60
      43
      40
      54
      49
      46
      53
      55
      47
      51
      61
      56
      43
      48
      37
      37
      55
      47
      48
      33
      66
      61
      45
      39
      46
      49
      42
      50
      56
      43
      46
      57
      54
      38
      35
      52
      35
      39
      41
      50
      50
      47
      45
      48
      48
      41
      44
      47
      48
      48
      59
      48
      48
      58
      49
      46
      48
      44
      45
      51
      39
      58
      50
      44
      50
      51
      50
      56
      47
      42
      38
      57
      35
      37
      53
      44
      46
      58
      32
      45
      46
      54
      57
      45
      39
      57
      44
      49
      43
      48
      52
      42
      43
      43
      51
      51
      43
      45
      54
      52
      52
      40
      51
      43
      42
      43
      42
      44
      48
      45
      36
      46
      56
      43
      42
      44
      47
      45
      48
      45
      57
      44
      39
      48
      45
      45
      49
      53
      53
      45
      46
      44
      48
      61
      47
      57
      46
      46
      37
      49
      41
      40
      55
      51
      49
      42
      52
      52
      57
      39
      60
      47
      57
      45
      47
      44
      45
      52
      51
      53
      50
      46
      53
      54
      54
      54
      50
      55
      56
      48
      44
      46
      51
      51
      45
      54
      60
      38
      44
      53
      44
      50
      57
      47
      45
      53
      49
      40
      41
      44
      38
      53
      32
      55
      54
      49
      46
      42
      54
      42
      54
      49
      48
      45
      50
      43
       0
       0
       0
       0
       0
       0
       0
       0
       0
       0
       0
       0
       0
       0
       0
       0
       0
       0
       0
       0
       0
       0
       0
       0
       0
       0
       0
       0
       0
       0
       0
       0
       0
       0
       0
       0
       0
       0
       0
       0
       0
       0
       0
       0
       0
       0
       0
       0
       0
       0
       0
       0
       0
       0
       0
       0
       0
       0
       0
       0
       0
       0
       0
       0
       0
       0
       0
       0
$ROI:
2
95 97
514 605
$PRESETS:
Real Time
200
0
$ENER_FIT:
-289.438599 1.280702
$MCA_CAL:
3
-2.894386E+002 1.280702E+000 0.000000E+000
$SHAPE_CAL:
3
0.000000E+000 0.000000E+000 0.000000E+000
