$SPEC_ID:
MEASURE 295.
$SPEC_REM:
DET# 1
DETDESC# MCB 25
AP# Maestro Version 6.05
$DATE_MEA:
04/04/2003 08:43:28
$MEAS_TIM:
195 200
$DATA:
0 1023
       0
       0
       0
       0
       0
       0
       0
       0
       0
       0
       0
       0
       0
       0
       0
       0
       0
       0
       0
       0
       0
       0
       0
       0
       0
       0
       0
       0
       0
       0
       0
       0
       0
       0
       0
       0
       0
       0
       0
       0
       0
       0
       0
       0
     138
     329
     278
     270
     279
     283
     285
     280
     255
     274
     286
     305
     297
     277
     319
     266
     268
     310
     295
     283
     276
     331
     317
     290
     318
     324
     314
     330
     304
     308
     327
     280
     361
     338
     353
     320
     377
     382
     393
     385
     384
     367
     364
     371
     393
     401
     396
     389
     413
     423
     386
     414
     393
     432
     470
     467
     488
     467
     440
     439
     475
     487
     500
     487
     520
     511
     526
     520
     513
     502
     556
     572
     532
     572
     530
     574
     569
     527
     546
     553
     541
     520
     552
     533
     573
     561
     619
     606
     591
     603
     595
     569
     590
     638
     623
     581
     565
     592
     647
     635
     624
     646
     600
     606
     679
     667
     624
     666
     685
     640
     637
     639
     589
     677
     614
     644
     661
     624
     640
     670
     635
     669
     629
     609
     640
     586
     629
     653
     686
     672
     654
     641
     663
     646
     697
     658
     605
     646
     698
     679
     599
     679
     677
     618
     667
     676
     677
     683
     678
     636
     692
     672
     639
     733
     653
     642
     691
     640
     724
     704
     745
     725
     742
     774
     665
     731
     745
     739
     732
     741
     799
     679
     722
     724
     710
     770
     799
     759
     745
     744
     810
     753
     740
     733
     712
     732
     737
     781
     722
     721
     692
     697
     644
     696
     656
     674
     674
     684
     659
     672
     601
     671
     610
     628
     600
     667
     630
     636
     642
     668
     624
     598
     617
     588
     639
     604
     625
     600
     618
     606
     583
     585
     580
     567
     626
     579
     555
     587
     572
     560
     568
     579
     567
     567
     516
     538
     495
     508
     524
     527
     476
     543
     542
     526
     544
     509
     507
     533
     523
     525
     467
     539
     496
     499
     448
     461
     474
     445
     480
     448
     474
     477
     482
     471
     484
     506
     457
     456
     458
     463
     453
     451
     471
     466
     440
     438
     404
     442
     482
     423
     436
     428
     424
     437
     417
     435
     414
     417
     429
     419
     433
     423
     435
     408
     440
     389
     423
     414
     428
     349
     408
     387
     405
     384
     396
     384
     373
     366
     394
     368
     409
     374
     367
     386
     372
     385
     357
     377
     348
     352
     376
     351
     405
     389
     357
     366
     366
     347
     375
     351
     345
     347
     322
     355
     341
     337
     350
     353
     275
     328
     318
     312
     309
     323
     294
     317
     320
     311
     270
     304
     275
     272
     281
     247
     267
     259
     263
     267
     268
     241
     254
     243
     237
     230
     216
     222
     212
     224
     223
     188
     234
     222
     217
     220
     213
     229
     212
     180
     219
     195
     206
     202
     185
     180
     194
     162
     183
     159
     184
     160
     177
     189
     165
     181
     154
     172
     180
     178
     164
     165
     152
     190
     140
     181
     163
     152
     126
     156
     147
     148
     161
     165
     122
     168
     142
     153
     161
     122
     136
     141
     162
     138
     148
     126
     131
     150
     129
     120
     147
     154
     131
     123
     125
     149
     137
     164
     144
     129
     139
     134
     141
     126
     166
     131
     134
     138
     135
     147
     134
     132
     154
     119
     130
     136
     153
     141
     126
     153
     117
     126
     124
     130
     126
     124
     110
     146
     124
     126
     129
     114
     151
     146
     118
     112
     125
     134
     124
     141
     121
     138
     137
     140
     142
     155
     149
     148
     156
     144
     137
     145
     138
     163
     164
     139
     150
     158
     153
     164
     155
     185
     194
     180
     200
     223
     220
     228
     251
     249
     262
     223
     285
     292
     306
     306
     355
     368
     363
     398
     376
     444
     505
     453
     485
     541
     564
     523
     623
     596
     632
     711
     715
     760
     795
     818
     887
     874
     974
     966
     972
     994
    1074
    1024
    1100
    1157
    1160
    1272
    1225
    1367
    1288
    1287
    1352
    1384
    1321
    1395
    1375
    1369
    1421
    1431
    1396
    1485
    1408
    1401
    1335
    1403
    1346
    1349
    1297
    1288
    1236
    1248
    1175
    1174
    1150
    1123
    1058
    1038
     975
     953
     985
     818
     837
     837
     776
     759
     712
     684
     672
     637
     519
     524
     500
     441
     424
     358
     400
     344
     317
     304
     267
     254
     230
     233
     174
     187
     175
     149
     159
     135
     134
     115
     107
     121
     118
     106
      86
      74
      86
      86
      74
      71
      70
      61
      63
      51
      45
      56
      57
      69
      68
      48
      55
      60
      49
      61
      51
      62
      50
      49
      49
      51
      53
      53
      44
      56
      62
      38
      54
      41
      57
      47
      62
      42
      54
      58
      51
      48
      43
      54
      49
      43
      61
      53
      45
      60
      52
      49
      48
      54
      49
      47
      48
      50
      53
      49
      50
      39
      40
      52
      44
      42
      36
      48
      61
      34
      44
      45
      52
      54
      37
      40
      47
      58
      49
      46
      32
      49
      58
      55
      53
      47
      45
      51
      40
      60
      46
      44
      50
      43
      46
      58
      38
      42
      50
      44
      40
      53
      50
      55
      43
      43
      33
      39
      56
      36
      44
      55
      52
      36
      44
      38
      47
      53
      50
      44
      59
      39
      42
      51
      39
      58
      45
      41
      46
      36
      51
      42
      48
      52
      43
      37
      34
      41
      41
      63
      36
      48
      44
      44
      40
      40
      47
      46
      47
      42
      34
      40
      42
      50
      38
      57
      50
      53
      44
      46
      34
      47
      49
      54
      54
      34
      42
      29
      40
      42
      50
      55
      56
      55
      56
      42
      54
      49
      37
      45
      43
      57
      53
      46
      39
      39
      49
      46
      53
      55
      39
      40
      43
      46
      48
      49
      54
      46
      46
      53
      36
      41
      40
      45
      51
      51
      55
      61
      44
      47
      47
      64
      45
      50
      51
      56
      60
      48
      45
      37
      53
      49
      42
      48
      60
      57
      57
      58
      49
      55
      41
      45
      49
      54
      54
      54
      52
      52
      48
      59
      45
      52
      43
      41
      49
      48
      56
      52
      58
      42
      54
      52
      53
      48
      47
      45
      48
      49
      67
      49
      46
      39
      65
      54
      60
      48
      53
      44
      35
      40
      57
      68
      42
      59
      45
      52
      51
      50
      60
      57
      37
      47
      38
      46
      58
      51
      59
      50
      48
      35
      46
      49
      46
      52
      33
      59
      45
      26
       5
       0
       0
       0
       0
       0
       0
       0
       0
       0
       0
       0
       0
       0
       0
       0
       0
       0
       0
       0
       0
       0
       0
       0
       0
       0
       0
       0
       0
       0
       0
       0
       0
       0
       0
       0
       0
       0
       0
       0
       0
       0
       0
       0
       0
       0
       0
       0
       0
       0
       0
       0
       0
       0
       0
       0
       0
       0
       0
       0
       0
       0
       0
       0
       0
       0
       0
       0
$ROI:
2
95 97
514 605
$PRESETS:
Real Time
200
0
$ENER_FIT:
-289.438599 1.280702
$MCA_CAL:
3
-2.894386E+002 1.280702E+000 0.000000E+000
$SHAPE_CAL:
3
0.000000E+000 0.000000E+000 0.000000E+000
