$SPEC_ID:
MEASURE 493.
$SPEC_REM:
DET# 1
DETDESC# MCB 25
AP# Maestro Version 6.05
$DATE_MEA:
04/05/2003 01:13:28
$MEAS_TIM:
195 200
$DATA:
0 1023
       0
       0
       0
       0
       0
       0
       0
       0
       0
       0
       0
       0
       0
       0
       0
       0
       0
       0
       0
       0
       0
       0
       0
       0
       0
       0
       0
       0
       0
       0
       0
       0
       0
       0
       0
       0
       0
       0
       0
       0
       0
       0
       0
       0
     133
     277
     265
     286
     269
     288
     285
     291
     274
     287
     278
     284
     299
     288
     290
     286
     312
     277
     327
     287
     328
     272
     284
     280
     278
     323
     316
     310
     298
     289
     296
     331
     358
     349
     329
     326
     312
     336
     320
     354
     396
     362
     383
     360
     393
     401
     380
     416
     355
     438
     423
     426
     415
     423
     431
     440
     398
     471
     484
     508
     486
     459
     459
     481
     510
     499
     510
     516
     525
     524
     519
     552
     554
     520
     488
     496
     569
     581
     571
     558
     533
     572
     549
     558
     575
     514
     544
     555
     594
     588
     583
     578
     602
     587
     598
     576
     629
     612
     640
     626
     641
     598
     622
     629
     641
     650
     651
     634
     640
     653
     680
     591
     630
     628
     627
     638
     669
     632
     658
     674
     706
     647
     649
     574
     646
     687
     651
     636
     582
     620
     635
     626
     695
     635
     619
     648
     633
     617
     658
     614
     653
     650
     652
     672
     619
     651
     619
     628
     621
     639
     685
     644
     657
     694
     673
     647
     689
     637
     698
     669
     659
     637
     719
     644
     725
     682
     700
     754
     717
     688
     782
     783
     756
     744
     717
     750
     733
     809
     739
     769
     822
     805
     724
     731
     756
     707
     704
     749
     706
     688
     769
     748
     719
     675
     670
     698
     710
     697
     660
     632
     622
     654
     637
     656
     691
     640
     651
     612
     609
     641
     589
     635
     634
     571
     583
     601
     601
     586
     649
     622
     603
     591
     558
     568
     537
     539
     580
     540
     550
     583
     552
     572
     574
     544
     574
     512
     559
     562
     554
     540
     582
     558
     531
     523
     514
     522
     549
     516
     520
     528
     520
     515
     497
     511
     497
     483
     470
     498
     489
     489
     481
     511
     513
     451
     443
     442
     467
     442
     479
     421
     455
     424
     449
     442
     472
     472
     421
     417
     454
     486
     444
     384
     423
     441
     436
     397
     413
     389
     433
     404
     417
     419
     375
     399
     455
     409
     396
     406
     406
     401
     389
     373
     399
     384
     380
     388
     367
     360
     391
     396
     378
     396
     414
     377
     367
     392
     389
     391
     366
     375
     380
     363
     332
     359
     329
     369
     384
     321
     368
     341
     332
     343
     328
     381
     348
     339
     320
     358
     339
     327
     344
     318
     305
     329
     308
     326
     295
     283
     321
     289
     298
     304
     294
     289
     313
     254
     271
     252
     270
     267
     248
     269
     236
     243
     246
     233
     211
     244
     241
     227
     203
     238
     227
     213
     223
     209
     193
     208
     217
     211
     202
     205
     185
     174
     182
     188
     176
     174
     175
     182
     162
     177
     166
     178
     162
     165
     160
     163
     161
     172
     156
     162
     185
     157
     136
     135
     159
     174
     161
     156
     159
     158
     156
     153
     142
     135
     160
     153
     140
     143
     137
     162
     143
     161
     141
     135
     153
     132
     136
     141
     142
     125
     142
     152
     125
     146
     141
     128
     137
     148
     129
     119
     125
     138
     130
     111
     119
     122
     130
     114
     141
     142
     146
     151
     148
     119
     136
     124
     122
     113
     122
     130
     120
     127
     126
     111
     136
     122
     119
     148
     133
     138
     110
     129
     132
     117
     133
     145
     119
     140
     122
     136
     128
     128
     119
     137
     138
     143
     129
     135
     147
     140
     142
     146
     148
     156
     138
     157
     144
     172
     146
     139
     207
     166
     187
     207
     193
     213
     199
     188
     206
     256
     237
     258
     290
     283
     298
     280
     330
     351
     319
     407
     372
     376
     427
     442
     453
     476
     540
     546
     584
     582
     679
     647
     697
     664
     737
     778
     847
     813
     883
     912
     974
     988
    1010
    1083
    1099
    1110
    1164
    1170
    1207
    1252
    1294
    1267
    1256
    1264
    1337
    1354
    1392
    1422
    1401
    1352
    1415
    1443
    1405
    1421
    1358
    1332
    1358
    1356
    1312
    1328
    1326
    1309
    1255
    1189
    1178
    1106
    1162
    1120
    1084
    1050
     951
     888
     919
     915
     807
     842
     738
     674
     653
     692
     591
     541
     572
     444
     467
     457
     423
     376
     352
     339
     293
     280
     280
     271
     229
     214
     193
     211
     171
     137
     161
     118
     115
     126
     127
     121
      88
      88
      88
      83
      73
      78
      60
      73
      49
      60
      61
      55
      61
      70
      65
      58
      64
      49
      56
      46
      61
      36
      60
      57
      64
      49
      46
      56
      49
      60
      65
      47
      50
      56
      60
      42
      43
      49
      45
      54
      46
      45
      42
      47
      54
      43
      56
      50
      40
      50
      47
      46
      53
      43
      46
      38
      56
      52
      42
      54
      45
      43
      51
      52
      44
      45
      51
      51
      47
      41
      57
      47
      43
      42
      52
      42
      44
      37
      44
      60
      43
      38
      43
      48
      52
      63
      40
      54
      49
      50
      57
      44
      53
      42
      39
      57
      50
      36
      49
      51
      42
      55
      38
      42
      45
      49
      58
      41
      53
      41
      45
      45
      39
      44
      51
      49
      43
      68
      49
      45
      44
      39
      45
      42
      34
      58
      41
      45
      44
      42
      46
      41
      49
      57
      44
      47
      49
      44
      45
      32
      46
      49
      49
      47
      45
      46
      49
      37
      42
      39
      48
      55
      36
      44
      48
      51
      41
      48
      45
      40
      46
      52
      46
      42
      33
      38
      38
      43
      56
      43
      51
      59
      41
      50
      40
      51
      46
      41
      44
      43
      45
      36
      50
      49
      48
      41
      44
      43
      43
      39
      61
      55
      56
      31
      57
      39
      47
      38
      45
      52
      37
      47
      60
      51
      50
      46
      46
      33
      55
      46
      43
      63
      39
      47
      42
      56
      49
      41
      49
      32
      49
      39
      56
      39
      56
      62
      43
      56
      61
      48
      49
      38
      54
      50
      52
      44
      53
      53
      42
      56
      48
      35
      60
      50
      48
      48
      56
      52
      50
      65
      52
      50
      58
      49
      40
      41
      40
      39
      53
      47
      42
      57
      49
      54
      43
      43
      38
      45
      56
      45
      46
      48
      48
      41
      52
      42
      43
      46
      50
      47
      40
      52
      47
      41
      44
      48
      44
      41
      33
      32
      49
      50
      41
      36
       1
       0
       0
       0
       0
       0
       0
       0
       0
       0
       0
       0
       0
       0
       0
       0
       0
       0
       0
       0
       0
       0
       0
       0
       0
       0
       0
       0
       0
       0
       0
       0
       0
       0
       0
       0
       0
       0
       0
       0
       0
       0
       0
       0
       0
       0
       0
       0
       0
       0
       0
       0
       0
       0
       0
       0
       0
       0
       0
       0
       0
       0
       0
       0
       0
       0
       0
       0
$ROI:
2
95 97
514 605
$PRESETS:
Real Time
200
0
$ENER_FIT:
-289.438599 1.280702
$MCA_CAL:
3
-2.894386E+002 1.280702E+000 0.000000E+000
$SHAPE_CAL:
3
0.000000E+000 0.000000E+000 0.000000E+000
