$SPEC_ID:
MEASURE 460.
$SPEC_REM:
DET# 1
DETDESC# MCB 25
AP# Maestro Version 6.05
$DATE_MEA:
04/04/2003 22:28:28
$MEAS_TIM:
195 200
$DATA:
0 1023
       0
       0
       0
       0
       0
       0
       0
       0
       0
       0
       0
       0
       0
       0
       0
       0
       0
       0
       0
       0
       0
       0
       0
       0
       0
       0
       0
       0
       0
       0
       0
       0
       0
       0
       0
       0
       0
       0
       0
       0
       0
       0
       0
       0
     133
     270
     285
     308
     302
     285
     291
     272
     296
     304
     304
     280
     285
     306
     291
     304
     285
     275
     312
     276
     301
     306
     330
     321
     325
     302
     303
     331
     301
     326
     297
     319
     306
     332
     313
     348
     354
     337
     353
     329
     331
     398
     329
     354
     373
     379
     410
     350
     401
     413
     410
     438
     421
     443
     429
     407
     448
     443
     461
     467
     506
     465
     486
     479
     508
     499
     504
     498
     523
     506
     522
     492
     499
     514
     483
     547
     523
     525
     542
     547
     575
     560
     541
     588
     563
     531
     555
     571
     579
     588
     588
     586
     562
     595
     593
     625
     623
     641
     622
     640
     603
     619
     632
     587
     647
     648
     639
     636
     649
     624
     651
     592
     651
     664
     618
     642
     675
     638
     645
     663
     648
     663
     660
     702
     639
     674
     676
     649
     668
     679
     634
     610
     648
     646
     648
     637
     670
     678
     645
     633
     625
     676
     636
     682
     654
     665
     601
     603
     631
     719
     659
     622
     634
     713
     677
     653
     676
     683
     688
     661
     684
     699
     727
     667
     706
     710
     723
     689
     718
     733
     731
     737
     701
     729
     758
     809
     803
     737
     796
     747
     790
     756
     765
     778
     766
     707
     731
     738
     734
     666
     747
     686
     686
     695
     656
     678
     700
     640
     629
     645
     661
     625
     683
     645
     637
     633
     664
     657
     638
     635
     629
     570
     584
     625
     598
     567
     567
     611
     600
     601
     547
     584
     613
     542
     612
     582
     555
     547
     539
     583
     555
     531
     563
     578
     567
     533
     572
     551
     568
     587
     560
     540
     530
     548
     556
     515
     541
     497
     519
     464
     552
     508
     512
     515
     463
     485
     490
     466
     459
     489
     455
     462
     440
     433
     468
     426
     468
     445
     456
     439
     440
     436
     432
     431
     483
     443
     437
     435
     418
     440
     399
     438
     397
     445
     406
     440
     457
     424
     408
     386
     392
     432
     395
     398
     435
     408
     394
     385
     373
     374
     404
     372
     389
     410
     388
     372
     450
     420
     343
     389
     375
     377
     367
     390
     354
     398
     387
     395
     339
     367
     314
     368
     365
     369
     380
     351
     387
     359
     347
     351
     338
     348
     365
     336
     347
     356
     326
     328
     332
     322
     323
     308
     312
     301
     305
     304
     323
     327
     281
     284
     268
     271
     285
     249
     274
     260
     286
     284
     247
     257
     275
     269
     236
     250
     217
     251
     247
     241
     222
     226
     225
     227
     199
     221
     216
     195
     189
     193
     193
     168
     207
     208
     187
     186
     204
     218
     164
     175
     164
     149
     161
     153
     152
     176
     175
     165
     187
     169
     162
     159
     149
     144
     174
     156
     155
     167
     162
     173
     161
     161
     157
     162
     165
     173
     144
     159
     139
     142
     127
     138
     158
     142
     165
     152
     145
     146
     136
     139
     118
     134
     137
     133
     135
     128
     131
     127
     153
     141
     134
     134
     136
     116
     147
     140
     147
     130
     146
     111
     114
     124
     143
     124
     133
     121
     100
     133
     129
     127
     128
     118
     151
     136
     144
     101
     137
     151
     124
     116
     128
     143
     118
     105
     132
     131
     137
     138
     142
     130
     144
     130
     128
     132
     146
     123
     152
     158
     155
     139
     128
     131
     151
     142
     147
     142
     145
     171
     136
     172
     166
     168
     177
     172
     173
     210
     176
     173
     186
     195
     180
     208
     220
     263
     229
     232
     265
     288
     300
     303
     364
     366
     334
     362
     410
     430
     456
     487
     465
     526
     510
     594
     563
     595
     674
     655
     733
     741
     758
     818
     863
     853
     882
     954
     897
    1068
    1068
    1059
    1078
    1120
    1155
    1199
    1219
    1264
    1252
    1327
    1332
    1360
    1324
    1332
    1395
    1445
    1465
    1421
    1385
    1338
    1411
    1408
    1347
    1364
    1404
    1341
    1309
    1311
    1248
    1270
    1222
    1182
    1182
    1117
    1148
    1026
    1029
     974
     958
     882
     866
     828
     767
     772
     677
     625
     632
     611
     607
     578
     499
     478
     490
     428
     367
     346
     312
     309
     318
     274
     238
     254
     226
     188
     157
     177
     157
     136
     140
     124
     110
     116
     105
      98
      84
      91
      97
      78
      76
      68
      66
      46
      67
      61
      59
      65
      50
      51
      54
      69
      61
      49
      57
      59
      62
      61
      55
      58
      42
      47
      57
      53
      54
      51
      48
      55
      45
      51
      44
      54
      40
      43
      42
      61
      57
      64
      43
      51
      59
      47
      44
      45
      48
      44
      43
      49
      51
      52
      50
      38
      48
      44
      45
      57
      59
      60
      47
      46
      47
      58
      52
      39
      57
      47
      54
      48
      60
      40
      50
      51
      48
      57
      44
      56
      43
      56
      47
      53
      43
      54
      38
      47
      42
      57
      47
      53
      52
      55
      45
      58
      50
      42
      48
      52
      54
      44
      49
      59
      44
      57
      47
      33
      58
      47
      44
      32
      35
      50
      41
      44
      42
      42
      43
      49
      61
      41
      37
      53
      52
      47
      47
      47
      35
      33
      47
      58
      44
      51
      45
      44
      41
      44
      50
      31
      44
      42
      54
      48
      35
      43
      53
      39
      42
      55
      46
      51
      44
      61
      40
      41
      44
      39
      46
      43
      47
      39
      44
      44
      24
      44
      47
      39
      40
      44
      49
      56
      46
      46
      38
      47
      46
      53
      39
      44
      48
      49
      49
      40
      45
      33
      42
      52
      45
      44
      48
      52
      42
      40
      45
      48
      52
      44
      45
      50
      34
      33
      45
      35
      57
      39
      48
      53
      41
      47
      54
      56
      45
      48
      53
      60
      45
      54
      43
      48
      52
      43
      62
      32
      48
      43
      56
      51
      59
      41
      57
      46
      51
      43
      45
      52
      47
      53
      44
      47
      39
      37
      45
      49
      54
      57
      51
      43
      49
      40
      51
      49
      52
      41
      38
      49
      41
      46
      47
      58
      59
      47
      41
      42
      42
      51
      59
      42
      43
      50
      43
      33
      53
      46
      44
      60
      47
      50
      49
      45
      41
      48
      48
      51
      51
      37
      39
      32
      62
      50
      43
      45
      46
      36
       1
       0
       0
       0
       0
       0
       0
       0
       0
       0
       0
       0
       0
       0
       0
       0
       0
       0
       0
       0
       0
       0
       0
       0
       0
       0
       0
       0
       0
       0
       0
       0
       0
       0
       0
       0
       0
       0
       0
       0
       0
       0
       0
       0
       0
       0
       0
       0
       0
       0
       0
       0
       0
       0
       0
       0
       0
       0
       0
       0
       0
       0
       0
       0
       0
       0
       0
       0
$ROI:
2
95 97
514 605
$PRESETS:
Real Time
200
0
$ENER_FIT:
-289.438599 1.280702
$MCA_CAL:
3
-2.894386E+002 1.280702E+000 0.000000E+000
$SHAPE_CAL:
3
0.000000E+000 0.000000E+000 0.000000E+000
