$SPEC_ID:
MEASURE 179.
$SPEC_REM:
DET# 1
DETDESC# MCB 25
AP# Maestro Version 6.05
$DATE_MEA:
04/03/2003 23:03:28
$MEAS_TIM:
195 200
$DATA:
0 1023
       0
       0
       0
       0
       0
       0
       0
       0
       0
       0
       0
       0
       0
       0
       0
       0
       0
       0
       0
       0
       0
       0
       0
       0
       0
       0
       0
       0
       0
       0
       0
       0
       0
       0
       0
       0
       0
       0
       0
       0
       0
       0
       0
       0
     139
     276
     317
     296
     275
     279
     315
     289
     251
     311
     270
     310
     305
     302
     318
     319
     292
     306
     294
     303
     299
     316
     317
     333
     302
     275
     319
     306
     290
     327
     334
     318
     324
     363
     315
     330
     326
     360
     351
     383
     385
     389
     386
     398
     378
     383
     403
     462
     425
     407
     422
     448
     454
     434
     472
     448
     475
     456
     484
     450
     490
     452
     499
     482
     529
     503
     520
     539
     498
     543
     559
     574
     530
     528
     564
     574
     541
     571
     565
     564
     553
     580
     579
     586
     580
     591
     553
     639
     604
     573
     576
     609
     602
     619
     608
     612
     587
     618
     628
     635
     621
     679
     598
     634
     646
     634
     629
     658
     618
     727
     660
     666
     651
     642
     648
     688
     630
     644
     694
     662
     666
     686
     666
     659
     674
     660
     625
     667
     708
     633
     644
     644
     667
     671
     600
     688
     641
     629
     657
     608
     666
     666
     644
     650
     697
     712
     644
     676
     711
     646
     696
     632
     658
     668
     689
     702
     731
     743
     695
     692
     721
     650
     728
     732
     724
     801
     737
     756
     734
     741
     765
     771
     745
     742
     819
     756
     772
     812
     755
     793
     804
     709
     783
     752
     780
     702
     791
     681
     712
     729
     720
     727
     692
     726
     669
     672
     673
     623
     702
     684
     667
     622
     690
     642
     619
     612
     643
     631
     640
     640
     621
     609
     584
     609
     617
     581
     572
     567
     638
     618
     580
     542
     611
     595
     573
     612
     546
     592
     570
     557
     597
     527
     515
     513
     567
     538
     546
     543
     517
     517
     531
     547
     540
     551
     532
     506
     506
     525
     491
     538
     491
     511
     521
     528
     488
     479
     471
     516
     466
     481
     482
     490
     468
     458
     453
     444
     502
     455
     456
     428
     457
     456
     435
     454
     456
     449
     425
     446
     436
     401
     431
     453
     383
     446
     428
     397
     422
     419
     444
     430
     417
     419
     424
     405
     385
     404
     384
     409
     422
     404
     403
     356
     379
     392
     404
     427
     363
     360
     345
     392
     388
     379
     357
     351
     402
     367
     358
     358
     369
     382
     364
     371
     325
     356
     360
     364
     340
     343
     360
     371
     342
     362
     333
     333
     345
     340
     344
     341
     368
     307
     319
     299
     302
     321
     302
     309
     284
     270
     265
     280
     263
     280
     266
     289
     255
     281
     261
     242
     239
     231
     261
     232
     240
     262
     237
     232
     216
     203
     233
     230
     223
     200
     216
     202
     203
     198
     186
     201
     170
     178
     184
     200
     184
     180
     194
     175
     192
     154
     191
     175
     155
     165
     184
     173
     146
     181
     170
     154
     182
     158
     149
     155
     164
     156
     145
     162
     143
     169
     156
     153
     160
     142
     148
     138
     140
     165
     134
     133
     137
     131
     147
     140
     128
     144
     154
     129
     130
     122
     147
     127
     117
     143
     131
     148
     136
     113
     147
     142
     149
     130
     144
     120
     123
     136
     143
     120
     153
     129
     138
     142
     122
     124
     132
     123
     141
     142
     137
     132
     120
     103
     141
     109
     123
     113
     137
     134
     126
     147
     149
     127
     140
     142
     139
     125
     134
     136
     132
     132
     144
     167
     140
     137
     130
     144
     148
     129
     142
     172
     158
     137
     161
     162
     184
     165
     179
     196
     191
     216
     202
     187
     219
     223
     229
     239
     244
     259
     281
     260
     323
     301
     285
     348
     356
     372
     397
     401
     430
     464
     495
     443
     490
     609
     592
     638
     686
     708
     687
     716
     733
     847
     843
     866
     855
     918
    1048
    1098
    1077
    1130
    1122
    1197
    1107
    1238
    1274
    1287
    1268
    1265
    1360
    1412
    1379
    1376
    1401
    1367
    1445
    1452
    1467
    1431
    1408
    1361
    1427
    1337
    1426
    1347
    1322
    1300
    1286
    1271
    1187
    1178
    1125
    1134
    1044
    1023
    1071
    1024
     955
     877
     847
     859
     777
     782
     684
     737
     641
     624
     603
     522
     576
     447
     459
     438
     395
     346
     357
     329
     280
     280
     238
     224
     206
     207
     186
     163
     138
     154
     150
     120
     127
     109
      95
     106
      83
      69
      79
      78
      78
      75
      82
      60
      55
      69
      63
      55
      51
      56
      51
      50
      71
      41
      57
      46
      52
      54
      48
      53
      55
      52
      51
      62
      58
      45
      47
      52
      63
      50
      57
      66
      49
      46
      56
      46
      38
      58
      54
      65
      59
      48
      52
      54
      37
      44
      46
      54
      53
      66
      51
      50
      38
      61
      52
      40
      46
      49
      49
      44
      48
      38
      51
      51
      52
      43
      54
      48
      44
      52
      43
      48
      47
      64
      48
      53
      52
      41
      54
      52
      55
      60
      56
      33
      50
      34
      43
      37
      41
      48
      43
      47
      42
      48
      43
      48
      46
      56
      49
      38
      45
      45
      47
      47
      43
      41
      46
      40
      42
      32
      45
      38
      49
      39
      27
      55
      46
      48
      33
      50
      41
      51
      43
      54
      38
      59
      58
      45
      40
      48
      43
      41
      52
      67
      52
      34
      49
      43
      47
      36
      43
      46
      51
      55
      42
      51
      44
      41
      52
      43
      52
      51
      59
      50
      30
      50
      49
      41
      36
      34
      43
      67
      45
      44
      43
      56
      67
      50
      52
      32
      56
      50
      37
      43
      45
      54
      53
      45
      49
      53
      51
      45
      44
      41
      38
      45
      44
      35
      49
      43
      67
      57
      58
      44
      45
      47
      59
      58
      59
      49
      49
      52
      50
      65
      39
      61
      50
      45
      55
      58
      45
      55
      54
      44
      52
      56
      45
      37
      45
      49
      49
      40
      53
      58
      48
      53
      55
      43
      54
      41
      50
      54
      50
      57
      61
      54
      47
      44
      34
      43
      44
      51
      50
      47
      53
      55
      38
      42
      39
      55
      41
      44
      49
      49
      54
      46
      51
      42
      48
      55
      58
      54
      43
      55
      56
      53
      48
      43
      52
      32
      43
      48
      63
      46
      58
      51
      41
      56
      47
      46
      40
      46
      50
      45
      53
      38
      66
      50
      49
      47
      49
      48
      46
      62
      53
      67
      45
      33
       3
       0
       0
       0
       0
       0
       0
       0
       0
       0
       0
       0
       0
       0
       0
       0
       0
       0
       0
       0
       0
       0
       0
       0
       0
       0
       0
       0
       0
       0
       0
       0
       0
       0
       0
       0
       0
       0
       0
       0
       0
       0
       0
       0
       0
       0
       0
       0
       0
       0
       0
       0
       0
       0
       0
       0
       0
       0
       0
       0
       0
       0
       0
       0
       0
       0
       0
       0
$ROI:
2
95 97
514 605
$PRESETS:
Real Time
200
0
$ENER_FIT:
-289.438599 1.280702
$MCA_CAL:
3
-2.894386E+002 1.280702E+000 0.000000E+000
$SHAPE_CAL:
3
0.000000E+000 0.000000E+000 0.000000E+000
