$SPEC_ID:
MEASURE 359.
$SPEC_REM:
DET# 1
DETDESC# MCB 25
AP# Maestro Version 6.05
$DATE_MEA:
04/04/2003 14:03:28
$MEAS_TIM:
195 200
$DATA:
0 1023
       0
       0
       0
       0
       0
       0
       0
       0
       0
       0
       0
       0
       0
       0
       0
       0
       0
       0
       0
       0
       0
       0
       0
       0
       0
       0
       0
       0
       0
       0
       0
       0
       0
       0
       0
       0
       0
       0
       0
       0
       0
       0
       0
       0
     122
     278
     296
     272
     286
     288
     323
     276
     278
     257
     265
     289
     271
     278
     323
     266
     297
     302
     285
     310
     289
     272
     303
     303
     303
     306
     306
     348
     295
     320
     324
     316
     298
     311
     343
     341
     358
     348
     333
     352
     368
     352
     339
     403
     401
     391
     388
     414
     447
     382
     382
     414
     452
     406
     448
     448
     428
     461
     440
     455
     453
     510
     482
     550
     471
     481
     514
     495
     539
     526
     547
     510
     528
     497
     542
     514
     552
     546
     557
     562
     538
     544
     585
     541
     579
     598
     563
     587
     626
     566
     592
     619
     549
     613
     633
     616
     639
     604
     611
     664
     620
     606
     611
     638
     662
     646
     609
     646
     676
     664
     666
     650
     585
     625
     649
     646
     681
     655
     634
     664
     678
     632
     659
     638
     613
     663
     648
     636
     661
     719
     615
     604
     641
     655
     633
     618
     647
     645
     640
     641
     657
     618
     580
     663
     605
     635
     697
     661
     631
     656
     635
     648
     707
     618
     689
     681
     708
     658
     739
     674
     700
     724
     715
     688
     721
     729
     730
     701
     702
     735
     731
     729
     742
     776
     745
     829
     783
     782
     709
     748
     756
     748
     731
     745
     742
     719
     733
     727
     725
     740
     699
     721
     745
     661
     645
     680
     731
     633
     660
     649
     672
     648
     680
     631
     652
     590
     649
     626
     655
     638
     603
     626
     585
     578
     570
     584
     591
     613
     585
     593
     601
     608
     601
     597
     593
     571
     546
     574
     539
     586
     558
     595
     546
     535
     555
     527
     539
     535
     564
     540
     539
     512
     532
     519
     507
     529
     529
     538
     516
     505
     503
     525
     515
     499
     491
     457
     444
     474
     466
     485
     493
     467
     506
     463
     444
     469
     429
     415
     478
     465
     471
     438
     432
     442
     469
     416
     455
     440
     430
     399
     489
     402
     391
     453
     438
     404
     429
     453
     422
     394
     454
     397
     410
     353
     405
     423
     374
     390
     403
     356
     380
     426
     380
     395
     431
     390
     369
     424
     381
     379
     384
     444
     403
     404
     375
     379
     357
     388
     379
     328
     390
     371
     358
     399
     361
     335
     358
     357
     376
     393
     323
     321
     332
     343
     340
     345
     363
     365
     305
     324
     302
     324
     317
     275
     323
     335
     303
     297
     293
     290
     289
     272
     290
     288
     259
     261
     300
     252
     281
     268
     261
     276
     233
     233
     259
     241
     215
     222
     223
     219
     235
     224
     226
     177
     233
     196
     214
     202
     200
     206
     190
     203
     165
     173
     187
     195
     205
     170
     169
     188
     177
     184
     191
     182
     149
     158
     158
     169
     166
     167
     148
     148
     157
     198
     152
     163
     137
     184
     160
     138
     151
     151
     179
     134
     144
     151
     133
     143
     139
     140
     153
     140
     152
     149
     136
     133
     112
     134
     147
     120
     131
     141
     145
     145
     129
     134
     132
     127
     131
     115
     147
     129
     133
     137
     142
     122
     116
     144
     125
     118
     111
     123
     110
     124
     147
     136
     143
     122
     121
     135
     130
     136
     125
     118
     127
     125
     136
     148
     122
     128
     136
     155
     133
     138
     124
     127
     112
     154
     138
     136
     133
     137
     122
     149
     133
     132
     141
     155
     153
     140
     135
     151
     159
     166
     159
     135
     173
     157
     163
     151
     193
     166
     172
     177
     185
     211
     223
     220
     275
     263
     288
     246
     278
     289
     306
     312
     322
     352
     393
     390
     439
     400
     436
     514
     557
     546
     577
     584
     595
     626
     658
     665
     736
     800
     822
     816
     875
     936
     875
     978
    1074
    1058
    1064
    1075
    1097
    1167
    1213
    1231
    1226
    1309
    1330
    1273
    1286
    1387
    1376
    1453
    1369
    1449
    1357
    1431
    1390
    1404
    1407
    1395
    1381
    1308
    1354
    1355
    1300
    1256
    1273
    1259
    1212
    1183
    1115
    1127
    1143
    1034
     976
     947
     939
     844
     909
     795
     800
     750
     709
     658
     587
     574
     577
     504
     478
     419
     416
     401
     355
     335
     334
     273
     273
     233
     205
     227
     210
     215
     178
     148
     150
     156
     115
     113
     124
      91
      88
      98
      88
      80
      91
      83
      72
      80
      77
      74
      54
      53
      60
      68
      52
      52
      45
      55
      41
      46
      53
      44
      63
      59
      45
      56
      63
      45
      55
      50
      61
      55
      52
      63
      53
      47
      50
      52
      62
      48
      68
      61
      51
      63
      48
      56
      50
      48
      50
      51
      54
      55
      55
      50
      50
      51
      45
      46
      51
      52
      45
      45
      48
      48
      45
      54
      52
      50
      55
      57
      42
      52
      52
      53
      53
      43
      51
      51
      40
      51
      59
      41
      56
      39
      45
      60
      50
      45
      37
      40
      57
      61
      58
      46
      46
      46
      40
      37
      53
      50
      54
      44
      52
      48
      46
      43
      35
      50
      45
      48
      52
      50
      41
      48
      39
      56
      36
      45
      52
      40
      52
      47
      52
      56
      41
      37
      56
      36
      47
      40
      42
      41
      40
      52
      50
      38
      48
      58
      45
      48
      49
      45
      55
      36
      47
      42
      44
      50
      48
      31
      51
      52
      41
      33
      42
      52
      53
      44
      39
      33
      42
      40
      40
      48
      39
      41
      50
      35
      50
      54
      43
      68
      51
      50
      43
      55
      56
      44
      56
      40
      41
      48
      40
      49
      56
      38
      47
      48
      46
      41
      43
      44
      44
      62
      41
      47
      51
      43
      54
      49
      43
      39
      57
      59
      44
      49
      62
      41
      46
      50
      47
      53
      51
      42
      49
      47
      43
      47
      47
      54
      40
      49
      56
      51
      52
      42
      48
      41
      47
      47
      56
      38
      51
      40
      52
      57
      48
      46
      47
      48
      42
      49
      37
      55
      49
      47
      48
      53
      53
      50
      45
      36
      42
      40
      57
      47
      44
      67
      48
      36
      50
      49
      45
      34
      48
      57
      51
      33
      45
      41
      55
      43
      50
      60
      52
      47
      55
      52
      40
      55
      47
      46
      44
      44
      50
      55
      41
      53
      53
      40
      43
      46
      39
      47
      48
      37
      56
      31
       2
       0
       0
       0
       0
       0
       0
       0
       0
       0
       0
       0
       0
       0
       0
       0
       0
       0
       0
       0
       0
       0
       0
       0
       0
       0
       0
       0
       0
       0
       0
       0
       0
       0
       0
       0
       0
       0
       0
       0
       0
       0
       0
       0
       0
       0
       0
       0
       0
       0
       0
       0
       0
       0
       0
       0
       0
       0
       0
       0
       0
       0
       0
       0
       0
       0
       0
       0
$ROI:
2
95 97
514 605
$PRESETS:
Real Time
200
0
$ENER_FIT:
-289.438599 1.280702
$MCA_CAL:
3
-2.894386E+002 1.280702E+000 0.000000E+000
$SHAPE_CAL:
3
0.000000E+000 0.000000E+000 0.000000E+000
