$SPEC_ID:
MEASURE 229.
$SPEC_REM:
DET# 1
DETDESC# MCB 25
AP# Maestro Version 6.05
$DATE_MEA:
04/04/2003 03:13:28
$MEAS_TIM:
195 200
$DATA:
0 1023
       0
       0
       0
       0
       0
       0
       0
       0
       0
       0
       0
       0
       0
       0
       0
       0
       0
       0
       0
       0
       0
       0
       0
       0
       0
       0
       0
       0
       0
       0
       0
       0
       0
       0
       0
       0
       0
       0
       0
       0
       0
       0
       0
       0
     160
     269
     283
     288
     253
     306
     300
     291
     281
     308
     295
     295
     294
     283
     271
     306
     285
     297
     316
     275
     323
     314
     260
     313
     320
     314
     323
     307
     349
     344
     351
     324
     346
     341
     350
     351
     341
     373
     355
     340
     395
     361
     396
     361
     395
     343
     387
     409
     392
     417
     423
     442
     412
     402
     434
     458
     503
     443
     445
     495
     480
     460
     499
     463
     531
     514
     511
     518
     488
     532
     539
     534
     513
     527
     580
     519
     557
     586
     551
     512
     533
     536
     576
     578
     569
     621
     620
     639
     627
     595
     635
     601
     574
     670
     656
     638
     622
     612
     648
     602
     637
     649
     670
     635
     614
     622
     620
     628
     654
     635
     658
     654
     643
     684
     669
     667
     687
     630
     664
     701
     648
     655
     636
     667
     669
     643
     697
     668
     636
     673
     638
     630
     666
     671
     680
     642
     632
     631
     648
     640
     652
     641
     667
     621
     639
     635
     678
     664
     659
     602
     658
     691
     704
     676
     719
     711
     700
     682
     720
     713
     706
     690
     726
     669
     738
     674
     721
     720
     800
     734
     714
     744
     787
     748
     750
     807
     733
     755
     762
     767
     722
     721
     723
     769
     783
     782
     744
     747
     676
     726
     662
     750
     692
     734
     717
     678
     676
     673
     682
     668
     656
     690
     691
     638
     623
     600
     661
     667
     624
     627
     593
     586
     638
     608
     581
     574
     591
     633
     555
     580
     565
     633
     594
     582
     573
     624
     593
     558
     561
     588
     562
     590
     535
     538
     548
     538
     548
     570
     509
     518
     565
     500
     531
     529
     541
     499
     515
     545
     528
     516
     476
     524
     479
     519
     497
     473
     493
     476
     496
     457
     468
     489
     439
     470
     403
     438
     455
     418
     451
     431
     449
     445
     444
     467
     483
     380
     426
     418
     448
     418
     405
     383
     452
     416
     419
     429
     432
     474
     411
     424
     459
     378
     387
     396
     415
     408
     387
     451
     404
     459
     396
     405
     403
     374
     402
     398
     381
     386
     371
     385
     342
     381
     351
     390
     394
     390
     364
     347
     382
     374
     371
     386
     363
     334
     349
     344
     362
     315
     365
     337
     364
     357
     329
     383
     346
     347
     332
     362
     333
     311
     320
     298
     311
     300
     330
     279
     321
     303
     326
     308
     260
     258
     270
     274
     268
     257
     246
     256
     248
     246
     213
     254
     245
     249
     243
     219
     236
     238
     200
     185
     229
     226
     201
     182
     241
     206
     205
     199
     176
     180
     194
     205
     183
     207
     207
     169
     176
     175
     171
     181
     176
     159
     173
     182
     149
     187
     174
     176
     187
     166
     161
     159
     160
     133
     150
     150
     147
     152
     170
     155
     147
     152
     139
     137
     138
     156
     153
     151
     130
     145
     161
     129
     154
     137
     132
     129
     165
     121
     123
     129
     154
     162
     141
     145
     132
     123
     133
     136
     145
     133
     144
     142
     127
     141
     127
     121
     139
     146
     128
     118
     121
     124
     131
     140
     140
     123
     127
     130
     132
     110
     123
     123
     149
     138
     122
     145
     146
     124
     112
     147
     139
     114
     120
     129
     117
     123
     127
     134
     143
     129
     137
     142
     151
     141
     146
     151
     146
     136
     162
     145
     143
     146
     142
     161
     193
     194
     166
     196
     189
     210
     197
     205
     219
     215
     237
     269
     246
     251
     254
     271
     296
     327
     322
     343
     389
     391
     400
     394
     445
     490
     531
     533
     607
     591
     559
     664
     640
     678
     751
     778
     835
     805
     859
     874
     981
     946
     945
    1044
    1086
    1103
    1185
    1151
    1203
    1201
    1344
    1220
    1307
    1371
    1349
    1349
    1361
    1316
    1418
    1335
    1409
    1395
    1446
    1411
    1422
    1403
    1394
    1333
    1399
    1333
    1358
    1359
    1249
    1218
    1214
    1173
    1100
    1092
    1039
    1055
    1040
     953
     913
     898
     827
     849
     797
     678
     724
     627
     665
     557
     518
     522
     440
     445
     397
     425
     379
     367
     321
     248
     268
     260
     221
     202
     206
     206
     161
     166
     157
     142
     116
     103
     108
     120
     111
     101
     107
      84
      75
      71
      78
      66
      63
      55
      59
      46
      67
      56
      49
      54
      55
      60
      46
      64
      64
      46
      50
      50
      55
      51
      60
      59
      54
      47
      65
      55
      58
      53
      45
      56
      56
      50
      44
      44
      47
      34
      65
      50
      64
      48
      48
      55
      50
      52
      52
      61
      43
      47
      50
      43
      44
      51
      35
      44
      45
      51
      64
      41
      48
      40
      42
      57
      51
      46
      54
      43
      42
      49
      64
      57
      45
      43
      47
      52
      52
      57
      44
      37
      44
      50
      40
      39
      42
      51
      57
      47
      39
      51
      32
      35
      45
      43
      55
      49
      41
      39
      46
      52
      35
      63
      36
      51
      48
      55
      44
      52
      44
      48
      43
      47
      48
      39
      50
      54
      45
      41
      43
      41
      56
      58
      45
      46
      55
      50
      47
      45
      46
      41
      51
      50
      47
      53
      46
      50
      45
      43
      46
      49
      59
      36
      50
      34
      36
      48
      49
      46
      52
      54
      54
      48
      40
      37
      59
      43
      38
      45
      49
      53
      59
      53
      48
      30
      42
      37
      53
      51
      48
      55
      45
      48
      39
      51
      51
      35
      53
      47
      44
      52
      55
      47
      45
      50
      45
      38
      43
      36
      63
      57
      35
      36
      56
      45
      44
      48
      34
      44
      45
      57
      49
      48
      40
      39
      44
      47
      39
      53
      57
      48
      41
      49
      53
      47
      48
      32
      40
      50
      51
      47
      59
      39
      45
      34
      46
      55
      37
      45
      45
      65
      49
      52
      55
      59
      55
      57
      56
      51
      51
      46
      51
      45
      38
      68
      40
      54
      47
      48
      32
      46
      55
      42
      43
      49
      57
      47
      52
      45
      51
      48
      51
      47
      47
      41
      54
      42
      41
      49
      45
      64
      57
      51
      55
      36
      35
      37
      43
      48
      43
      37
      58
      49
      51
      41
      46
      50
      57
      48
      56
      51
      40
      48
      48
      51
      43
      47
      42
      36
       0
       0
       0
       0
       0
       0
       0
       0
       0
       0
       0
       0
       0
       0
       0
       0
       0
       0
       0
       0
       0
       0
       0
       0
       0
       0
       0
       0
       0
       0
       0
       0
       0
       0
       0
       0
       0
       0
       0
       0
       0
       0
       0
       0
       0
       0
       0
       0
       0
       0
       0
       0
       0
       0
       0
       0
       0
       0
       0
       0
       0
       0
       0
       0
       0
       0
       0
       0
$ROI:
2
95 97
514 605
$PRESETS:
Real Time
200
0
$ENER_FIT:
-289.438599 1.280702
$MCA_CAL:
3
-2.894386E+002 1.280702E+000 0.000000E+000
$SHAPE_CAL:
3
0.000000E+000 0.000000E+000 0.000000E+000
