$SPEC_ID:
MEASURE 500.
$SPEC_REM:
DET# 1
DETDESC# MCB 25
AP# Maestro Version 6.05
$DATE_MEA:
04/05/2003 01:48:28
$MEAS_TIM:
195 200
$DATA:
0 1023
       0
       0
       0
       0
       0
       0
       0
       0
       0
       0
       0
       0
       0
       0
       0
       0
       0
       0
       0
       0
       0
       0
       0
       0
       0
       0
       0
       0
       0
       0
       0
       0
       0
       0
       0
       0
       0
       0
       0
       0
       0
       0
       0
       0
     146
     251
     259
     294
     287
     290
     261
     287
     311
     266
     264
     283
     290
     249
     277
     281
     278
     274
     297
     288
     295
     301
     293
     303
     333
     302
     323
     328
     337
     329
     305
     321
     302
     363
     337
     311
     326
     320
     345
     354
     336
     352
     345
     349
     375
     403
     364
     440
     375
     419
     400
     419
     454
     475
     437
     470
     384
     459
     442
     462
     460
     456
     463
     478
     446
     474
     444
     525
     483
     507
     541
     506
     509
     583
     563
     546
     541
     547
     558
     532
     559
     550
     527
     590
     594
     580
     573
     559
     576
     599
     597
     577
     571
     594
     587
     660
     604
     636
     594
     617
     556
     619
     662
     651
     630
     671
     664
     606
     665
     650
     654
     658
     599
     644
     604
     634
     639
     602
     659
     634
     627
     643
     617
     660
     644
     659
     636
     650
     714
     632
     659
     633
     650
     662
     650
     673
     622
     625
     638
     631
     611
     669
     657
     575
     650
     602
     609
     691
     617
     653
     673
     640
     676
     648
     628
     687
     688
     710
     686
     680
     709
     724
     642
     710
     670
     705
     725
     715
     730
     745
     729
     737
     739
     761
     768
     752
     723
     758
     722
     713
     749
     699
     774
     728
     773
     777
     705
     731
     751
     763
     703
     709
     735
     710
     697
     665
     695
     622
     663
     646
     651
     660
     680
     645
     668
     633
     659
     635
     651
     589
     627
     653
     623
     588
     603
     602
     617
     573
     612
     575
     605
     543
     580
     528
     611
     590
     581
     551
     604
     551
     533
     548
     533
     551
     570
     564
     517
     565
     564
     527
     553
     515
     511
     539
     537
     553
     513
     486
     468
     544
     514
     493
     494
     517
     503
     449
     471
     489
     497
     499
     481
     458
     451
     466
     476
     461
     470
     452
     443
     437
     440
     418
     420
     472
     426
     414
     453
     425
     381
     414
     454
     401
     433
     393
     414
     429
     433
     384
     401
     400
     400
     417
     389
     419
     400
     396
     415
     398
     380
     381
     387
     385
     398
     402
     378
     372
     410
     409
     378
     411
     407
     409
     357
     374
     374
     376
     363
     376
     379
     378
     385
     372
     363
     365
     335
     375
     337
     372
     376
     301
     344
     365
     344
     325
     363
     350
     368
     347
     304
     323
     347
     324
     308
     315
     323
     310
     328
     282
     332
     269
     295
     262
     265
     251
     265
     309
     295
     276
     298
     277
     273
     239
     243
     254
     229
     233
     221
     233
     234
     235
     229
     231
     234
     233
     208
     212
     230
     209
     189
     200
     203
     185
     192
     190
     206
     177
     183
     179
     172
     165
     191
     171
     191
     138
     170
     169
     173
     150
     169
     158
     181
     146
     166
     148
     144
     147
     170
     161
     145
     119
     169
     153
     150
     130
     138
     135
     159
     123
     129
     148
     146
     176
     121
     152
     153
     119
     133
     162
     134
     115
     137
     126
     142
     116
     134
     144
     134
     143
     151
     135
     123
     130
     146
     129
     149
     136
     142
     114
     118
     159
     142
     114
     122
     126
     152
     113
     128
     134
     146
     134
     155
     122
     119
     135
     126
     125
     152
     119
     128
     115
     113
     127
     127
     114
     143
     134
     108
     115
     108
     123
     137
     146
     128
     119
     144
     167
     134
     129
     135
     141
     127
     140
     145
     121
     109
     161
     141
     143
     171
     169
     165
     189
     179
     169
     157
     183
     196
     194
     222
     192
     211
     248
     233
     247
     250
     268
     280
     317
     300
     364
     334
     366
     399
     417
     431
     482
     446
     516
     522
     510
     556
     607
     603
     615
     689
     710
     742
     707
     808
     860
     915
     860
     905
     998
     971
    1023
    1048
    1129
    1139
    1209
    1247
    1186
    1225
    1260
    1278
    1350
    1348
    1353
    1330
    1335
    1408
    1337
    1416
    1445
    1390
    1409
    1345
    1360
    1292
    1298
    1319
    1353
    1324
    1260
    1267
    1214
    1163
    1200
    1080
    1036
    1071
    1050
     940
     945
     927
     840
     800
     781
     775
     704
     670
     587
     581
     580
     520
     532
     466
     472
     426
     375
     389
     309
     309
     270
     263
     238
     238
     225
     180
     199
     147
     146
     136
     148
     121
     102
      95
     103
      98
      90
      84
     101
      75
      77
      83
      61
      71
      63
      64
      68
      57
      56
      67
      64
      51
      54
      49
      56
      59
      50
      46
      59
      60
      54
      54
      54
      57
      40
      47
      59
      53
      53
      43
      52
      51
      40
      51
      55
      52
      43
      49
      39
      48
      51
      50
      45
      39
      48
      55
      33
      51
      43
      66
      49
      53
      61
      43
      43
      46
      53
      54
      50
      42
      61
      42
      64
      45
      48
      53
      36
      42
      53
      52
      33
      44
      41
      53
      39
      47
      39
      43
      47
      51
      51
      49
      57
      52
      45
      46
      44
      34
      32
      47
      56
      48
      53
      61
      52
      44
      43
      46
      49
      50
      41
      45
      45
      54
      33
      45
      50
      45
      41
      54
      48
      45
      47
      40
      46
      50
      34
      52
      48
      44
      31
      47
      46
      56
      47
      45
      61
      42
      46
      40
      51
      43
      43
      47
      47
      52
      49
      41
      44
      48
      50
      43
      52
      35
      53
      51
      52
      46
      52
      47
      50
      42
      42
      36
      39
      40
      37
      47
      45
      49
      45
      43
      46
      59
      40
      57
      40
      52
      58
      50
      44
      53
      36
      43
      38
      42
      52
      41
      47
      55
      60
      55
      33
      49
      40
      36
      57
      52
      34
      52
      39
      43
      50
      46
      40
      44
      48
      39
      48
      40
      36
      45
      54
      51
      46
      56
      43
      47
      42
      36
      43
      46
      39
      43
      48
      45
      46
      40
      42
      63
      44
      44
      39
      47
      61
      54
      50
      46
      50
      48
      38
      35
      44
      38
      37
      46
      44
      42
      53
      52
      45
      63
      54
      44
      56
      54
      50
      38
      50
      54
      42
      45
      46
      36
      46
      50
      46
      37
      46
      49
      38
      59
      43
      58
      53
      51
      48
      55
      54
      50
      42
      53
      45
      48
      48
      41
      32
      51
      33
      52
      47
      52
      46
      54
      54
      44
      43
      55
      41
       2
       0
       0
       0
       0
       0
       0
       0
       0
       0
       0
       0
       0
       0
       0
       0
       0
       0
       0
       0
       0
       0
       0
       0
       0
       0
       0
       0
       0
       0
       0
       0
       0
       0
       0
       0
       0
       0
       0
       0
       0
       0
       0
       0
       0
       0
       0
       0
       0
       0
       0
       0
       0
       0
       0
       0
       0
       0
       0
       0
       0
       0
       0
       0
       0
       0
       0
       0
$ROI:
2
95 97
514 605
$PRESETS:
Real Time
200
0
$ENER_FIT:
-289.438599 1.280702
$MCA_CAL:
3
-2.894386E+002 1.280702E+000 0.000000E+000
$SHAPE_CAL:
3
0.000000E+000 0.000000E+000 0.000000E+000
