$SPEC_ID:
MEASURE 301.
$SPEC_REM:
DET# 1
DETDESC# MCB 25
AP# Maestro Version 6.05
$DATE_MEA:
04/04/2003 09:13:28
$MEAS_TIM:
195 200
$DATA:
0 1023
       0
       0
       0
       0
       0
       0
       0
       0
       0
       0
       0
       0
       0
       0
       0
       0
       0
       0
       0
       0
       0
       0
       0
       0
       0
       0
       0
       0
       0
       0
       0
       0
       0
       0
       0
       0
       0
       0
       0
       0
       0
       0
       0
       0
     159
     282
     287
     255
     267
     257
     282
     284
     292
     269
     286
     302
     302
     284
     286
     315
     343
     273
     315
     299
     315
     286
     320
     287
     316
     300
     334
     325
     326
     290
     328
     299
     323
     320
     325
     309
     325
     359
     373
     359
     398
     364
     386
     392
     381
     416
     428
     437
     388
     445
     408
     395
     440
     415
     431
     460
     451
     471
     467
     489
     489
     511
     446
     495
     500
     480
     534
     528
     530
     542
     522
     548
     538
     524
     535
     548
     550
     564
     531
     574
     518
     524
     585
     540
     569
     568
     559
     591
     569
     610
     603
     612
     602
     587
     593
     623
     607
     626
     594
     609
     655
     650
     659
     619
     692
     593
     599
     626
     620
     661
     658
     636
     632
     647
     664
     630
     653
     658
     618
     590
     659
     694
     656
     624
     605
     641
     662
     633
     655
     656
     660
     656
     618
     685
     663
     674
     690
     650
     640
     652
     653
     658
     637
     640
     683
     664
     711
     668
     635
     663
     636
     646
     658
     681
     651
     673
     640
     715
     675
     657
     714
     732
     757
     684
     711
     669
     748
     717
     707
     749
     775
     719
     750
     735
     751
     759
     784
     785
     754
     765
     796
     734
     792
     739
     752
     733
     750
     821
     703
     714
     679
     697
     688
     672
     712
     688
     654
     707
     694
     688
     632
     672
     643
     624
     645
     622
     635
     606
     634
     605
     601
     583
     621
     639
     621
     612
     578
     599
     607
     561
     556
     582
     607
     563
     582
     605
     619
     541
     552
     564
     518
     561
     570
     542
     516
     554
     526
     503
     544
     548
     578
     518
     510
     492
     512
     520
     504
     521
     492
     511
     500
     472
     473
     488
     436
     461
     500
     493
     472
     456
     501
     435
     469
     461
     447
     472
     447
     433
     465
     417
     478
     462
     415
     427
     446
     483
     446
     448
     456
     428
     399
     432
     391
     447
     437
     424
     457
     434
     424
     406
     412
     445
     419
     402
     411
     381
     427
     402
     389
     402
     407
     390
     390
     433
     380
     386
     386
     368
     420
     379
     371
     360
     387
     394
     382
     398
     379
     401
     374
     367
     376
     362
     372
     369
     403
     351
     345
     341
     328
     345
     339
     346
     354
     337
     335
     329
     337
     330
     320
     315
     309
     329
     341
     318
     325
     314
     340
     272
     296
     276
     294
     283
     259
     275
     245
     256
     269
     254
     254
     237
     238
     252
     250
     206
     240
     240
     240
     200
     241
     226
     202
     222
     206
     186
     181
     198
     248
     223
     186
     180
     179
     183
     203
     187
     191
     191
     185
     195
     192
     191
     167
     185
     149
     158
     165
     171
     161
     177
     169
     161
     163
     157
     142
     145
     168
     154
     140
     155
     174
     147
     145
     169
     153
     152
     136
     162
     159
     149
     168
     133
     155
     153
     145
     157
     122
     150
     155
     136
     124
     150
     141
     148
     133
     151
     128
     147
     139
     127
     146
     141
     140
     133
     139
     129
     126
     156
     151
     140
     130
     142
     135
     138
     131
     137
     123
     132
     138
     157
     122
     124
     125
     121
     114
     128
     130
     135
     120
     139
     150
     139
     114
     135
     122
     115
     129
     137
     115
     144
     140
     120
     118
     158
     136
     130
     130
     147
     135
     117
     144
     161
     124
     160
     159
     144
     157
     152
     188
     180
     191
     179
     168
     213
     223
     205
     216
     211
     213
     246
     238
     257
     283
     304
     297
     304
     339
     334
     366
     375
     424
     417
     446
     485
     455
     534
     571
     602
     580
     626
     671
     725
     779
     747
     806
     793
     833
     923
     929
     935
    1024
    1018
    1041
    1095
    1148
    1229
    1157
    1187
    1268
    1235
    1307
    1278
    1316
    1361
    1355
    1423
    1365
    1426
    1390
    1383
    1382
    1458
    1448
    1394
    1338
    1337
    1357
    1365
    1262
    1287
    1293
    1254
    1283
    1149
    1168
    1150
    1075
    1035
    1024
     989
     896
     901
     861
     807
     780
     759
     716
     669
     615
     608
     537
     494
     530
     455
     444
     411
     400
     350
     317
     291
     284
     261
     229
     222
     199
     177
     180
     163
     172
     144
     118
     135
     101
     115
     111
      85
      83
      86
      81
      78
      92
      63
      62
      61
      83
      59
      75
      65
      53
      56
      72
      63
      52
      58
      50
      59
      41
      50
      54
      52
      59
      67
      41
      45
      50
      59
      46
      58
      42
      46
      60
      54
      56
      43
      32
      58
      41
      57
      58
      55
      50
      52
      51
      44
      58
      51
      33
      44
      38
      48
      48
      47
      55
      47
      48
      53
      49
      59
      46
      56
      47
      44
      40
      40
      49
      50
      59
      40
      45
      60
      49
      48
      55
      50
      54
      55
      40
      55
      49
      50
      46
      40
      38
      48
      57
      45
      44
      54
      45
      42
      51
      58
      54
      53
      55
      37
      44
      37
      54
      53
      49
      47
      44
      49
      53
      54
      40
      50
      58
      42
      52
      56
      50
      34
      50
      51
      49
      55
      57
      45
      38
      57
      46
      48
      49
      34
      33
      40
      45
      52
      41
      45
      46
      43
      36
      52
      44
      43
      45
      39
      53
      48
      45
      38
      40
      49
      52
      52
      51
      48
      44
      35
      60
      41
      51
      43
      42
      36
      42
      43
      43
      50
      37
      45
      66
      57
      43
      52
      46
      45
      40
      51
      47
      42
      44
      51
      44
      38
      46
      42
      63
      49
      49
      52
      41
      36
      36
      48
      49
      48
      49
      51
      59
      46
      52
      47
      48
      51
      51
      45
      38
      42
      43
      46
      48
      42
      38
      52
      44
      42
      52
      48
      47
      56
      46
      40
      54
      44
      43
      45
      55
      44
      44
      54
      43
      53
      40
      47
      48
      47
      49
      49
      46
      44
      54
      47
      55
      40
      46
      44
      48
      67
      45
      41
      53
      54
      50
      37
      46
      51
      53
      30
      61
      51
      41
      52
      53
      48
      46
      48
      53
      50
      50
      49
      48
      47
      52
      41
      51
      48
      45
      45
      53
      58
      63
      55
      41
      58
      38
      37
      44
      41
      62
      51
      48
      46
      44
      42
      54
      47
      52
      51
      54
      38
       1
       0
       0
       0
       0
       0
       0
       0
       0
       0
       0
       0
       0
       0
       0
       0
       0
       0
       0
       0
       0
       0
       0
       0
       0
       0
       0
       0
       0
       0
       0
       0
       0
       0
       0
       0
       0
       0
       0
       0
       0
       0
       0
       0
       0
       0
       0
       0
       0
       0
       0
       0
       0
       0
       0
       0
       0
       0
       0
       0
       0
       0
       0
       0
       0
       0
       0
       0
$ROI:
2
95 97
514 605
$PRESETS:
Real Time
200
0
$ENER_FIT:
-289.438599 1.280702
$MCA_CAL:
3
-2.894386E+002 1.280702E+000 0.000000E+000
$SHAPE_CAL:
3
0.000000E+000 0.000000E+000 0.000000E+000
