$SPEC_ID:
MEASURE 446.
$SPEC_REM:
DET# 1
DETDESC# MCB 25
AP# Maestro Version 6.05
$DATE_MEA:
04/04/2003 21:18:28
$MEAS_TIM:
195 200
$DATA:
0 1023
       0
       0
       0
       0
       0
       0
       0
       0
       0
       0
       0
       0
       0
       0
       0
       0
       0
       0
       0
       0
       0
       0
       0
       0
       0
       0
       0
       0
       0
       0
       0
       0
       0
       0
       0
       0
       0
       0
       0
       0
       0
       0
       0
       0
     129
     288
     296
     287
     271
     308
     305
     272
     280
     280
     296
     283
     305
     320
     316
     279
     291
     284
     296
     280
     291
     308
     311
     314
     292
     320
     305
     293
     312
     329
     325
     327
     349
     354
     301
     349
     338
     347
     324
     365
     350
     358
     355
     370
     427
     385
     406
     389
     401
     439
     450
     422
     453
     433
     452
     461
     431
     428
     452
     450
     482
     438
     463
     490
     483
     484
     512
     508
     486
     506
     520
     521
     499
     511
     496
     531
     555
     569
     591
     551
     524
     530
     594
     540
     591
     597
     557
     566
     548
     594
     598
     559
     607
     575
     571
     608
     643
     616
     581
     621
     670
     642
     604
     594
     656
     617
     615
     630
     620
     647
     640
     637
     604
     604
     639
     662
     645
     647
     625
     650
     679
     641
     621
     662
     627
     651
     662
     676
     611
     625
     673
     626
     648
     640
     631
     669
     633
     658
     617
     628
     639
     622
     665
     655
     664
     639
     652
     613
     618
     702
     673
     608
     638
     676
     682
     689
     693
     679
     642
     693
     645
     702
     710
     676
     706
     710
     699
     715
     716
     699
     721
     714
     707
     742
     770
     712
     713
     757
     704
     779
     786
     711
     748
     725
     744
     729
     683
     727
     676
     715
     745
     715
     723
     678
     717
     695
     709
     662
     636
     607
     667
     676
     692
     634
     619
     615
     611
     644
     594
     565
     585
     576
     618
     592
     617
     606
     603
     564
     604
     573
     526
     571
     593
     589
     534
     535
     562
     545
     623
     559
     541
     580
     552
     513
     567
     536
     561
     531
     546
     536
     539
     579
     555
     557
     475
     541
     583
     503
     499
     509
     474
     509
     479
     506
     495
     487
     460
     484
     433
     484
     451
     477
     482
     440
     468
     504
     470
     477
     435
     456
     445
     416
     449
     425
     458
     439
     410
     442
     452
     478
     411
     384
     438
     390
     441
     425
     435
     408
     399
     393
     406
     433
     415
     391
     407
     396
     399
     429
     418
     389
     417
     395
     371
     378
     388
     404
     373
     376
     372
     356
     367
     366
     389
     405
     360
     393
     350
     377
     383
     372
     357
     361
     384
     388
     349
     373
     349
     321
     334
     345
     385
     358
     356
     347
     341
     369
     354
     354
     392
     339
     344
     323
     319
     320
     302
     316
     315
     304
     294
     333
     313
     277
     296
     287
     277
     285
     258
     261
     273
     293
     254
     289
     260
     293
     218
     256
     234
     220
     239
     221
     225
     211
     203
     219
     222
     223
     200
     201
     206
     208
     193
     205
     192
     199
     226
     190
     173
     191
     197
     181
     173
     200
     179
     177
     178
     162
     175
     182
     159
     157
     169
     179
     142
     166
     166
     173
     178
     169
     138
     148
     150
     164
     139
     138
     151
     166
     146
     142
     139
     157
     154
     160
     127
     147
     147
     154
     142
     148
     150
     133
     135
     130
     148
     133
     117
     148
     147
     116
     109
     129
     136
     143
     137
     132
     135
     147
     151
     138
     109
     117
     137
     144
     140
     128
     115
     118
     128
     146
     132
     116
     140
     116
     159
     132
     116
      99
     122
     103
     132
     131
     132
     151
     137
     129
     146
     140
     134
     155
     126
     118
     136
     141
     137
     169
     140
     135
     130
     142
     142
     151
     150
     144
     133
     141
     152
     148
     164
     170
     158
     153
     157
     165
     155
     170
     190
     187
     196
     213
     210
     216
     211
     236
     287
     270
     292
     272
     268
     312
     366
     361
     398
     366
     434
     443
     449
     475
     505
     561
     587
     575
     600
     647
     638
     741
     742
     712
     813
     881
     869
     905
     924
     960
    1012
    1026
    1041
    1106
    1077
    1204
    1245
    1192
    1273
    1197
    1333
    1340
    1325
    1391
    1294
    1386
    1384
    1339
    1393
    1446
    1427
    1450
    1396
    1409
    1324
    1380
    1252
    1274
    1372
    1332
    1316
    1173
    1237
    1182
    1083
    1116
    1092
    1076
     982
     952
     919
     858
     865
     808
     748
     753
     709
     613
     640
     607
     595
     553
     507
     486
     445
     423
     389
     359
     323
     301
     312
     271
     261
     217
     209
     202
     174
     176
     168
     148
     138
     139
     122
     118
     101
     101
     100
      79
      96
      95
      59
      71
      46
      66
      58
      54
      53
      56
      70
      61
      56
      60
      53
      46
      68
      51
      56
      43
      54
      64
      57
      49
      49
      46
      51
      58
      58
      47
      58
      54
      49
      56
      57
      43
      41
      53
      53
      59
      52
      45
      53
      56
      62
      49
      53
      42
      52
      53
      52
      48
      48
      51
      50
      44
      51
      45
      57
      46
      45
      46
      42
      51
      57
      59
      47
      47
      50
      54
      62
      58
      50
      46
      39
      44
      42
      52
      41
      51
      56
      46
      55
      55
      42
      45
      52
      45
      44
      41
      54
      52
      35
      34
      37
      60
      50
      51
      45
      50
      56
      42
      60
      38
      56
      42
      46
      61
      59
      43
      52
      34
      56
      45
      39
      54
      46
      49
      39
      39
      55
      43
      45
      52
      59
      38
      35
      53
      48
      53
      52
      47
      44
      58
      48
      53
      54
      40
      59
      39
      50
      54
      50
      51
      53
      46
      43
      51
      49
      57
      43
      33
      36
      53
      57
      50
      42
      36
      44
      42
      48
      35
      51
      51
      48
      55
      51
      45
      43
      44
      52
      46
      53
      39
      43
      54
      46
      47
      54
      44
      48
      35
      46
      43
      47
      40
      57
      39
      37
      40
      50
      52
      49
      32
      51
      52
      47
      44
      42
      43
      44
      49
      41
      47
      46
      40
      57
      48
      51
      50
      60
      41
      43
      41
      45
      48
      51
      48
      47
      56
      50
      50
      50
      59
      46
      41
      60
      38
      45
      50
      56
      53
      42
      57
      36
      42
      57
      46
      51
      53
      46
      49
      50
      51
      43
      46
      42
      48
      48
      55
      52
      50
      49
      44
      49
      38
      54
      55
      56
      50
      50
      57
      45
      38
      55
      47
      50
      46
      55
      57
      51
      42
      38
      48
      47
      38
      42
      41
      52
      35
      45
      61
      48
      56
      51
      50
      55
      48
      49
      44
      38
      33
       3
       0
       0
       0
       0
       0
       0
       0
       0
       0
       0
       0
       0
       0
       0
       0
       0
       0
       0
       0
       0
       0
       0
       0
       0
       0
       0
       0
       0
       0
       0
       0
       0
       0
       0
       0
       0
       0
       0
       0
       0
       0
       0
       0
       0
       0
       0
       0
       0
       0
       0
       0
       0
       0
       0
       0
       0
       0
       0
       0
       0
       0
       0
       0
       0
       0
       0
       0
$ROI:
2
95 97
514 605
$PRESETS:
Real Time
200
0
$ENER_FIT:
-289.438599 1.280702
$MCA_CAL:
3
-2.894386E+002 1.280702E+000 0.000000E+000
$SHAPE_CAL:
3
0.000000E+000 0.000000E+000 0.000000E+000
