$SPEC_ID:
MEASURE 368.
$SPEC_REM:
DET# 1
DETDESC# MCB 25
AP# Maestro Version 6.05
$DATE_MEA:
04/04/2003 14:48:28
$MEAS_TIM:
195 200
$DATA:
0 1023
       0
       0
       0
       0
       0
       0
       0
       0
       0
       0
       0
       0
       0
       0
       0
       0
       0
       0
       0
       0
       0
       0
       0
       0
       0
       0
       0
       0
       0
       0
       0
       0
       0
       0
       0
       0
       0
       0
       0
       0
       0
       0
       0
       0
     139
     271
     260
     289
     271
     257
     294
     272
     294
     314
     275
     287
     273
     308
     312
     295
     294
     287
     294
     325
     313
     297
     297
     284
     297
     289
     301
     333
     315
     308
     336
     332
     324
     368
     332
     350
     352
     319
     357
     333
     356
     353
     399
     373
     378
     382
     413
     400
     386
     410
     447
     450
     419
     470
     426
     438
     466
     454
     468
     455
     453
     459
     461
     448
     541
     512
     476
     528
     515
     512
     493
     518
     528
     522
     523
     517
     541
     549
     558
     543
     565
     562
     602
     526
     591
     589
     544
     570
     623
     584
     549
     581
     591
     601
     595
     643
     583
     672
     561
     591
     655
     592
     610
     653
     634
     580
     646
     619
     650
     701
     616
     635
     634
     660
     625
     627
     656
     658
     614
     606
     620
     666
     641
     677
     663
     586
     610
     634
     631
     658
     664
     623
     640
     619
     634
     686
     719
     641
     686
     692
     674
     615
     638
     661
     618
     658
     690
     663
     640
     664
     664
     630
     600
     663
     710
     648
     723
     702
     687
     716
     659
     677
     679
     739
     722
     699
     726
     728
     777
     787
     780
     719
     727
     795
     781
     759
     748
     794
     737
     745
     749
     701
     739
     723
     758
     705
     739
     696
     729
     773
     714
     708
     694
     724
     688
     714
     688
     684
     684
     667
     657
     607
     587
     646
     646
     625
     634
     580
     598
     623
     607
     628
     628
     611
     613
     610
     643
     576
     591
     572
     537
     566
     604
     603
     565
     599
     570
     572
     604
     565
     558
     541
     540
     577
     520
     593
     527
     592
     553
     531
     511
     534
     557
     528
     536
     499
     509
     539
     530
     488
     491
     553
     495
     505
     503
     489
     455
     501
     498
     453
     425
     436
     485
     457
     456
     439
     443
     469
     469
     430
     432
     468
     464
     448
     427
     432
     458
     457
     452
     459
     440
     427
     390
     433
     438
     403
     435
     416
     445
     375
     435
     440
     416
     409
     401
     427
     377
     400
     394
     384
     400
     379
     437
     370
     376
     419
     373
     450
     393
     376
     409
     413
     347
     378
     366
     379
     365
     405
     382
     379
     407
     365
     400
     343
     348
     379
     364
     380
     350
     349
     344
     339
     339
     366
     357
     353
     342
     331
     321
     337
     337
     328
     307
     321
     295
     299
     343
     317
     316
     297
     292
     286
     285
     258
     273
     283
     255
     264
     266
     297
     265
     233
     230
     244
     259
     234
     230
     239
     209
     243
     192
     218
     249
     215
     199
     218
     208
     217
     210
     211
     194
     196
     176
     201
     188
     161
     193
     183
     183
     191
     178
     166
     193
     178
     166
     174
     178
     157
     185
     161
     161
     157
     160
     178
     154
     153
     177
     156
     165
     166
     149
     140
     151
     170
     135
     173
     141
     151
     142
     158
     129
     144
     145
     132
     152
     169
     133
     171
     139
     137
     155
     126
     126
     156
     130
     151
     145
     121
     119
     106
     116
     126
     145
     157
     135
     158
     143
     122
     133
     138
     142
     145
     135
      97
     150
     149
     119
     127
     131
     137
     124
     151
     108
     117
     126
     131
     141
     126
     148
     108
     131
     136
     145
     125
     131
     120
     110
     120
     125
     158
     154
     125
     137
     139
     126
     129
     139
     141
     131
     138
     121
     137
     133
     151
     163
     149
     155
     163
     160
     173
     166
     194
     197
     193
     204
     180
     183
     222
     250
     232
     252
     261
     252
     310
     309
     309
     318
     334
     367
     369
     404
     428
     493
     484
     467
     498
     550
     568
     565
     627
     661
     710
     766
     720
     805
     826
     830
     857
     926
     959
     949
    1031
    1066
    1098
    1157
    1100
    1167
    1287
    1246
    1301
    1297
    1249
    1380
    1309
    1294
    1427
    1306
    1381
    1405
    1447
    1424
    1391
    1433
    1297
    1334
    1394
    1333
    1321
    1220
    1327
    1186
    1300
    1165
    1205
    1152
    1127
    1098
    1024
    1006
     906
     897
     894
     833
     814
     817
     757
     729
     649
     611
     587
     539
     520
     489
     493
     458
     414
     341
     357
     314
     300
     297
     263
     236
     203
     229
     196
     200
     152
     161
     151
     125
     134
     122
     105
      79
      83
      91
      85
      96
      74
      81
      61
      72
      68
      71
      71
      52
      63
      60
      59
      68
      54
      58
      63
      49
      57
      66
      52
      64
      52
      60
      44
      48
      38
      44
      58
      59
      47
      41
      53
      53
      44
      55
      49
      39
      47
      64
      45
      55
      48
      38
      61
      52
      47
      51
      56
      45
      51
      48
      52
      46
      55
      47
      49
      38
      49
      46
      56
      53
      45
      51
      49
      36
      50
      49
      45
      37
      54
      61
      51
      51
      44
      52
      56
      65
      52
      34
      53
      51
      42
      45
      51
      44
      55
      49
      58
      38
      59
      38
      46
      44
      48
      42
      47
      54
      58
      38
      56
      48
      55
      46
      48
      45
      37
      60
      40
      43
      41
      40
      43
      47
      50
      38
      47
      53
      47
      41
      38
      44
      36
      42
      35
      41
      33
      36
      49
      42
      49
      47
      49
      41
      44
      42
      44
      53
      42
      51
      39
      38
      36
      53
      50
      42
      52
      43
      40
      53
      44
      39
      55
      44
      46
      47
      45
      34
      40
      42
      63
      49
      39
      33
      40
      40
      52
      40
      43
      48
      61
      53
      41
      32
      43
      45
      47
      47
      47
      51
      35
      40
      48
      49
      38
      45
      41
      41
      53
      38
      45
      43
      36
      46
      38
      38
      33
      49
      47
      43
      46
      55
      48
      50
      52
      35
      53
      53
      43
      47
      45
      56
      49
      48
      35
      47
      53
      58
      39
      48
      50
      38
      50
      46
      38
      47
      49
      43
      60
      52
      45
      48
      52
      50
      41
      48
      41
      44
      50
      51
      49
      46
      51
      49
      51
      48
      46
      49
      44
      45
      48
      40
      44
      52
      41
      44
      51
      50
      43
      46
      45
      46
      61
      45
      45
      38
      47
      42
      44
      54
      43
      43
      46
      48
      61
      31
      43
      48
      61
      39
      42
      51
      64
      48
      42
      37
      45
      45
      37
      46
      45
      53
      41
      49
      41
       0
       0
       0
       0
       0
       0
       0
       0
       0
       0
       0
       0
       0
       0
       0
       0
       0
       0
       0
       0
       0
       0
       0
       0
       0
       0
       0
       0
       0
       0
       0
       0
       0
       0
       0
       0
       0
       0
       0
       0
       0
       0
       0
       0
       0
       0
       0
       0
       0
       0
       0
       0
       0
       0
       0
       0
       0
       0
       0
       0
       0
       0
       0
       0
       0
       0
       0
       0
$ROI:
2
95 97
514 605
$PRESETS:
Real Time
200
0
$ENER_FIT:
-289.438599 1.280702
$MCA_CAL:
3
-2.894386E+002 1.280702E+000 0.000000E+000
$SHAPE_CAL:
3
0.000000E+000 0.000000E+000 0.000000E+000
