$SPEC_ID:
MEASURE 254.
$SPEC_REM:
DET# 1
DETDESC# MCB 25
AP# Maestro Version 6.05
$DATE_MEA:
04/04/2003 05:18:28
$MEAS_TIM:
195 200
$DATA:
0 1023
       0
       0
       0
       0
       0
       0
       0
       0
       0
       0
       0
       0
       0
       0
       0
       0
       0
       0
       0
       0
       0
       0
       0
       0
       0
       0
       0
       0
       0
       0
       0
       0
       0
       0
       0
       0
       0
       0
       0
       0
       0
       0
       0
       0
     151
     312
     281
     296
     326
     298
     263
     288
     280
     289
     283
     290
     257
     306
     270
     277
     323
     297
     311
     319
     280
     271
     285
     294
     282
     316
     312
     300
     291
     326
     337
     313
     307
     349
     331
     371
     361
     366
     330
     359
     362
     351
     382
     425
     388
     412
     383
     413
     434
     414
     409
     414
     452
     416
     436
     425
     467
     461
     459
     486
     511
     518
     446
     521
     503
     481
     511
     506
     480
     530
     520
     511
     567
     540
     569
     521
     560
     529
     543
     613
     569
     598
     553
     625
     560
     583
     602
     579
     617
     575
     611
     623
     552
     661
     622
     640
     590
     645
     655
     631
     646
     629
     641
     602
     667
     612
     653
     639
     658
     627
     602
     654
     640
     654
     633
     640
     651
     684
     608
     686
     611
     688
     645
     631
     638
     667
     600
     658
     641
     685
     655
     632
     654
     682
     624
     636
     631
     675
     638
     700
     681
     699
     646
     642
     610
     628
     693
     661
     683
     641
     675
     664
     632
     686
     643
     668
     715
     719
     701
     718
     752
     754
     675
     772
     714
     716
     735
     722
     790
     776
     711
     793
     812
     763
     738
     788
     731
     780
     717
     715
     789
     777
     697
     728
     742
     728
     732
     744
     661
     664
     694
     665
     694
     716
     673
     681
     680
     695
     653
     718
     650
     693
     590
     604
     619
     650
     600
     579
     651
     608
     605
     650
     592
     601
     611
     596
     596
     561
     644
     610
     592
     605
     533
     547
     563
     599
     600
     553
     589
     534
     614
     552
     545
     544
     556
     558
     508
     540
     516
     554
     525
     523
     537
     533
     541
     462
     540
     507
     536
     508
     509
     491
     448
     489
     499
     480
     497
     483
     475
     463
     458
     470
     442
     459
     483
     501
     474
     474
     434
     465
     412
     430
     427
     456
     431
     455
     445
     440
     444
     449
     440
     460
     427
     382
     389
     400
     429
     420
     411
     397
     398
     401
     400
     395
     416
     396
     403
     440
     420
     393
     430
     391
     416
     363
     381
     399
     387
     421
     401
     378
     358
     382
     370
     376
     413
     380
     398
     370
     393
     364
     392
     360
     365
     397
     383
     375
     345
     356
     346
     356
     352
     310
     323
     333
     362
     343
     366
     344
     332
     317
     311
     316
     313
     303
     302
     286
     282
     294
     285
     300
     296
     260
     297
     300
     267
     285
     252
     265
     249
     235
     253
     248
     222
     242
     222
     228
     220
     205
     202
     234
     216
     220
     205
     220
     214
     186
     158
     204
     203
     205
     192
     173
     196
     184
     194
     164
     176
     152
     192
     180
     153
     161
     173
     199
     155
     179
     166
     157
     160
     160
     168
     146
     118
     153
     168
     152
     168
     138
     148
     157
     137
     131
     140
     162
     135
     146
     151
     158
     150
     128
     125
     137
     138
     132
     136
     138
     127
     134
     124
     135
     150
     130
     117
     169
     144
     148
     129
     145
     134
     123
     149
     127
     129
     140
     140
     134
     150
     137
     141
     110
     129
     132
     119
     121
     141
     125
     141
     155
     121
     131
     113
     151
     121
     127
     143
     137
     108
     128
     129
     139
     113
     127
     138
     157
     127
     136
     149
     119
     119
     156
     138
     147
     142
     136
     141
     133
     152
     165
     147
     143
     146
     151
     163
     171
     171
     152
     215
     187
     167
     203
     195
     198
     236
     225
     207
     241
     220
     259
     264
     293
     277
     279
     353
     322
     357
     370
     412
     409
     433
     447
     487
     521
     545
     574
     593
     608
     680
     704
     726
     721
     701
     803
     874
     899
     900
     918
     943
    1033
     988
    1048
    1109
    1118
    1216
    1169
    1171
    1211
    1234
    1293
    1290
    1323
    1392
    1356
    1413
    1371
    1453
    1427
    1387
    1356
    1427
    1390
    1463
    1390
    1359
    1338
    1378
    1313
    1268
    1278
    1242
    1218
    1135
    1142
    1128
    1014
    1051
    1084
     958
     941
     919
     827
     864
     782
     670
     688
     625
     607
     618
     536
     509
     471
     481
     413
     418
     373
     351
     339
     307
     279
     266
     226
     237
     193
     177
     168
     167
     151
     151
     133
     115
     110
     110
     107
      97
      84
      86
      78
      74
      67
      73
      63
      58
      62
      50
      68
      63
      44
      47
      63
      50
      52
      68
      54
      57
      47
      50
      57
      52
      52
      49
      52
      42
      48
      56
      51
      47
      46
      39
      55
      45
      54
      52
      56
      43
      43
      48
      56
      56
      50
      45
      60
      53
      48
      48
      46
      58
      41
      66
      53
      48
      50
      54
      57
      46
      65
      63
      53
      51
      52
      63
      48
      45
      49
      58
      46
      49
      52
      25
      51
      57
      51
      52
      44
      62
      64
      54
      53
      38
      48
      47
      53
      33
      55
      40
      62
      39
      45
      43
      46
      51
      53
      50
      51
      51
      51
      39
      54
      46
      51
      31
      37
      53
      44
      51
      55
      37
      50
      45
      36
      56
      49
      47
      33
      54
      60
      54
      44
      46
      53
      56
      37
      48
      52
      50
      55
      47
      41
      50
      45
      39
      52
      43
      59
      44
      46
      51
      50
      37
      47
      50
      47
      49
      44
      49
      47
      49
      54
      47
      52
      53
      42
      44
      53
      47
      36
      58
      38
      41
      45
      52
      47
      46
      51
      38
      48
      45
      39
      42
      47
      53
      57
      51
      45
      45
      40
      42
      47
      48
      49
      37
      45
      58
      60
      53
      42
      43
      53
      51
      56
      48
      43
      43
      44
      41
      46
      44
      38
      41
      41
      34
      45
      52
      57
      37
      42
      49
      45
      60
      65
      48
      53
      43
      43
      41
      42
      53
      47
      34
      48
      42
      44
      51
      42
      48
      46
      52
      51
      50
      58
      44
      54
      46
      48
      49
      41
      50
      51
      63
      44
      63
      46
      42
      53
      58
      47
      60
      45
      51
      45
      40
      52
      61
      47
      35
      53
      47
      48
      32
      52
      54
      50
      51
      46
      56
      45
      50
      46
      54
      65
      41
      50
      48
      37
      50
      45
      51
      41
      49
      66
      49
      54
      59
      46
      43
      38
      48
      49
      51
      54
      51
      60
      50
      31
       4
       0
       0
       0
       0
       0
       0
       0
       0
       0
       0
       0
       0
       0
       0
       0
       0
       0
       0
       0
       0
       0
       0
       0
       0
       0
       0
       0
       0
       0
       0
       0
       0
       0
       0
       0
       0
       0
       0
       0
       0
       0
       0
       0
       0
       0
       0
       0
       0
       0
       0
       0
       0
       0
       0
       0
       0
       0
       0
       0
       0
       0
       0
       0
       0
       0
       0
       0
$ROI:
2
95 97
514 605
$PRESETS:
Real Time
200
0
$ENER_FIT:
-289.438599 1.280702
$MCA_CAL:
3
-2.894386E+002 1.280702E+000 0.000000E+000
$SHAPE_CAL:
3
0.000000E+000 0.000000E+000 0.000000E+000
