$SPEC_ID:
MEASURE 291.
$SPEC_REM:
DET# 1
DETDESC# MCB 25
AP# Maestro Version 6.05
$DATE_MEA:
04/04/2003 08:23:28
$MEAS_TIM:
195 200
$DATA:
0 1023
       0
       0
       0
       0
       0
       0
       0
       0
       0
       0
       0
       0
       0
       0
       0
       0
       0
       0
       0
       0
       0
       0
       0
       0
       0
       0
       0
       0
       0
       0
       0
       0
       0
       0
       0
       0
       0
       0
       0
       0
       0
       0
       0
       0
     115
     270
     284
     275
     292
     272
     283
     276
     296
     293
     296
     306
     304
     322
     290
     298
     315
     322
     338
     312
     306
     342
     291
     325
     304
     300
     294
     299
     277
     328
     307
     317
     305
     306
     373
     350
     330
     344
     327
     331
     354
     359
     400
     401
     381
     408
     405
     386
     419
     391
     418
     418
     447
     454
     434
     459
     471
     488
     495
     458
     450
     500
     506
     428
     488
     503
     510
     465
     506
     544
     510
     553
     491
     522
     536
     530
     567
     556
     558
     595
     525
     552
     577
     557
     601
     591
     630
     575
     636
     595
     590
     612
     579
     607
     591
     597
     631
     597
     642
     657
     604
     635
     677
     654
     615
     626
     643
     658
     622
     661
     630
     634
     614
     695
     624
     651
     672
     658
     644
     635
     667
     678
     614
     680
     629
     643
     624
     596
     692
     641
     650
     648
     655
     643
     696
     593
     659
     627
     580
     634
     616
     597
     659
     594
     645
     687
     627
     662
     688
     676
     653
     627
     716
     665
     619
     758
     659
     682
     669
     663
     718
     695
     707
     721
     708
     711
     758
     745
     751
     752
     752
     751
     734
     769
     723
     750
     748
     695
     726
     746
     749
     746
     699
     746
     753
     727
     717
     737
     703
     737
     743
     698
     700
     688
     680
     651
     629
     666
     647
     662
     642
     651
     673
     651
     648
     633
     632
     637
     653
     636
     587
     601
     570
     637
     608
     589
     650
     596
     619
     609
     605
     556
     601
     581
     573
     568
     565
     581
     556
     535
     521
     534
     574
     585
     569
     543
     576
     558
     499
     522
     534
     488
     552
     556
     511
     522
     513
     501
     529
     510
     487
     499
     511
     505
     479
     462
     474
     507
     488
     468
     480
     511
     445
     485
     479
     472
     475
     460
     465
     458
     487
     452
     445
     424
     481
     433
     429
     421
     411
     389
     413
     428
     395
     416
     414
     416
     445
     435
     422
     407
     402
     417
     403
     408
     390
     423
     399
     416
     417
     404
     408
     395
     404
     379
     410
     362
     382
     392
     383
     386
     374
     386
     388
     355
     393
     372
     374
     397
     391
     398
     362
     353
     362
     354
     388
     318
     349
     348
     389
     386
     368
     384
     356
     322
     334
     346
     328
     312
     335
     341
     336
     341
     286
     320
     334
     323
     303
     280
     278
     278
     298
     300
     264
     289
     285
     272
     248
     249
     240
     240
     257
     228
     263
     200
     221
     233
     230
     223
     207
     199
     215
     201
     191
     214
     224
     191
     206
     211
     226
     193
     188
     186
     197
     174
     193
     179
     182
     158
     178
     165
     176
     176
     159
     182
     170
     157
     153
     160
     158
     176
     161
     171
     179
     132
     183
     138
     159
     157
     167
     148
     129
     156
     112
     135
     160
     140
     145
     135
     149
     153
     149
     145
     166
     148
     130
     139
     147
     147
     149
     123
     146
     152
     139
     149
     160
     152
     140
     138
     135
     114
     125
     115
     133
     127
     130
     126
     126
     119
     145
     139
     133
     137
     137
     160
     126
     136
     117
     121
     141
     147
     140
     128
     125
     123
     126
     138
     135
     111
     144
     136
     122
     112
     107
     114
     141
     124
     112
     139
     121
     157
     133
     140
     153
     144
     143
     138
     152
     153
     144
     159
     148
     153
     165
     166
     185
     147
     180
     179
     168
     161
     184
     186
     184
     227
     207
     214
     235
     256
     272
     265
     285
     289
     295
     306
     345
     357
     394
     386
     406
     405
     455
     464
     483
     518
     605
     557
     615
     628
     658
     681
     756
     776
     805
     796
     874
     904
     948
    1028
     979
    1048
    1056
    1094
    1156
    1221
    1178
    1179
    1224
    1264
    1335
    1308
    1338
    1384
    1350
    1352
    1366
    1384
    1424
    1359
    1406
    1424
    1393
    1355
    1421
    1383
    1343
    1337
    1330
    1262
    1259
    1301
    1230
    1194
    1126
    1116
    1170
    1058
     961
    1004
     886
     856
     830
     804
     724
     694
     690
     637
     616
     556
     547
     519
     478
     463
     362
     398
     367
     361
     325
     303
     293
     241
     223
     212
     186
     190
     199
     167
     151
     147
     134
     127
     114
      92
     130
      96
      76
      91
      77
      84
      58
      62
      65
      72
      57
      61
      62
      72
      48
      43
      54
      46
      60
      52
      56
      53
      51
      58
      46
      54
      55
      49
      49
      51
      52
      44
      45
      37
      51
      57
      55
      44
      50
      59
      58
      46
      53
      32
      51
      53
      65
      52
      47
      49
      58
      41
      40
      44
      45
      51
      55
      58
      47
      48
      55
      53
      55
      47
      32
      45
      52
      54
      38
      55
      55
      49
      49
      53
      40
      59
      59
      57
      44
      38
      45
      55
      36
      48
      51
      43
      36
      51
      67
      48
      39
      44
      57
      36
      44
      48
      45
      51
      46
      41
      44
      39
      44
      44
      46
      58
      39
      39
      49
      59
      47
      47
      54
      50
      30
      53
      41
      45
      56
      51
      45
      38
      48
      50
      53
      46
      41
      46
      37
      50
      56
      44
      49
      42
      47
      44
      51
      49
      37
      35
      49
      40
      38
      45
      54
      49
      46
      53
      43
      36
      52
      37
      50
      45
      45
      47
      42
      38
      56
      40
      57
      54
      35
      48
      44
      48
      42
      41
      46
      43
      52
      39
      43
      37
      54
      40
      40
      46
      43
      53
      51
      42
      54
      48
      57
      48
      34
      40
      49
      47
      64
      48
      56
      38
      39
      45
      47
      46
      42
      44
      48
      37
      45
      61
      46
      43
      36
      46
      32
      48
      57
      43
      42
      42
      51
      56
      52
      55
      36
      37
      54
      38
      52
      52
      58
      47
      43
      48
      44
      63
      62
      58
      58
      47
      52
      48
      47
      56
      41
      37
      47
      42
      55
      59
      43
      60
      38
      40
      58
      45
      50
      43
      44
      41
      53
      40
      45
      58
      58
      45
      63
      49
      45
      55
      47
      55
      51
      45
      56
      50
      55
      43
      59
      53
      39
      49
      39
      45
      49
      46
      39
      30
      36
      54
      60
      54
      48
      34
      57
      50
      50
      42
      48
      40
      48
      43
      48
      56
      44
      31
       2
       0
       0
       0
       0
       0
       0
       0
       0
       0
       0
       0
       0
       0
       0
       0
       0
       0
       0
       0
       0
       0
       0
       0
       0
       0
       0
       0
       0
       0
       0
       0
       0
       0
       0
       0
       0
       0
       0
       0
       0
       0
       0
       0
       0
       0
       0
       0
       0
       0
       0
       0
       0
       0
       0
       0
       0
       0
       0
       0
       0
       0
       0
       0
       0
       0
       0
       0
$ROI:
2
95 97
514 605
$PRESETS:
Real Time
200
0
$ENER_FIT:
-289.438599 1.280702
$MCA_CAL:
3
-2.894386E+002 1.280702E+000 0.000000E+000
$SHAPE_CAL:
3
0.000000E+000 0.000000E+000 0.000000E+000
