$SPEC_ID:
MEASURE 063.
$SPEC_REM:
DET# 1
DETDESC# MCB 25
AP# Maestro Version 6.05
$DATE_MEA:
04/03/2003 13:23:28
$MEAS_TIM:
195 200
$DATA:
0 1023
       0
       0
       0
       0
       0
       0
       0
       0
       0
       0
       0
       0
       0
       0
       0
       0
       0
       0
       0
       0
       0
       0
       0
       0
       0
       0
       0
       0
       0
       0
       0
       0
       0
       0
       0
       0
       0
       0
       0
       0
       0
       0
       0
       0
     154
     243
     283
     280
     257
     325
     293
     277
     283
     311
     296
     300
     299
     307
     309
     329
     322
     289
     293
     313
     308
     305
     333
     354
     325
     337
     328
     354
     355
     326
     353
     333
     342
     358
     346
     355
     332
     388
     395
     405
     341
     378
     375
     436
     353
     398
     462
     409
     464
     415
     463
     462
     425
     460
     460
     470
     506
     503
     553
     503
     471
     479
     493
     546
     513
     494
     489
     549
     558
     587
     536
     555
     588
     545
     540
     579
     570
     579
     558
     587
     563
     601
     538
     611
     595
     619
     626
     651
     576
     679
     637
     658
     590
     600
     626
     601
     639
     657
     631
     666
     647
     640
     672
     671
     664
     654
     599
     674
     692
     700
     675
     673
     602
     684
     638
     665
     666
     643
     662
     671
     663
     624
     667
     679
     645
     676
     690
     637
     628
     658
     645
     654
     690
     669
     630
     669
     667
     648
     681
     677
     659
     639
     691
     676
     722
     734
     637
     715
     641
     680
     692
     677
     693
     679
     667
     712
     715
     729
     708
     709
     728
     702
     771
     773
     801
     765
     759
     756
     738
     788
     742
     788
     782
     771
     805
     745
     753
     766
     734
     791
     743
     710
     764
     761
     671
     710
     702
     711
     717
     720
     693
     695
     699
     715
     620
     641
     714
     642
     686
     637
     639
     687
     631
     656
     608
     616
     620
     578
     597
     625
     629
     634
     630
     671
     574
     592
     627
     632
     621
     633
     593
     577
     591
     570
     568
     546
     541
     584
     545
     559
     552
     586
     533
     531
     557
     528
     534
     510
     547
     532
     556
     548
     560
     505
     493
     489
     495
     517
     495
     490
     524
     438
     503
     459
     465
     496
     494
     445
     480
     452
     476
     452
     462
     442
     456
     437
     443
     477
     469
     438
     432
     453
     434
     416
     435
     454
     497
     438
     450
     441
     406
     407
     416
     445
     413
     419
     407
     404
     436
     440
     348
     398
     435
     420
     401
     423
     420
     393
     410
     401
     387
     391
     370
     415
     375
     411
     390
     381
     425
     335
     408
     358
     409
     365
     393
     372
     355
     351
     395
     351
     364
     361
     357
     326
     330
     325
     369
     365
     345
     369
     320
     349
     332
     315
     320
     320
     341
     332
     295
     318
     307
     282
     325
     286
     278
     260
     274
     275
     268
     236
     280
     239
     270
     264
     226
     256
     225
     243
     250
     221
     242
     231
     209
     219
     204
     192
     220
     179
     211
     208
     216
     197
     183
     182
     200
     202
     197
     223
     191
     166
     204
     163
     169
     175
     157
     184
     130
     206
     162
     140
     171
     167
     150
     160
     168
     165
     157
     161
     139
     153
     136
     199
     148
     142
     155
     145
     132
     167
     173
     144
     150
     156
     156
     123
     142
     147
     143
     137
     137
     147
     130
     149
     116
     146
     136
     165
     157
     129
     121
     109
     109
     141
     143
     137
     134
     149
     127
     134
     149
     137
     143
     132
     144
     119
     126
     129
     137
     139
     105
     150
     129
     129
     132
     152
     126
     115
     138
     126
     142
     137
     130
     135
     140
     143
     136
     127
     139
     121
     134
     139
     155
     127
     122
     146
     158
     137
     139
     153
     135
     157
     149
     149
     187
     161
     145
     178
     170
     177
     186
     186
     193
     197
     229
     214
     193
     212
     222
     258
     258
     286
     271
     293
     314
     356
     322
     398
     393
     381
     392
     438
     488
     494
     512
     568
     569
     569
     644
     708
     700
     719
     746
     813
     819
     916
     971
     878
     974
    1012
    1019
    1091
    1154
    1139
    1169
    1205
    1191
    1332
    1259
    1273
    1386
    1332
    1408
    1421
    1313
    1396
    1430
    1428
    1502
    1479
    1502
    1453
    1402
    1432
    1404
    1369
    1295
    1315
    1263
    1252
    1265
    1249
    1150
    1163
    1116
    1055
    1041
    1036
     930
     841
     847
     844
     794
     739
     735
     667
     659
     578
     564
     564
     486
     455
     412
     395
     349
     348
     295
     292
     281
     235
     266
     205
     202
     165
     153
     177
     169
     153
     131
     116
     123
     107
     100
      82
      95
      72
      72
      75
      72
      67
      64
      61
      65
      57
      66
      53
      55
      55
      57
      50
      73
      51
      55
      66
      58
      61
      56
      50
      66
      49
      49
      45
      58
      58
      43
      35
      52
      48
      51
      46
      49
      66
      53
      57
      44
      35
      64
      53
      40
      45
      50
      39
      62
      33
      61
      51
      54
      44
      52
      54
      46
      54
      60
      52
      56
      60
      53
      45
      45
      57
      46
      44
      41
      43
      42
      43
      42
      50
      49
      67
      56
      49
      52
      51
      45
      46
      43
      55
      35
      57
      42
      52
      49
      55
      57
      37
      45
      52
      36
      42
      39
      42
      50
      50
      49
      37
      41
      43
      53
      53
      51
      45
      55
      45
      47
      54
      51
      47
      49
      52
      51
      47
      48
      52
      44
      55
      48
      45
      58
      50
      41
      60
      52
      51
      53
      37
      45
      40
      38
      41
      47
      43
      54
      38
      44
      47
      47
      37
      39
      31
      49
      53
      55
      51
      48
      47
      43
      50
      64
      38
      49
      45
      59
      48
      47
      54
      40
      47
      48
      37
      49
      50
      39
      52
      49
      53
      49
      45
      43
      54
      62
      53
      47
      43
      50
      53
      45
      39
      48
      54
      45
      57
      46
      43
      43
      49
      46
      48
      57
      51
      54
      47
      60
      44
      54
      54
      63
      50
      30
      63
      47
      33
      51
      58
      42
      46
      42
      56
      47
      43
      44
      55
      41
      60
      60
      39
      42
      42
      65
      64
      49
      59
      40
      55
      42
      47
      45
      42
      44
      53
      52
      51
      52
      37
      53
      49
      42
      44
      46
      67
      39
      46
      52
      46
      53
      56
      63
      59
      50
      38
      45
      50
      34
      48
      55
      43
      55
      51
      48
      39
      53
      53
      42
      53
      52
      37
      46
      52
      45
      65
      37
      48
      38
      59
      43
      47
      44
      49
      51
      48
      52
      47
      39
      50
      55
      54
      52
      46
      58
      58
      44
      48
      60
      52
      54
      52
      50
      55
      48
      45
      47
      59
      41
      37
       3
       0
       0
       0
       0
       0
       0
       0
       0
       0
       0
       0
       0
       0
       0
       0
       0
       0
       0
       0
       0
       0
       0
       0
       0
       0
       0
       0
       0
       0
       0
       0
       0
       0
       0
       0
       0
       0
       0
       0
       0
       0
       0
       0
       0
       0
       0
       0
       0
       0
       0
       0
       0
       0
       0
       0
       0
       0
       0
       0
       0
       0
       0
       0
       0
       0
       0
       0
$ROI:
2
95 97
514 605
$PRESETS:
Real Time
200
0
$ENER_FIT:
-289.438599 1.280702
$MCA_CAL:
3
-2.894386E+002 1.280702E+000 0.000000E+000
$SHAPE_CAL:
3
0.000000E+000 0.000000E+000 0.000000E+000
