$SPEC_ID:
MEASURE 426.
$SPEC_REM:
DET# 1
DETDESC# MCB 25
AP# Maestro Version 6.05
$DATE_MEA:
04/04/2003 19:38:28
$MEAS_TIM:
195 200
$DATA:
0 1023
       0
       0
       0
       0
       0
       0
       0
       0
       0
       0
       0
       0
       0
       0
       0
       0
       0
       0
       0
       0
       0
       0
       0
       0
       0
       0
       0
       0
       0
       0
       0
       0
       0
       0
       0
       0
       0
       0
       0
       0
       0
       0
       0
       0
     135
     281
     265
     305
     294
     252
     306
     288
     291
     298
     257
     277
     286
     292
     279
     274
     307
     286
     281
     281
     301
     286
     283
     296
     305
     297
     287
     271
     319
     334
     347
     324
     297
     308
     386
     358
     333
     353
     347
     353
     339
     322
     371
     373
     362
     382
     446
     409
     404
     413
     429
     419
     447
     428
     426
     457
     445
     454
     489
     451
     453
     465
     498
     476
     438
     468
     485
     495
     498
     488
     503
     518
     517
     561
     532
     559
     499
     533
     564
     526
     576
     546
     559
     536
     582
     601
     594
     578
     607
     598
     579
     554
     607
     621
     611
     625
     613
     583
     562
     650
     596
     628
     659
     633
     644
     630
     631
     601
     633
     635
     675
     681
     663
     658
     616
     671
     626
     666
     638
     635
     642
     690
     640
     610
     647
     680
     632
     602
     653
     633
     647
     642
     666
     647
     667
     648
     661
     587
     613
     627
     641
     622
     639
     644
     662
     688
     633
     649
     662
     644
     696
     648
     698
     664
     693
     647
     677
     667
     709
     708
     747
     717
     683
     704
     735
     767
     707
     767
     721
     761
     730
     779
     740
     747
     741
     770
     756
     724
     704
     752
     696
     784
     763
     696
     766
     776
     700
     705
     758
     676
     707
     694
     700
     688
     734
     697
     686
     669
     640
     746
     669
     640
     691
     674
     637
     653
     623
     630
     632
     625
     652
     565
     622
     595
     620
     601
     619
     588
     596
     598
     584
     558
     574
     596
     572
     616
     571
     588
     564
     530
     588
     546
     549
     535
     502
     561
     525
     524
     503
     539
     471
     558
     467
     530
     529
     468
     532
     526
     489
     521
     544
     512
     506
     497
     454
     452
     503
     493
     519
     445
     474
     492
     499
     485
     463
     480
     444
     428
     429
     425
     445
     404
     448
     459
     429
     435
     424
     414
     427
     410
     439
     401
     466
     440
     398
     434
     429
     449
     400
     395
     383
     417
     415
     419
     408
     394
     421
     419
     404
     405
     383
     390
     411
     434
     378
     426
     424
     391
     337
     399
     392
     404
     406
     334
     400
     387
     385
     383
     392
     347
     342
     400
     383
     329
     360
     355
     386
     343
     367
     344
     345
     365
     334
     364
     348
     373
     361
     311
     313
     350
     331
     331
     343
     304
     297
     312
     271
     295
     315
     277
     291
     291
     271
     278
     278
     292
     245
     255
     270
     262
     242
     266
     231
     246
     248
     238
     235
     217
     225
     246
     198
     232
     202
     223
     215
     194
     210
     212
     199
     220
     197
     169
     188
     201
     173
     188
     169
     161
     174
     165
     176
     167
     176
     191
     173
     165
     166
     166
     161
     167
     166
     151
     165
     163
     150
     137
     154
     144
     150
     150
     162
     173
     141
     162
     157
     165
     155
     146
     132
     138
     135
     138
     154
     134
     147
     149
     140
     170
     147
     137
     117
     137
     133
     147
     160
     141
     125
     139
     133
     141
     158
     134
     139
     128
     125
     115
     139
     144
     144
     133
     144
     138
     119
     120
     146
     131
     138
     137
     116
     125
     147
     113
     126
     103
     114
     135
     120
     112
     107
     122
     134
     125
     114
     119
     128
     137
     121
     122
     141
     126
     127
     110
     123
     124
     139
     130
     152
     120
     128
     144
     127
     167
     138
     147
     161
     173
     148
     170
     172
     178
     184
     151
     201
     193
     182
     207
     201
     253
     226
     244
     226
     221
     271
     283
     298
     315
     348
     298
     362
     340
     397
     391
     388
     417
     458
     481
     499
     532
     608
     581
     577
     660
     705
     677
     729
     798
     830
     814
     846
     917
     993
     973
    1027
    1029
    1050
    1128
    1148
    1117
    1133
    1178
    1274
    1325
    1329
    1314
    1305
    1361
    1382
    1427
    1450
    1392
    1462
    1416
    1363
    1369
    1396
    1359
    1347
    1415
    1327
    1336
    1311
    1281
    1263
    1205
    1166
    1193
    1087
    1116
    1054
    1007
     978
     925
     930
     829
     827
     828
     771
     719
     705
     606
     591
     561
     568
     505
     468
     416
     371
     408
     352
     336
     311
     309
     239
     252
     252
     198
     202
     204
     173
     153
     115
     137
     131
     137
      96
      81
      90
      84
      81
      76
      95
      87
      82
      73
      76
      59
      58
      58
      63
      62
      59
      51
      62
      48
      50
      63
      65
      66
      58
      49
      50
      58
      59
      58
      57
      64
      52
      54
      68
      47
      45
      46
      43
      55
      49
      51
      47
      60
      52
      57
      57
      51
      49
      47
      50
      51
      56
      36
      41
      48
      57
      51
      58
      59
      55
      53
      52
      60
      51
      56
      50
      52
      64
      47
      48
      44
      41
      38
      39
      43
      46
      47
      51
      44
      49
      56
      55
      65
      42
      59
      56
      42
      52
      36
      38
      49
      46
      47
      59
      51
      42
      37
      42
      57
      34
      36
      38
      40
      51
      45
      42
      37
      45
      45
      42
      42
      41
      55
      46
      43
      50
      43
      44
      42
      51
      43
      41
      50
      49
      48
      51
      41
      48
      44
      40
      47
      55
      40
      50
      51
      50
      52
      51
      43
      39
      49
      48
      37
      47
      43
      47
      49
      44
      46
      48
      55
      55
      47
      51
      34
      49
      48
      48
      45
      49
      38
      40
      45
      44
      56
      46
      41
      46
      42
      41
      44
      37
      45
      47
      41
      54
      48
      48
      49
      44
      46
      49
      44
      43
      46
      39
      41
      40
      48
      62
      42
      59
      42
      46
      49
      36
      49
      52
      53
      56
      34
      41
      39
      48
      38
      41
      44
      49
      44
      37
      42
      38
      44
      53
      49
      50
      34
      48
      41
      44
      54
      48
      45
      62
      38
      52
      49
      45
      48
      51
      56
      43
      45
      57
      36
      47
      57
      43
      54
      49
      48
      58
      48
      33
      48
      53
      37
      51
      50
      50
      56
      54
      44
      44
      51
      56
      59
      45
      34
      52
      43
      56
      46
      48
      50
      43
      62
      62
      52
      54
      44
      34
      53
      42
      45
      40
      29
      41
      63
      50
      39
      48
      55
      45
      47
      50
      61
      45
      38
      48
      51
      50
      42
      57
      40
      37
      37
       1
       0
       0
       0
       0
       0
       0
       0
       0
       0
       0
       0
       0
       0
       0
       0
       0
       0
       0
       0
       0
       0
       0
       0
       0
       0
       0
       0
       0
       0
       0
       0
       0
       0
       0
       0
       0
       0
       0
       0
       0
       0
       0
       0
       0
       0
       0
       0
       0
       0
       0
       0
       0
       0
       0
       0
       0
       0
       0
       0
       0
       0
       0
       0
       0
       0
       0
       0
$ROI:
2
95 97
514 605
$PRESETS:
Real Time
200
0
$ENER_FIT:
-289.438599 1.280702
$MCA_CAL:
3
-2.894386E+002 1.280702E+000 0.000000E+000
$SHAPE_CAL:
3
0.000000E+000 0.000000E+000 0.000000E+000
