$SPEC_ID:
MEASURE 021.
$SPEC_REM:
DET# 1
DETDESC# MCB 25
AP# Maestro Version 6.05
$DATE_MEA:
04/03/2003 09:53:28
$MEAS_TIM:
195 200
$DATA:
0 1023
       0
       0
       0
       0
       0
       0
       0
       0
       0
       0
       0
       0
       0
       0
       0
       0
       0
       0
       0
       0
       0
       0
       0
       0
       0
       0
       0
       0
       0
       0
       0
       0
       0
       0
       0
       0
       0
       0
       0
       0
       0
       0
       0
       0
     148
     294
     304
     292
     272
     281
     261
     314
     277
     262
     252
     284
     313
     312
     315
     320
     291
     317
     336
     317
     314
     351
     284
     317
     304
     334
     322
     302
     307
     351
     331
     341
     345
     338
     365
     346
     358
     355
     373
     397
     403
     396
     377
     429
     432
     405
     449
     420
     479
     446
     440
     467
     469
     464
     444
     442
     494
     481
     536
     489
     464
     535
     482
     495
     540
     500
     526
     524
     562
     548
     554
     505
     512
     567
     518
     557
     594
     583
     536
     615
     550
     566
     611
     620
     637
     609
     616
     618
     604
     605
     582
     632
     616
     580
     625
     667
     691
     640
     646
     640
     666
     619
     624
     685
     666
     647
     688
     645
     708
     621
     664
     624
     711
     689
     664
     700
     715
     665
     701
     722
     666
     685
     657
     687
     658
     689
     627
     676
     711
     658
     627
     685
     709
     654
     705
     648
     665
     648
     695
     661
     681
     674
     679
     713
     652
     641
     705
     656
     691
     691
     653
     688
     720
     717
     718
     723
     707
     687
     688
     706
     726
     787
     770
     760
     754
     762
     759
     790
     744
     775
     792
     756
     764
     759
     800
     763
     745
     774
     776
     745
     771
     713
     724
     696
     711
     677
     715
     722
     713
     657
     744
     689
     694
     674
     659
     675
     649
     631
     691
     681
     635
     687
     686
     622
     576
     613
     598
     636
     615
     596
     615
     594
     613
     626
     593
     567
     584
     580
     599
     602
     577
     589
     608
     570
     578
     572
     530
     538
     544
     516
     517
     538
     550
     532
     525
     542
     515
     588
     521
     527
     545
     544
     520
     534
     532
     528
     521
     488
     503
     507
     437
     505
     457
     481
     457
     481
     445
     496
     463
     464
     449
     415
     424
     449
     466
     443
     455
     445
     448
     466
     429
     468
     459
     411
     378
     425
     441
     459
     459
     428
     382
     369
     480
     432
     388
     456
     424
     395
     394
     391
     434
     446
     379
     431
     394
     449
     409
     366
     389
     370
     352
     408
     387
     412
     402
     355
     381
     357
     371
     393
     346
     387
     370
     365
     379
     366
     373
     365
     382
     369
     365
     364
     365
     350
     350
     341
     383
     346
     341
     338
     338
     325
     347
     322
     303
     297
     339
     314
     292
     295
     309
     294
     299
     282
     305
     268
     256
     273
     268
     232
     246
     247
     256
     240
     238
     259
     230
     235
     239
     204
     210
     231
     185
     184
     193
     199
     192
     182
     170
     196
     214
     180
     162
     157
     183
     190
     154
     202
     203
     186
     200
     164
     146
     161
     183
     168
     206
     179
     193
     168
     171
     148
     167
     153
     172
     161
     152
     136
     167
     157
     149
     118
     174
     162
     155
     142
     151
     154
     154
     143
     159
     138
     172
     146
     149
     132
     138
     122
     114
     135
     129
     140
     142
     150
     133
     142
     161
     129
     139
     144
     136
     133
     132
     157
     103
     123
     123
     139
     126
     119
     130
     136
     132
     161
     144
     141
     144
     142
     120
     144
     147
     127
     139
     145
     142
     150
     152
     138
     140
     128
     150
     130
     127
     142
     129
     160
     143
     142
     121
     116
     154
     127
     130
     158
     160
     176
     143
     157
     186
     172
     164
     181
     182
     176
     171
     197
     184
     208
     207
     198
     236
     236
     263
     270
     261
     285
     325
     314
     328
     327
     351
     384
     413
     433
     435
     456
     481
     500
     543
     585
     578
     639
     633
     710
     706
     780
     799
     844
     878
     941
     990
     909
    1009
    1097
    1117
    1130
    1108
    1179
    1242
    1227
    1251
    1356
    1314
    1366
    1339
    1315
    1428
    1369
    1474
    1513
    1424
    1429
    1461
    1472
    1483
    1409
    1420
    1338
    1469
    1336
    1385
    1316
    1276
    1265
    1220
    1170
    1130
    1185
    1160
    1081
    1004
     962
     978
     898
     797
     852
     775
     734
     676
     647
     588
     610
     580
     489
     453
     460
     401
     380
     322
     320
     304
     276
     263
     245
     209
     196
     198
     177
     182
     139
     143
     122
     126
     125
      96
     118
     110
     103
      94
      61
      92
      75
      82
      74
      71
      87
      57
      53
      61
      83
      56
      55
      51
      62
      48
      55
      60
      52
      63
      55
      49
      56
      53
      41
      52
      62
      57
      47
      36
      45
      50
      52
      48
      64
      64
      48
      49
      62
      47
      53
      59
      55
      51
      63
      43
      47
      49
      46
      67
      61
      52
      61
      52
      46
      44
      48
      47
      53
      40
      44
      45
      42
      43
      50
      36
      56
      62
      68
      44
      38
      46
      52
      61
      43
      59
      52
      45
      41
      52
      44
      39
      56
      49
      57
      45
      41
      32
      47
      31
      46
      52
      51
      42
      55
      47
      45
      58
      50
      43
      52
      53
      52
      36
      49
      50
      52
      46
      40
      44
      53
      40
      58
      47
      51
      44
      46
      57
      42
      47
      46
      50
      44
      45
      45
      37
      44
      52
      52
      38
      49
      41
      56
      46
      51
      44
      48
      38
      59
      48
      47
      53
      46
      44
      48
      42
      53
      56
      56
      33
      47
      56
      55
      47
      44
      53
      52
      49
      46
      39
      44
      39
      54
      58
      51
      51
      50
      41
      48
      36
      59
      40
      52
      45
      55
      51
      44
      46
      42
      51
      56
      43
      52
      49
      52
      41
      54
      40
      40
      47
      40
      44
      44
      49
      58
      40
      51
      39
      40
      49
      40
      48
      39
      50
      57
      48
      59
      51
      52
      41
      49
      52
      41
      55
      63
      46
      47
      59
      40
      48
      52
      57
      49
      57
      46
      42
      51
      54
      50
      49
      52
      56
      41
      48
      54
      57
      51
      51
      39
      47
      56
      41
      45
      47
      52
      66
      47
      41
      46
      47
      74
      38
      55
      44
      48
      54
      46
      56
      53
      53
      50
      49
      52
      44
      52
      56
      45
      42
      55
      45
      44
      52
      52
      40
      52
      55
      50
      61
      53
      50
      38
      59
      45
      46
      40
      43
      50
      45
      50
      45
      50
      43
      59
      66
      47
      50
      48
      47
      50
      57
      60
      43
      46
      41
      57
      51
      43
      57
      55
      56
      51
      48
      32
       2
       0
       0
       0
       0
       0
       0
       0
       0
       0
       0
       0
       0
       0
       0
       0
       0
       0
       0
       0
       0
       0
       0
       0
       0
       0
       0
       0
       0
       0
       0
       0
       0
       0
       0
       0
       0
       0
       0
       0
       0
       0
       0
       0
       0
       0
       0
       0
       0
       0
       0
       0
       0
       0
       0
       0
       0
       0
       0
       0
       0
       0
       0
       0
       0
       0
       0
       0
$ROI:
2
95 97
514 605
$PRESETS:
Real Time
200
0
$ENER_FIT:
-289.438599 1.280702
$MCA_CAL:
3
-2.894386E+002 1.280702E+000 0.000000E+000
$SHAPE_CAL:
3
0.000000E+000 0.000000E+000 0.000000E+000
