$SPEC_ID:
MEASURE 522.
$SPEC_REM:
DET# 1
DETDESC# MCB 25
AP# Maestro Version 6.05
$DATE_MEA:
04/05/2003 03:38:28
$MEAS_TIM:
195 200
$DATA:
0 1023
       0
       0
       0
       0
       0
       0
       0
       0
       0
       0
       0
       0
       0
       0
       0
       0
       0
       0
       0
       0
       0
       0
       0
       0
       0
       0
       0
       0
       0
       0
       0
       0
       0
       0
       0
       0
       0
       0
       0
       0
       0
       0
       0
       0
     131
     266
     255
     295
     275
     273
     282
     277
     306
     270
     282
     291
     299
     272
     297
     308
     308
     320
     281
     304
     277
     299
     299
     326
     302
     310
     318
     339
     294
     316
     333
     346
     328
     347
     333
     338
     361
     345
     398
     374
     393
     389
     370
     353
     401
     388
     408
     432
     454
     397
     411
     444
     455
     429
     457
     409
     445
     482
     516
     468
     489
     490
     476
     502
     526
     507
     548
     521
     543
     509
     549
     572
     545
     571
     545
     578
     507
     543
     543
     546
     587
     559
     560
     556
     562
     569
     600
     578
     602
     602
     639
     615
     620
     603
     624
     608
     616
     624
     659
     619
     609
     677
     643
     664
     655
     624
     656
     696
     662
     669
     631
     663
     615
     598
     633
     649
     668
     665
     632
     627
     609
     716
     663
     657
     656
     651
     610
     693
     629
     694
     618
     638
     654
     675
     598
     703
     658
     627
     701
     626
     660
     659
     673
     648
     638
     616
     651
     628
     677
     685
     651
     679
     696
     685
     710
     712
     693
     712
     686
     695
     675
     718
     706
     724
     742
     742
     729
     739
     745
     742
     754
     767
     755
     744
     829
     754
     763
     793
     749
     748
     718
     762
     773
     756
     765
     760
     740
     708
     726
     718
     754
     699
     704
     704
     738
     750
     674
     719
     704
     620
     637
     672
     641
     637
     626
     607
     629
     637
     611
     595
     636
     615
     620
     596
     587
     607
     605
     624
     597
     569
     618
     596
     564
     600
     599
     576
     579
     609
     569
     508
     558
     512
     529
     528
     557
     549
     549
     527
     503
     534
     531
     533
     525
     529
     576
     510
     527
     485
     479
     498
     510
     514
     478
     532
     515
     526
     462
     494
     495
     476
     478
     466
     450
     472
     434
     445
     443
     436
     409
     439
     420
     450
     442
     442
     434
     408
     447
     396
     414
     441
     430
     405
     458
     404
     435
     422
     411
     378
     413
     459
     428
     361
     429
     383
     368
     383
     385
     432
     428
     388
     424
     407
     407
     382
     375
     370
     384
     385
     368
     393
     444
     401
     373
     368
     384
     354
     376
     364
     370
     401
     358
     352
     357
     381
     355
     350
     330
     367
     370
     361
     329
     340
     352
     352
     349
     330
     329
     320
     331
     305
     342
     323
     302
     298
     317
     312
     304
     278
     311
     287
     283
     288
     266
     271
     273
     280
     268
     266
     284
     254
     238
     257
     252
     231
     271
     254
     221
     242
     201
     229
     212
     215
     215
     198
     215
     240
     194
     193
     195
     188
     184
     194
     189
     194
     169
     160
     183
     188
     189
     203
     170
     195
     159
     176
     166
     168
     181
     159
     170
     150
     159
     157
     182
     159
     141
     148
     172
     160
     167
     150
     148
     145
     167
     144
     152
     142
     151
     155
     129
     152
     149
     138
     141
     145
     144
     147
     134
     131
     148
     129
     146
     146
     147
     137
     123
     156
     152
     142
     128
     119
     136
     131
     121
     134
     128
     137
     147
     134
     126
     136
     130
     135
     120
     129
     135
     112
     112
     128
     126
     133
     143
     124
     112
     118
     115
     132
     137
     131
     127
     120
     114
     131
     120
     113
     133
     132
     115
     121
     127
     109
     148
     126
     128
     114
     145
     145
     138
     127
     128
     132
     132
     127
     141
     134
     121
     152
     155
     161
     153
     163
     160
     164
     163
     159
     177
     188
     187
     176
     177
     209
     225
     250
     227
     279
     289
     271
     302
     289
     307
     319
     332
     358
     397
     420
     458
     459
     417
     501
     502
     554
     495
     578
     622
     641
     651
     684
     722
     784
     782
     807
     884
     888
     927
    1029
    1015
    1028
    1085
    1039
    1142
    1155
    1206
    1223
    1230
    1260
    1357
    1340
    1367
    1359
    1355
    1390
    1437
    1321
    1408
    1358
    1364
    1381
    1358
    1443
    1330
    1347
    1217
    1301
    1247
    1279
    1164
    1177
    1187
    1128
    1196
    1089
    1088
    1076
     929
     903
     905
     819
     855
     734
     768
     742
     659
     620
     635
     554
     554
     527
     473
     458
     413
     397
     414
     340
     326
     303
     278
     299
     226
     218
     188
     192
     156
     157
     136
     144
     115
     118
      93
      99
      93
     110
      86
      81
      83
      79
      74
      75
      70
      66
      72
      45
      53
      65
      54
      67
      71
      50
      51
      54
      44
      39
      52
      46
      44
      44
      42
      41
      53
      56
      44
      46
      51
      46
      54
      59
      58
      52
      45
      52
      37
      56
      50
      52
      43
      65
      46
      58
      41
      50
      39
      51
      43
      52
      49
      46
      43
      43
      40
      52
      57
      46
      40
      53
      67
      54
      47
      65
      48
      42
      47
      49
      46
      50
      50
      51
      40
      48
      49
      57
      43
      46
      49
      45
      44
      38
      54
      46
      50
      43
      48
      57
      41
      43
      63
      48
      50
      43
      42
      41
      40
      38
      44
      49
      52
      44
      48
      58
      36
      52
      49
      40
      49
      51
      36
      41
      66
      33
      43
      47
      49
      41
      45
      48
      50
      52
      57
      37
      40
      47
      49
      39
      38
      45
      39
      37
      48
      49
      53
      36
      46
      36
      32
      51
      45
      51
      47
      54
      32
      50
      58
      59
      37
      40
      45
      43
      37
      33
      40
      43
      51
      51
      37
      41
      52
      58
      38
      44
      45
      39
      61
      44
      56
      47
      37
      45
      48
      44
      30
      38
      44
      43
      53
      47
      58
      50
      33
      37
      48
      44
      35
      53
      46
      45
      34
      51
      34
      38
      38
      43
      54
      54
      46
      41
      44
      45
      41
      43
      51
      50
      59
      52
      40
      43
      50
      46
      51
      45
      48
      34
      51
      34
      53
      40
      48
      46
      55
      42
      43
      31
      61
      48
      51
      38
      32
      47
      49
      47
      43
      46
      60
      43
      54
      43
      53
      40
      55
      60
      53
      53
      52
      47
      40
      45
      51
      47
      42
      50
      46
      34
      37
      39
      47
      45
      47
      39
      49
      44
      46
      50
      43
      41
      48
      57
      51
      42
      54
      48
      52
      53
      59
      50
      51
      54
      46
      43
      59
      52
      58
      46
      47
      48
      46
      35
       0
       0
       0
       0
       0
       0
       0
       0
       0
       0
       0
       0
       0
       0
       0
       0
       0
       0
       0
       0
       0
       0
       0
       0
       0
       0
       0
       0
       0
       0
       0
       0
       0
       0
       0
       0
       0
       0
       0
       0
       0
       0
       0
       0
       0
       0
       0
       0
       0
       0
       0
       0
       0
       0
       0
       0
       0
       0
       0
       0
       0
       0
       0
       0
       0
       0
       0
       0
$ROI:
2
95 97
514 605
$PRESETS:
Real Time
200
0
$ENER_FIT:
-289.438599 1.280702
$MCA_CAL:
3
-2.894386E+002 1.280702E+000 0.000000E+000
$SHAPE_CAL:
3
0.000000E+000 0.000000E+000 0.000000E+000
