$SPEC_ID:
MEASURE 088.
$SPEC_REM:
DET# 1
DETDESC# MCB 25
AP# Maestro Version 6.05
$DATE_MEA:
04/03/2003 15:28:28
$MEAS_TIM:
195 200
$DATA:
0 1023
       0
       0
       0
       0
       0
       0
       0
       0
       0
       0
       0
       0
       0
       0
       0
       0
       0
       0
       0
       0
       0
       0
       0
       0
       0
       0
       0
       0
       0
       0
       0
       0
       0
       0
       0
       0
       0
       0
       0
       0
       0
       0
       0
       0
     138
     303
     299
     284
     285
     294
     304
     316
     276
     298
     313
     300
     268
     347
     314
     308
     317
     306
     276
     310
     295
     291
     292
     311
     339
     312
     318
     338
     328
     344
     345
     353
     365
     335
     370
     371
     340
     393
     370
     361
     362
     400
     382
     412
     415
     408
     397
     448
     377
     395
     467
     439
     444
     426
     448
     489
     475
     471
     523
     485
     502
     531
     505
     516
     505
     530
     519
     526
     482
     517
     515
     551
     541
     544
     566
     565
     601
     590
     546
     565
     562
     589
     586
     613
     588
     557
     581
     622
     625
     595
     598
     611
     644
     643
     601
     652
     610
     599
     622
     665
     672
     601
     621
     649
     681
     619
     672
     650
     650
     650
     642
     691
     646
     677
     680
     688
     652
     667
     703
     674
     678
     706
     632
     632
     616
     664
     678
     616
     679
     701
     643
     657
     654
     686
     617
     670
     671
     607
     597
     663
     657
     642
     648
     660
     667
     685
     667
     641
     678
     718
     664
     644
     716
     636
     699
     730
     741
     700
     714
     725
     760
     782
     728
     747
     696
     722
     757
     752
     737
     777
     778
     776
     767
     684
     773
     777
     776
     742
     722
     757
     771
     777
     721
     751
     737
     768
     713
     711
     695
     698
     734
     702
     681
     690
     675
     661
     646
     692
     645
     664
     660
     640
     671
     646
     653
     657
     594
     655
     639
     647
     613
     619
     656
     616
     629
     605
     584
     619
     551
     587
     557
     555
     559
     578
     537
     616
     582
     578
     559
     527
     596
     471
     537
     566
     498
     522
     483
     532
     527
     542
     542
     502
     482
     553
     543
     550
     485
     523
     497
     483
     491
     444
     473
     491
     530
     479
     481
     489
     463
     485
     461
     470
     483
     462
     449
     481
     436
     459
     449
     514
     440
     445
     443
     447
     462
     435
     413
     423
     414
     431
     436
     423
     438
     476
     445
     451
     412
     407
     449
     408
     436
     380
     421
     432
     393
     415
     397
     388
     378
     423
     441
     414
     433
     366
     390
     391
     430
     393
     406
     352
     375
     379
     386
     392
     416
     379
     394
     360
     372
     389
     370
     377
     350
     359
     326
     333
     358
     369
     327
     328
     345
     337
     293
     334
     296
     316
     302
     303
     321
     308
     298
     296
     281
     315
     263
     298
     265
     285
     245
     239
     263
     235
     242
     248
     246
     244
     252
     238
     247
     228
     218
     221
     205
     202
     222
     227
     215
     226
     182
     200
     231
     194
     190
     207
     188
     193
     178
     185
     182
     180
     184
     162
     159
     187
     166
     180
     163
     175
     144
     156
     171
     171
     170
     160
     143
     136
     153
     172
     156
     137
     177
     177
     151
     144
     155
     146
     149
     140
     171
     140
     155
     130
     138
     139
     169
     153
     148
     127
     149
     132
     139
     136
     154
     159
     137
     137
     162
     136
     165
     115
     136
     126
     142
     132
     136
     130
     153
     149
     156
     135
     132
     131
     142
     135
     129
     146
     130
     147
     146
     141
     121
     142
     129
     139
     111
     140
     141
     120
     114
     130
     148
     121
     129
     151
     136
     144
     147
     137
     115
     150
     131
     139
     130
     100
     129
     166
     152
     152
     144
     140
     147
     154
     156
     153
     175
     184
     150
     178
     183
     158
     206
     182
     194
     203
     225
     228
     216
     236
     252
     229
     254
     286
     292
     309
     282
     332
     372
     369
     416
     429
     421
     446
     453
     522
     504
     563
     598
     608
     660
     626
     741
     680
     804
     818
     819
     898
     948
     925
     982
    1009
    1041
    1054
    1039
    1077
    1182
    1203
    1273
    1306
    1285
    1279
    1362
    1431
    1394
    1389
    1413
    1427
    1352
    1404
    1465
    1446
    1407
    1414
    1393
    1429
    1458
    1340
    1373
    1326
    1342
    1275
    1261
    1220
    1195
    1154
    1126
    1056
    1054
    1012
     962
     889
     890
     833
     803
     784
     708
     675
     648
     600
     615
     494
     471
     488
     450
     399
     414
     328
     341
     299
     284
     251
     229
     217
     188
     181
     187
     186
     154
     148
     138
     128
     124
     104
     120
      81
     113
      84
      86
      95
      76
      75
      70
      64
      73
      67
      61
      59
      66
      49
      66
      52
      53
      55
      48
      48
      54
      63
      46
      50
      57
      57
      44
      54
      45
      53
      60
      57
      48
      51
      52
      47
      42
      51
      48
      43
      39
      43
      42
      61
      42
      50
      54
      52
      65
      44
      49
      56
      58
      61
      68
      50
      56
      48
      46
      52
      48
      48
      55
      52
      46
      53
      43
      59
      42
      52
      45
      58
      53
      51
      45
      50
      50
      48
      52
      47
      53
      61
      42
      49
      55
      48
      48
      45
      53
      49
      53
      52
      51
      46
      39
      39
      45
      67
      57
      57
      55
      50
      43
      39
      53
      47
      59
      45
      49
      60
      43
      51
      45
      44
      41
      51
      48
      59
      45
      50
      47
      32
      45
      44
      41
      48
      38
      48
      37
      57
      58
      51
      58
      58
      45
      38
      44
      47
      54
      36
      52
      43
      41
      46
      45
      45
      56
      45
      48
      40
      42
      45
      57
      41
      50
      41
      47
      53
      41
      43
      45
      55
      51
      60
      45
      43
      44
      45
      59
      52
      44
      44
      45
      37
      44
      42
      25
      53
      43
      48
      51
      55
      50
      47
      47
      51
      49
      50
      45
      45
      34
      34
      42
      49
      62
      42
      44
      39
      45
      39
      44
      52
      47
      57
      50
      50
      41
      47
      38
      54
      46
      63
      50
      52
      54
      36
      40
      52
      53
      64
      46
      48
      45
      52
      46
      52
      49
      35
      52
      41
      47
      54
      37
      43
      45
      52
      40
      45
      46
      55
      49
      39
      40
      54
      66
      51
      45
      54
      56
      48
      45
      47
      49
      41
      52
      46
      51
      41
      39
      58
      40
      60
      48
      48
      44
      40
      43
      49
      61
      52
      42
      50
      43
      45
      61
      59
      35
      54
      45
      48
      49
      41
      50
      36
      59
      41
      51
      39
      47
      63
      44
      49
      54
      48
      59
      39
      48
      34
      49
      48
      43
      52
      40
      50
      59
      65
      54
      28
       1
       0
       0
       0
       0
       0
       0
       0
       0
       0
       0
       0
       0
       0
       0
       0
       0
       0
       0
       0
       0
       0
       0
       0
       0
       0
       0
       0
       0
       0
       0
       0
       0
       0
       0
       0
       0
       0
       0
       0
       0
       0
       0
       0
       0
       0
       0
       0
       0
       0
       0
       0
       0
       0
       0
       0
       0
       0
       0
       0
       0
       0
       0
       0
       0
       0
       0
       0
$ROI:
2
95 97
514 605
$PRESETS:
Real Time
200
0
$ENER_FIT:
-289.438599 1.280702
$MCA_CAL:
3
-2.894386E+002 1.280702E+000 0.000000E+000
$SHAPE_CAL:
3
0.000000E+000 0.000000E+000 0.000000E+000
