$SPEC_ID:
MEASURE 078.
$SPEC_REM:
DET# 1
DETDESC# MCB 25
AP# Maestro Version 6.05
$DATE_MEA:
04/03/2003 14:38:28
$MEAS_TIM:
195 200
$DATA:
0 1023
       0
       0
       0
       0
       0
       0
       0
       0
       0
       0
       0
       0
       0
       0
       0
       0
       0
       0
       0
       0
       0
       0
       0
       0
       0
       0
       0
       0
       0
       0
       0
       0
       0
       0
       0
       0
       0
       0
       0
       0
       0
       0
       0
       0
     146
     287
     303
     270
     287
     295
     302
     287
     292
     300
     290
     294
     284
     297
     283
     302
     280
     303
     280
     315
     306
     321
     338
     329
     275
     304
     331
     322
     318
     326
     320
     345
     330
     373
     342
     356
     394
     357
     330
     386
     363
     383
     379
     410
     398
     348
     421
     383
     446
     413
     451
     466
     454
     454
     473
     457
     442
     476
     488
     508
     439
     484
     479
     492
     504
     504
     546
     510
     515
     534
     530
     535
     575
     547
     569
     598
     541
     496
     580
     564
     587
     587
     602
     586
     584
     588
     556
     595
     603
     633
     622
     650
     597
     628
     620
     587
     603
     628
     642
     614
     618
     642
     666
     664
     641
     665
     678
     683
     650
     671
     639
     622
     661
     670
     698
     625
     661
     668
     683
     699
     666
     705
     667
     714
     689
     673
     711
     687
     645
     641
     702
     655
     690
     632
     652
     655
     697
     649
     646
     672
     681
     684
     669
     700
     629
     645
     683
     683
     677
     678
     669
     695
     741
     648
     693
     642
     708
     756
     740
     749
     689
     781
     734
     710
     794
     729
     728
     782
     751
     798
     804
     772
     800
     792
     804
     746
     744
     802
     734
     737
     788
     738
     746
     736
     727
     719
     758
     726
     671
     680
     697
     689
     672
     670
     681
     694
     675
     664
     621
     635
     665
     687
     592
     656
     636
     624
     664
     578
     612
     575
     590
     629
     627
     610
     593
     599
     577
     603
     597
     616
     610
     622
     595
     611
     585
     592
     541
     567
     578
     527
     530
     548
     552
     523
     561
     581
     549
     539
     526
     558
     555
     509
     498
     523
     487
     498
     501
     508
     527
     477
     507
     493
     451
     460
     470
     454
     492
     484
     475
     500
     499
     435
     480
     480
     478
     415
     436
     442
     419
     490
     490
     451
     446
     474
     424
     422
     456
     429
     459
     406
     405
     437
     428
     435
     424
     435
     421
     452
     414
     402
     412
     423
     410
     381
     394
     402
     403
     416
     395
     373
     378
     411
     358
     383
     381
     366
     369
     390
     359
     400
     373
     356
     370
     391
     355
     353
     404
     378
     360
     380
     348
     357
     410
     361
     388
     358
     356
     359
     373
     334
     347
     338
     320
     331
     345
     350
     328
     333
     300
     330
     304
     289
     288
     305
     274
     272
     251
     271
     260
     284
     270
     257
     269
     243
     242
     227
     249
     245
     269
     212
     214
     228
     215
     236
     201
     217
     199
     180
     192
     205
     190
     204
     187
     185
     169
     181
     198
     200
     186
     190
     174
     207
     195
     168
     168
     211
     163
     189
     180
     166
     165
     168
     199
     137
     169
     163
     162
     159
     152
     166
     166
     146
     168
     136
     132
     144
     148
     160
     134
     182
     138
     165
     145
     130
     133
     134
     137
     127
     160
     142
     151
     144
     138
     126
     133
     131
     139
     144
     133
     151
     136
     142
     151
     130
     140
     137
     136
     121
     134
     138
     146
     117
     130
     147
     116
     123
     148
     143
     135
     133
     145
     129
     143
     139
     150
     133
     127
     116
     126
     122
     139
     129
     124
     128
     130
     109
     132
     127
     116
     136
     146
     142
     145
     148
     139
     133
     143
     143
     131
     144
     152
     157
     150
     157
     169
     157
     180
     191
     163
     180
     183
     174
     203
     213
     245
     208
     198
     216
     244
     248
     281
     282
     322
     298
     347
     336
     343
     373
     385
     413
     410
     479
     500
     529
     550
     572
     619
     633
     602
     696
     682
     724
     805
     799
     880
     871
     922
     995
     993
     998
    1072
    1088
    1144
    1184
    1185
    1251
    1290
    1330
    1305
    1321
    1438
    1430
    1368
    1489
    1390
    1389
    1412
    1481
    1424
    1387
    1447
    1379
    1360
    1401
    1380
    1398
    1318
    1331
    1302
    1261
    1218
    1239
    1181
    1142
    1086
    1043
    1025
     925
     902
     891
     835
     824
     756
     728
     677
     634
     637
     563
     531
     497
     465
     423
     423
     413
     370
     340
     308
     297
     264
     252
     216
     227
     221
     179
     162
     172
     150
     118
     133
     142
     119
     114
     102
      78
      79
      89
      86
      93
      65
      64
      75
      69
      71
      65
      64
      69
      52
      51
      46
      60
      60
      53
      53
      55
      55
      41
      46
      42
      46
      51
      58
      47
      53
      69
      47
      53
      47
      50
      49
      43
      45
      50
      50
      53
      59
      72
      57
      60
      55
      38
      59
      45
      46
      41
      59
      51
      32
      37
      62
      67
      48
      55
      45
      58
      57
      54
      61
      42
      43
      39
      60
      41
      54
      41
      49
      51
      43
      46
      55
      52
      53
      39
      35
      49
      44
      41
      59
      39
      45
      44
      44
      48
      48
      47
      43
      58
      45
      47
      51
      52
      43
      42
      49
      44
      45
      44
      60
      44
      42
      41
      49
      45
      35
      44
      54
      48
      37
      43
      43
      44
      52
      47
      39
      37
      46
      54
      43
      60
      56
      50
      50
      50
      50
      46
      48
      49
      61
      43
      45
      49
      58
      47
      49
      43
      40
      51
      39
      50
      55
      63
      41
      41
      50
      55
      48
      50
      53
      45
      54
      42
      43
      45
      45
      40
      39
      45
      35
      45
      39
      46
      39
      65
      63
      45
      47
      49
      42
      51
      45
      58
      51
      36
      51
      44
      43
      38
      46
      35
      52
      53
      46
      46
      46
      48
      49
      42
      40
      45
      53
      52
      39
      40
      40
      45
      46
      36
      50
      51
      45
      38
      43
      50
      49
      40
      38
      34
      52
      49
      57
      47
      42
      56
      37
      40
      49
      43
      52
      50
      42
      46
      43
      52
      53
      35
      50
      46
      50
      52
      58
      55
      53
      52
      45
      43
      58
      52
      52
      58
      56
      38
      43
      61
      51
      49
      49
      53
      45
      43
      49
      55
      52
      45
      49
      42
      46
      44
      61
      40
      50
      49
      56
      48
      57
      62
      52
      64
      54
      43
      46
      53
      43
      48
      57
      41
      59
      45
      49
      43
      55
      44
      41
      50
      58
      62
      53
      41
      56
      51
      61
      59
      55
      61
      44
      52
      38
      65
      44
      42
      49
      57
      60
      35
       2
       0
       0
       0
       0
       0
       0
       0
       0
       0
       0
       0
       0
       0
       0
       0
       0
       0
       0
       0
       0
       0
       0
       0
       0
       0
       0
       0
       0
       0
       0
       0
       0
       0
       0
       0
       0
       0
       0
       0
       0
       0
       0
       0
       0
       0
       0
       0
       0
       0
       0
       0
       0
       0
       0
       0
       0
       0
       0
       0
       0
       0
       0
       0
       0
       0
       0
       0
$ROI:
2
95 97
514 605
$PRESETS:
Real Time
200
0
$ENER_FIT:
-289.438599 1.280702
$MCA_CAL:
3
-2.894386E+002 1.280702E+000 0.000000E+000
$SHAPE_CAL:
3
0.000000E+000 0.000000E+000 0.000000E+000
