$SPEC_ID:
MEASURE 029.
$SPEC_REM:
DET# 1
DETDESC# MCB 25
AP# Maestro Version 6.05
$DATE_MEA:
04/03/2003 10:33:28
$MEAS_TIM:
195 200
$DATA:
0 1023
       0
       0
       0
       0
       0
       0
       0
       0
       0
       0
       0
       0
       0
       0
       0
       0
       0
       0
       0
       0
       0
       0
       0
       0
       0
       0
       0
       0
       0
       0
       0
       0
       0
       0
       0
       0
       0
       0
       0
       0
       0
       0
       0
       0
     158
     302
     255
     289
     256
     297
     319
     324
     262
     298
     308
     291
     286
     309
     317
     264
     287
     333
     305
     319
     319
     348
     300
     381
     315
     330
     345
     374
     304
     341
     344
     336
     376
     348
     352
     367
     402
     382
     391
     357
     383
     392
     395
     402
     403
     395
     397
     426
     454
     435
     481
     455
     449
     476
     472
     488
     477
     476
     494
     506
     492
     510
     470
     515
     515
     501
     584
     539
     549
     560
     539
     509
     520
     536
     579
     585
     595
     570
     571
     572
     620
     607
     613
     584
     601
     584
     605
     633
     612
     616
     593
     649
     611
     614
     683
     606
     605
     635
     615
     591
     646
     664
     679
     647
     663
     694
     643
     655
     659
     643
     587
     668
     660
     629
     645
     726
     651
     658
     674
     692
     610
     693
     613
     646
     665
     660
     667
     646
     675
     653
     636
     653
     669
     689
     675
     706
     668
     647
     687
     705
     608
     653
     710
     673
     634
     670
     667
     669
     666
     691
     658
     720
     679
     722
     747
     719
     682
     692
     737
     703
     712
     760
     737
     796
     789
     789
     760
     724
     767
     767
     818
     720
     819
     807
     787
     721
     791
     773
     780
     773
     746
     791
     802
     722
     686
     700
     741
     686
     698
     645
     676
     663
     677
     631
     639
     696
     670
     661
     599
     670
     632
     665
     605
     637
     654
     628
     629
     587
     623
     619
     618
     577
     606
     587
     560
     618
     616
     599
     565
     613
     585
     559
     551
     568
     593
     564
     548
     565
     536
     529
     548
     560
     537
     480
     542
     564
     530
     547
     529
     536
     561
     534
     486
     508
     490
     497
     489
     509
     505
     468
     484
     500
     466
     461
     465
     440
     502
     489
     454
     491
     479
     524
     470
     443
     440
     447
     479
     446
     503
     406
     466
     472
     424
     436
     455
     447
     455
     424
     436
     432
     429
     440
     416
     381
     415
     447
     385
     405
     449
     438
     395
     390
     402
     377
     409
     428
     359
     400
     415
     391
     393
     394
     406
     406
     403
     373
     425
     418
     365
     379
     389
     401
     368
     356
     362
     410
     348
     395
     358
     380
     351
     332
     352
     349
     351
     334
     314
     298
     357
     351
     346
     315
     318
     344
     351
     305
     317
     290
     301
     282
     295
     282
     296
     265
     283
     304
     283
     240
     257
     303
     262
     245
     231
     246
     235
     232
     224
     224
     218
     228
     189
     209
     214
     207
     226
     210
     206
     204
     196
     205
     193
     175
     186
     166
     198
     193
     168
     176
     184
     192
     189
     194
     196
     163
     151
     173
     168
     184
     155
     159
     181
     159
     172
     149
     156
     146
     161
     140
     159
     142
     147
     168
     159
     173
     140
     140
     144
     153
     151
     129
     150
     170
     134
     134
     146
     152
     132
     146
     128
     142
     144
     138
     146
     115
     128
     152
     144
     147
     151
     131
     140
     139
     130
     137
     124
     152
     142
     125
     132
     175
     151
     133
     148
     135
     120
     144
     118
     140
     145
     124
     132
     132
     111
     140
     116
     132
     136
     133
     151
     142
     118
     137
     130
     166
     149
     143
     141
     128
     163
     148
     150
     140
     136
     146
     143
     160
     147
     145
     162
     139
     167
     172
     185
     174
     176
     202
     187
     189
     197
     242
     234
     230
     225
     297
     272
     286
     271
     307
     298
     319
     359
     363
     400
     420
     407
     440
     513
     497
     502
     566
     572
     595
     627
     686
     720
     787
     731
     792
     862
     909
     992
     927
     971
    1060
    1060
    1123
    1116
    1148
    1211
    1229
    1281
    1175
    1296
    1345
    1348
    1352
    1359
    1356
    1436
    1438
    1408
    1456
    1413
    1508
    1410
    1484
    1424
    1435
    1418
    1329
    1367
    1326
    1289
    1225
    1241
    1297
    1208
    1104
    1092
    1049
    1014
    1036
     959
     825
     889
     820
     796
     801
     694
     675
     631
     614
     610
     516
     509
     448
     461
     381
     402
     354
     320
     289
     284
     257
     223
     204
     199
     177
     176
     167
     161
     141
     125
     109
     110
     109
     103
      95
     102
      91
      77
      77
      65
      66
      61
      71
      67
      74
      61
      42
      53
      51
      55
      66
      59
      54
      53
      49
      49
      67
      43
      45
      58
      49
      54
      53
      58
      44
      55
      54
      51
      47
      51
      62
      43
      48
      63
      60
      53
      62
      48
      41
      45
      42
      48
      64
      65
      49
      59
      44
      53
      40
      55
      52
      70
      42
      55
      62
      62
      45
      50
      45
      37
      40
      51
      42
      43
      48
      61
      54
      38
      44
      38
      45
      54
      62
      57
      51
      38
      48
      53
      60
      49
      46
      54
      41
      47
      36
      29
      51
      56
      56
      34
      45
      50
      47
      46
      50
      41
      64
      37
      54
      48
      53
      43
      51
      53
      48
      43
      48
      51
      41
      57
      63
      59
      55
      39
      40
      44
      57
      47
      51
      45
      44
      49
      39
      54
      51
      38
      54
      47
      52
      44
      53
      53
      46
      51
      38
      44
      52
      51
      57
      50
      38
      56
      44
      55
      49
      58
      55
      49
      38
      30
      54
      47
      39
      62
      55
      51
      58
      34
      43
      44
      51
      39
      48
      54
      49
      46
      45
      51
      46
      56
      41
      42
      53
      43
      52
      55
      51
      45
      62
      42
      36
      44
      58
      51
      39
      40
      52
      47
      50
      50
      45
      48
      48
      46
      48
      39
      56
      39
      48
      52
      52
      55
      48
      52
      45
      46
      64
      51
      45
      42
      44
      44
      53
      60
      39
      53
      44
      51
      46
      50
      54
      39
      52
      47
      49
      68
      61
      49
      55
      54
      48
      43
      42
      58
      42
      53
      51
      56
      48
      48
      50
      51
      50
      45
      38
      55
      46
      40
      43
      51
      44
      58
      48
      47
      51
      51
      63
      45
      53
      45
      45
      37
      50
      50
      37
      45
      47
      38
      54
      57
      41
      51
      40
      56
      52
      55
      49
      49
      50
      47
      52
      46
      44
      49
      44
      52
      49
      50
      37
      58
      53
      40
      52
      52
      42
      46
      44
      39
      55
      51
      56
      48
      53
      44
      37
      40
      58
      75
      25
       2
       0
       0
       0
       0
       0
       0
       0
       0
       0
       0
       0
       0
       0
       0
       0
       0
       0
       0
       0
       0
       0
       0
       0
       0
       0
       0
       0
       0
       0
       0
       0
       0
       0
       0
       0
       0
       0
       0
       0
       0
       0
       0
       0
       0
       0
       0
       0
       0
       0
       0
       0
       0
       0
       0
       0
       0
       0
       0
       0
       0
       0
       0
       0
       0
       0
       0
       0
$ROI:
2
95 97
514 605
$PRESETS:
Real Time
200
0
$ENER_FIT:
-289.438599 1.280702
$MCA_CAL:
3
-2.894386E+002 1.280702E+000 0.000000E+000
$SHAPE_CAL:
3
0.000000E+000 0.000000E+000 0.000000E+000
