$SPEC_ID:
MEASURE 171.
$SPEC_REM:
DET# 1
DETDESC# MCB 25
AP# Maestro Version 6.05
$DATE_MEA:
04/03/2003 22:23:28
$MEAS_TIM:
195 200
$DATA:
0 1023
       0
       0
       0
       0
       0
       0
       0
       0
       0
       0
       0
       0
       0
       0
       0
       0
       0
       0
       0
       0
       0
       0
       0
       0
       0
       0
       0
       0
       0
       0
       0
       0
       0
       0
       0
       0
       0
       0
       0
       0
       0
       0
       0
       0
     138
     276
     301
     250
     288
     296
     260
     262
     269
     305
     312
     273
     306
     296
     296
     311
     271
     301
     298
     298
     298
     340
     281
     330
     318
     293
     312
     296
     335
     344
     350
     344
     358
     349
     357
     349
     378
     361
     353
     317
     353
     376
     322
     395
     390
     404
     421
     405
     413
     400
     433
     406
     413
     493
     470
     482
     480
     459
     485
     447
     495
     487
     493
     520
     504
     470
     528
     465
     537
     512
     583
     511
     539
     493
     559
     510
     558
     602
     568
     556
     558
     573
     584
     553
     588
     551
     584
     567
     581
     582
     594
     607
     604
     662
     608
     628
     634
     587
     691
     608
     623
     597
     642
     667
     654
     651
     693
     636
     599
     648
     615
     648
     685
     676
     604
     667
     649
     674
     668
     648
     615
     635
     696
     611
     645
     674
     636
     666
     656
     637
     670
     671
     636
     632
     631
     594
     610
     631
     620
     625
     681
     643
     684
     643
     661
     651
     617
     634
     664
     669
     643
     691
     676
     662
     711
     671
     720
     695
     713
     694
     695
     726
     694
     709
     785
     730
     757
     776
     768
     747
     745
     777
     750
     733
     760
     708
     741
     763
     739
     793
     706
     721
     709
     762
     702
     763
     683
     721
     745
     697
     731
     686
     755
     697
     650
     681
     668
     649
     659
     659
     660
     635
     615
     643
     614
     630
     592
     636
     654
     592
     622
     587
     598
     595
     612
     596
     619
     562
     557
     634
     611
     533
     614
     549
     588
     581
     575
     608
     541
     549
     584
     550
     562
     571
     565
     559
     539
     575
     562
     553
     532
     540
     500
     501
     527
     562
     539
     475
     501
     477
     466
     512
     527
     504
     493
     457
     502
     474
     484
     491
     458
     476
     492
     520
     467
     451
     456
     409
     451
     432
     453
     422
     463
     480
     436
     451
     440
     448
     418
     401
     419
     449
     421
     457
     411
     442
     415
     399
     401
     420
     405
     421
     386
     392
     384
     383
     401
     406
     388
     399
     378
     390
     379
     405
     414
     384
     405
     402
     355
     402
     403
     407
     393
     400
     388
     373
     371
     384
     407
     339
     339
     374
     374
     345
     391
     328
     369
     373
     387
     354
     375
     322
     315
     353
     340
     284
     336
     323
     316
     312
     342
     332
     300
     301
     349
     286
     272
     299
     281
     307
     266
     265
     289
     245
     235
     281
     266
     241
     253
     262
     250
     234
     204
     235
     204
     234
     228
     232
     206
     229
     190
     210
     209
     200
     197
     223
     205
     187
     210
     180
     172
     180
     187
     158
     171
     196
     185
     175
     184
     182
     183
     169
     155
     174
     161
     138
     170
     153
     158
     150
     176
     147
     173
     160
     177
     156
     147
     144
     160
     156
     147
     161
     140
     144
     172
     128
     141
     139
     130
     145
     142
     136
     162
     133
     166
     155
     140
     121
     135
     132
     132
     107
     133
     167
     136
     127
     114
     140
     142
     152
     126
     109
     147
     145
     121
     149
     139
     146
     129
     140
     124
     115
     139
     121
     134
     147
     110
     132
     134
     127
     120
     137
     119
     134
     125
     121
     133
     133
     121
     129
     116
     136
     128
     134
     138
     120
     111
     124
     132
     141
     104
     149
     138
     128
     138
     132
     129
     137
     181
     163
     163
     165
     152
     164
     168
     167
     172
     191
     184
     198
     219
     231
     207
     225
     251
     255
     264
     284
     288
     313
     329
     337
     339
     373
     411
     426
     433
     453
     487
     474
     553
     568
     631
     607
     636
     716
     734
     751
     764
     782
     865
     937
     916
     963
     953
    1025
    1077
    1094
    1091
    1134
    1255
    1231
    1247
    1267
    1331
    1276
    1361
    1290
    1389
    1419
    1406
    1394
    1441
    1397
    1379
    1443
    1363
    1393
    1413
    1368
    1307
    1298
    1358
    1332
    1287
    1282
    1281
    1226
    1174
    1120
    1097
    1115
    1020
    1025
     935
     864
     913
     824
     764
     773
     691
     713
     598
     578
     574
     517
     458
     448
     471
     432
     366
     345
     309
     289
     281
     261
     242
     200
     221
     168
     172
     180
     158
     160
     110
     119
     118
      94
     100
      98
      89
      84
      68
      80
      88
      53
      67
      64
      79
      79
      54
      59
      56
      56
      52
      58
      68
      61
      55
      60
      54
      46
      53
      66
      49
      57
      54
      56
      66
      60
      51
      55
      42
      51
      65
      62
      56
      46
      64
      50
      39
      42
      54
      48
      48
      44
      58
      44
      50
      46
      57
      56
      51
      55
      45
      61
      49
      45
      50
      44
      51
      51
      66
      59
      50
      44
      52
      38
      50
      47
      60
      39
      48
      52
      52
      60
      49
      53
      54
      47
      54
      61
      42
      44
      50
      38
      45
      42
      49
      42
      49
      43
      48
      42
      45
      33
      39
      44
      39
      58
      48
      40
      44
      40
      50
      56
      44
      63
      37
      42
      40
      47
      41
      60
      54
      44
      45
      43
      45
      33
      33
      34
      44
      61
      41
      53
      52
      49
      48
      40
      51
      46
      52
      58
      39
      51
      46
      46
      56
      50
      58
      43
      45
      68
      43
      47
      48
      47
      49
      48
      48
      31
      44
      45
      48
      45
      41
      38
      50
      44
      57
      39
      42
      25
      53
      48
      38
      47
      52
      38
      43
      54
      38
      37
      50
      51
      57
      55
      53
      50
      45
      58
      40
      51
      60
      47
      41
      52
      49
      46
      37
      57
      51
      39
      50
      65
      46
      56
      55
      49
      49
      52
      41
      45
      47
      44
      43
      45
      36
      44
      50
      61
      48
      45
      44
      60
      48
      40
      49
      54
      49
      48
      53
      47
      32
      46
      48
      35
      38
      41
      45
      38
      55
      53
      52
      55
      61
      40
      48
      38
      52
      68
      48
      48
      50
      47
      67
      46
      59
      50
      50
      42
      39
      45
      42
      51
      57
      46
      39
      45
      48
      54
      55
      50
      47
      60
      45
      40
      45
      36
      52
      44
      50
      64
      41
      61
      51
      43
      68
      49
      40
      41
      50
      46
      47
      54
      40
      47
      48
      46
      46
      63
      46
      30
      51
      45
      50
      57
      41
      47
      61
      35
       4
       0
       0
       0
       0
       0
       0
       0
       0
       0
       0
       0
       0
       0
       0
       0
       0
       0
       0
       0
       0
       0
       0
       0
       0
       0
       0
       0
       0
       0
       0
       0
       0
       0
       0
       0
       0
       0
       0
       0
       0
       0
       0
       0
       0
       0
       0
       0
       0
       0
       0
       0
       0
       0
       0
       0
       0
       0
       0
       0
       0
       0
       0
       0
       0
       0
       0
       0
$ROI:
2
95 97
514 605
$PRESETS:
Real Time
200
0
$ENER_FIT:
-289.438599 1.280702
$MCA_CAL:
3
-2.894386E+002 1.280702E+000 0.000000E+000
$SHAPE_CAL:
3
0.000000E+000 0.000000E+000 0.000000E+000
