$SPEC_ID:
MEASURE 422.
$SPEC_REM:
DET# 1
DETDESC# MCB 25
AP# Maestro Version 6.05
$DATE_MEA:
04/04/2003 19:18:28
$MEAS_TIM:
195 200
$DATA:
0 1023
       0
       0
       0
       0
       0
       0
       0
       0
       0
       0
       0
       0
       0
       0
       0
       0
       0
       0
       0
       0
       0
       0
       0
       0
       0
       0
       0
       0
       0
       0
       0
       0
       0
       0
       0
       0
       0
       0
       0
       0
       0
       0
       0
       0
     123
     264
     295
     273
     267
     303
     273
     262
     293
     309
     281
     307
     262
     238
     284
     298
     309
     292
     272
     288
     276
     313
     335
     323
     287
     327
     347
     314
     333
     324
     311
     320
     297
     312
     365
     330
     341
     333
     350
     342
     333
     347
     390
     370
     384
     365
     368
     436
     405
     361
     407
     449
     420
     452
     447
     452
     421
     428
     445
     483
     476
     451
     449
     496
     485
     530
     501
     519
     533
     564
     518
     500
     506
     498
     536
     539
     521
     503
     589
     574
     553
     579
     596
     562
     569
     554
     622
     601
     550
     535
     631
     590
     592
     601
     592
     580
     596
     619
     608
     564
     614
     614
     624
     611
     612
     636
     611
     656
     629
     675
     641
     627
     625
     593
     648
     643
     649
     637
     663
     612
     676
     647
     664
     640
     683
     669
     659
     611
     666
     655
     670
     670
     644
     649
     639
     655
     626
     640
     661
     661
     608
     716
     648
     693
     657
     624
     662
     697
     623
     617
     637
     663
     640
     623
     644
     699
     681
     661
     692
     684
     665
     678
     760
     717
     683
     704
     711
     700
     750
     750
     741
     710
     724
     754
     779
     720
     738
     771
     734
     763
     776
     842
     760
     781
     780
     779
     706
     754
     717
     686
     720
     662
     727
     712
     736
     709
     651
     725
     641
     694
     692
     676
     599
     616
     642
     620
     621
     630
     639
     605
     619
     577
     599
     590
     608
     630
     618
     557
     581
     611
     587
     591
     585
     554
     609
     607
     599
     586
     547
     557
     511
     553
     567
     542
     559
     543
     547
     556
     581
     536
     541
     521
     561
     513
     534
     534
     512
     483
     540
     533
     482
     510
     526
     480
     476
     517
     503
     488
     499
     481
     461
     502
     468
     459
     415
     452
     452
     480
     461
     436
     444
     418
     416
     422
     447
     428
     442
     444
     449
     419
     431
     472
     403
     399
     446
     455
     421
     444
     428
     393
     398
     409
     405
     453
     446
     434
     399
     410
     398
     380
     352
     406
     384
     416
     394
     376
     414
     415
     390
     359
     396
     387
     382
     391
     368
     370
     344
     395
     381
     379
     330
     358
     398
     336
     346
     349
     391
     368
     348
     370
     346
     337
     372
     345
     341
     315
     327
     344
     336
     351
     337
     320
     324
     325
     319
     319
     323
     314
     320
     322
     269
     306
     260
     289
     279
     249
     266
     279
     239
     262
     253
     246
     252
     253
     230
     282
     206
     223
     228
     218
     228
     209
     216
     200
     207
     233
     170
     206
     190
     195
     169
     210
     225
     185
     183
     169
     189
     170
     181
     178
     170
     178
     172
     165
     176
     161
     158
     181
     163
     160
     175
     143
     147
     151
     163
     167
     144
     139
     137
     162
     143
     165
     156
     152
     132
     137
     163
     168
     159
     149
     150
     122
     153
     130
     156
     117
     111
     108
     130
     146
     138
     149
     129
     141
     147
     128
     151
     146
     110
     152
     137
     126
     143
     159
     136
     126
     114
     148
     141
     135
     129
     147
     152
     132
     129
     129
     123
     132
     126
     122
     128
     116
     134
     126
     120
     105
     122
     107
     132
     115
     130
     129
     120
     144
     115
     167
     129
     121
     121
     123
     121
     122
     135
     139
     135
     148
     148
     129
     134
     156
     138
     123
     131
     150
     134
     144
     174
     152
     162
     163
     192
     173
     176
     195
     186
     185
     206
     189
     206
     243
     222
     266
     239
     278
     302
     271
     304
     363
     335
     371
     356
     387
     428
     435
     469
     485
     481
     530
     561
     567
     611
     661
     709
     699
     719
     799
     857
     835
     916
     991
     985
     964
     960
    1070
    1102
    1088
    1108
    1122
    1183
    1274
    1305
    1327
    1310
    1275
    1285
    1365
    1421
    1407
    1383
    1422
    1395
    1373
    1456
    1388
    1389
    1352
    1405
    1373
    1317
    1319
    1269
    1234
    1237
    1223
    1198
    1179
    1172
    1114
    1046
    1067
     940
     945
     941
     935
     837
     769
     743
     702
     659
     626
     635
     575
     562
     499
     448
     444
     408
     372
     390
     354
     304
     290
     250
     216
     230
     212
     194
     163
     169
     150
     155
     137
     120
     130
     120
     108
      95
      82
      95
      76
      70
      89
      87
      76
      67
      55
      53
      58
      76
      67
      54
      64
      56
      50
      44
      55
      54
      66
      50
      50
      54
      44
      47
      52
      49
      54
      49
      53
      61
      54
      65
      56
      60
      57
      54
      44
      55
      46
      51
      51
      47
      46
      58
      64
      55
      57
      39
      45
      54
      52
      56
      58
      60
      42
      54
      49
      51
      44
      41
      43
      60
      50
      58
      45
      56
      43
      60
      51
      54
      52
      59
      58
      40
      52
      62
      45
      47
      58
      52
      50
      57
      43
      42
      39
      62
      37
      50
      47
      47
      45
      55
      51
      58
      50
      35
      50
      41
      44
      45
      50
      44
      41
      49
      60
      44
      40
      43
      42
      59
      42
      63
      60
      55
      38
      41
      50
      50
      62
      43
      33
      48
      30
      55
      48
      37
      57
      38
      45
      45
      43
      40
      41
      35
      48
      42
      50
      49
      50
      45
      42
      52
      47
      43
      42
      42
      48
      67
      51
      46
      43
      54
      45
      44
      48
      49
      41
      52
      61
      33
      33
      41
      43
      51
      37
      44
      67
      50
      49
      40
      35
      55
      41
      57
      47
      35
      50
      50
      54
      30
      49
      49
      32
      33
      51
      60
      36
      63
      45
      42
      40
      53
      60
      49
      41
      58
      53
      47
      45
      47
      50
      40
      39
      42
      52
      38
      43
      49
      52
      40
      44
      44
      56
      51
      50
      46
      51
      44
      45
      47
      50
      50
      42
      41
      40
      51
      57
      45
      54
      38
      34
      53
      44
      52
      42
      45
      44
      59
      49
      47
      45
      46
      48
      47
      43
      42
      51
      37
      46
      44
      69
      56
      44
      54
      53
      43
      41
      44
      52
      52
      68
      48
      38
      56
      61
      53
      53
      49
      39
      41
      47
      46
      44
      43
      44
      40
      40
      45
      55
      48
      48
      41
      38
      52
      40
      43
      35
      44
      53
      39
      49
      51
      50
       1
       0
       0
       0
       0
       0
       0
       0
       0
       0
       0
       0
       0
       0
       0
       0
       0
       0
       0
       0
       0
       0
       0
       0
       0
       0
       0
       0
       0
       0
       0
       0
       0
       0
       0
       0
       0
       0
       0
       0
       0
       0
       0
       0
       0
       0
       0
       0
       0
       0
       0
       0
       0
       0
       0
       0
       0
       0
       0
       0
       0
       0
       0
       0
       0
       0
       0
       0
$ROI:
2
95 97
514 605
$PRESETS:
Real Time
200
0
$ENER_FIT:
-289.438599 1.280702
$MCA_CAL:
3
-2.894386E+002 1.280702E+000 0.000000E+000
$SHAPE_CAL:
3
0.000000E+000 0.000000E+000 0.000000E+000
