$SPEC_ID:
MEASURE 083.
$SPEC_REM:
DET# 1
DETDESC# MCB 25
AP# Maestro Version 6.05
$DATE_MEA:
04/03/2003 15:03:28
$MEAS_TIM:
195 200
$DATA:
0 1023
       0
       0
       0
       0
       0
       0
       0
       0
       0
       0
       0
       0
       0
       0
       0
       0
       0
       0
       0
       0
       0
       0
       0
       0
       0
       0
       0
       0
       0
       0
       0
       0
       0
       0
       0
       0
       0
       0
       0
       0
       0
       0
       0
       0
     122
     292
     291
     261
     295
     288
     273
     290
     267
     303
     315
     300
     259
     269
     307
     314
     298
     323
     311
     292
     326
     312
     300
     333
     321
     278
     338
     345
     310
     355
     331
     305
     352
     334
     353
     352
     390
     343
     413
     370
     371
     392
     401
     376
     393
     444
     421
     430
     425
     424
     446
     429
     440
     423
     481
     445
     451
     530
     439
     532
     482
     482
     490
     513
     473
     516
     511
     541
     530
     510
     530
     516
     509
     557
     520
     524
     614
     560
     563
     578
     618
     626
     616
     594
     586
     604
     584
     599
     590
     628
     590
     588
     563
     637
     636
     625
     611
     627
     635
     619
     685
     624
     643
     653
     654
     642
     650
     630
     592
     680
     596
     660
     643
     649
     665
     688
     691
     634
     670
     698
     648
     602
     681
     632
     650
     671
     660
     666
     651
     648
     604
     661
     659
     684
     692
     657
     640
     642
     660
     672
     639
     666
     687
     647
     716
     704
     675
     680
     667
     663
     653
     680
     642
     725
     640
     724
     684
     673
     697
     732
     718
     784
     704
     801
     726
     741
     804
     799
     791
     781
     796
     748
     761
     730
     766
     754
     777
     801
     728
     772
     780
     757
     780
     713
     704
     719
     748
     708
     694
     703
     706
     684
     649
     689
     674
     673
     666
     642
     636
     676
     678
     667
     600
     629
     662
     618
     608
     630
     603
     565
     602
     641
     624
     617
     603
     615
     574
     597
     551
     574
     604
     555
     579
     616
     512
     575
     605
     570
     528
     584
     571
     551
     528
     549
     552
     555
     520
     546
     529
     531
     513
     546
     550
     499
     504
     521
     486
     499
     500
     534
     480
     469
     465
     554
     476
     499
     470
     483
     475
     484
     475
     458
     457
     473
     448
     481
     451
     468
     458
     443
     461
     451
     476
     394
     451
     445
     468
     404
     436
     392
     476
     406
     370
     415
     400
     437
     380
     407
     434
     449
     418
     412
     388
     423
     393
     408
     381
     393
     433
     400
     385
     408
     408
     402
     371
     339
     381
     412
     388
     377
     381
     371
     370
     360
     353
     396
     330
     370
     350
     361
     337
     353
     332
     366
     325
     363
     342
     332
     363
     368
     349
     348
     353
     318
     334
     340
     321
     310
     269
     333
     295
     317
     295
     284
     282
     290
     277
     284
     282
     283
     261
     264
     259
     268
     233
     234
     257
     229
     267
     212
     219
     210
     227
     209
     226
     206
     196
     207
     221
     202
     225
     197
     217
     158
     176
     199
     210
     192
     186
     178
     176
     182
     194
     164
     164
     166
     167
     176
     165
     172
     185
     171
     166
     156
     161
     175
     159
     157
     180
     173
     150
     155
     178
     147
     149
     157
     148
     159
     153
     153
     150
     127
     153
     149
     147
     137
     127
     141
     140
     155
     133
     134
     159
     136
     123
     144
     157
     135
     135
     162
     152
     130
     135
     151
     117
     122
     139
     151
     139
     118
     135
     127
     119
     140
     120
     134
     125
     136
     136
     130
     140
     131
     118
     149
     144
     133
     120
     138
     136
     125
     128
     139
     133
     119
     135
     106
     129
     131
     138
     118
     120
     135
     121
     123
     128
     127
     159
     137
     143
     133
     175
     147
     152
     156
     156
     172
     178
     148
     156
     190
     167
     181
     179
     202
     186
     229
     215
     238
     232
     238
     236
     307
     300
     313
     330
     315
     381
     339
     387
     383
     420
     464
     487
     497
     536
     621
     621
     586
     660
     705
     696
     747
     795
     863
     864
     858
     929
     991
    1042
    1046
    1065
    1126
    1057
    1125
    1194
    1171
    1266
    1294
    1320
    1314
    1357
    1330
    1394
    1345
    1425
    1502
    1445
    1450
    1380
    1422
    1507
    1352
    1436
    1366
    1344
    1344
    1338
    1327
    1244
    1248
    1270
    1194
    1173
    1229
    1061
    1084
    1039
    1012
     885
     914
     849
     806
     771
     805
     698
     664
     626
     586
     569
     513
     496
     474
     418
     390
     342
     331
     337
     317
     270
     255
     247
     210
     186
     191
     153
     157
     165
     162
     131
     130
     120
     105
     109
      87
      89
      78
     102
      82
      81
      73
      67
      76
      62
      67
      64
      51
      68
      55
      53
      55
      46
      63
      52
      54
      47
      46
      64
      50
      58
      61
      54
      55
      62
      49
      47
      57
      52
      69
      45
      44
      48
      45
      56
      63
      59
      57
      67
      49
      64
      52
      43
      55
      52
      47
      46
      50
      44
      47
      47
      64
      56
      39
      43
      58
      57
      42
      49
      53
      43
      45
      43
      51
      51
      33
      53
      46
      56
      52
      52
      55
      63
      49
      50
      42
      56
      53
      57
      65
      42
      60
      50
      53
      36
      50
      53
      48
      46
      45
      52
      51
      48
      42
      49
      40
      51
      53
      54
      45
      47
      53
      44
      52
      50
      52
      35
      51
      48
      45
      48
      33
      44
      51
      45
      60
      45
      45
      41
      44
      43
      48
      41
      42
      42
      39
      37
      47
      56
      43
      62
      48
      40
      41
      42
      53
      43
      45
      52
      41
      41
      56
      44
      44
      43
      37
      45
      46
      41
      61
      54
      47
      53
      44
      42
      43
      55
      48
      50
      45
      37
      43
      52
      59
      61
      43
      47
      63
      36
      53
      51
      47
      53
      35
      43
      53
      44
      53
      45
      41
      64
      64
      38
      46
      53
      56
      39
      56
      53
      51
      56
      54
      47
      50
      50
      44
      34
      44
      53
      51
      63
      47
      50
      47
      51
      39
      51
      46
      58
      44
      38
      45
      52
      45
      49
      34
      63
      50
      45
      45
      49
      32
      42
      39
      53
      66
      39
      52
      57
      41
      46
      53
      41
      42
      56
      53
      45
      46
      58
      38
      48
      46
      65
      33
      47
      36
      49
      53
      57
      42
      52
      34
      54
      59
      41
      55
      51
      45
      45
      51
      45
      42
      49
      54
      54
      47
      55
      53
      45
      47
      46
      47
      52
      42
      39
      45
      55
      53
      51
      37
      50
      42
      48
      41
      39
      47
      38
      51
      48
      49
      45
      57
      54
      41
      39
      50
      58
      37
      49
      53
      45
      54
      43
      50
       2
       0
       0
       0
       0
       0
       0
       0
       0
       0
       0
       0
       0
       0
       0
       0
       0
       0
       0
       0
       0
       0
       0
       0
       0
       0
       0
       0
       0
       0
       0
       0
       0
       0
       0
       0
       0
       0
       0
       0
       0
       0
       0
       0
       0
       0
       0
       0
       0
       0
       0
       0
       0
       0
       0
       0
       0
       0
       0
       0
       0
       0
       0
       0
       0
       0
       0
       0
$ROI:
2
95 97
514 605
$PRESETS:
Real Time
200
0
$ENER_FIT:
-289.438599 1.280702
$MCA_CAL:
3
-2.894386E+002 1.280702E+000 0.000000E+000
$SHAPE_CAL:
3
0.000000E+000 0.000000E+000 0.000000E+000
