$SPEC_ID:
MEASURE 169.
$SPEC_REM:
DET# 1
DETDESC# MCB 25
AP# Maestro Version 6.05
$DATE_MEA:
04/03/2003 22:13:28
$MEAS_TIM:
195 200
$DATA:
0 1023
       0
       0
       0
       0
       0
       0
       0
       0
       0
       0
       0
       0
       0
       0
       0
       0
       0
       0
       0
       0
       0
       0
       0
       0
       0
       0
       0
       0
       0
       0
       0
       0
       0
       0
       0
       0
       0
       0
       0
       0
       0
       0
       0
       0
     163
     275
     313
     299
     278
     275
     321
     297
     298
     294
     329
     300
     265
     261
     309
     272
     318
     294
     303
     293
     266
     311
     275
     291
     301
     338
     341
     328
     293
     305
     308
     310
     345
     336
     355
     358
     327
     352
     385
     374
     400
     372
     399
     400
     396
     415
     421
     401
     410
     384
     409
     411
     434
     432
     418
     429
     460
     475
     470
     477
     473
     508
     493
     470
     468
     530
     532
     507
     554
     533
     542
     565
     554
     540
     525
     541
     612
     586
     612
     535
     554
     544
     556
     571
     564
     575
     612
     594
     604
     624
     592
     599
     630
     650
     610
     627
     635
     635
     600
     639
     662
     667
     648
     655
     628
     682
     588
     676
     646
     600
     633
     673
     659
     667
     708
     670
     681
     706
     672
     696
     696
     656
     668
     677
     644
     672
     653
     680
     597
     674
     674
     666
     648
     655
     642
     684
     650
     633
     677
     626
     646
     639
     669
     609
     676
     638
     648
     660
     625
     659
     723
     627
     671
     653
     661
     684
     725
     728
     698
     683
     679
     711
     734
     725
     760
     726
     676
     788
     745
     766
     706
     775
     735
     766
     780
     741
     767
     779
     729
     802
     772
     749
     748
     741
     726
     735
     751
     736
     777
     716
     698
     685
     672
     655
     702
     673
     678
     667
     686
     693
     671
     651
     593
     665
     642
     644
     622
     619
     662
     633
     611
     629
     621
     560
     602
     649
     557
     581
     564
     603
     569
     557
     589
     600
     585
     558
     580
     558
     577
     572
     507
     563
     578
     561
     538
     547
     553
     535
     529
     540
     504
     515
     535
     483
     532
     513
     522
     539
     509
     501
     503
     507
     487
     471
     503
     488
     468
     463
     480
     487
     482
     468
     436
     485
     439
     458
     474
     476
     451
     457
     447
     455
     447
     460
     418
     406
     418
     409
     465
     446
     414
     426
     438
     419
     458
     455
     406
     426
     410
     442
     403
     417
     441
     389
     410
     394
     411
     386
     362
     395
     405
     407
     413
     390
     360
     413
     375
     393
     382
     392
     404
     369
     384
     383
     357
     386
     396
     323
     351
     378
     346
     404
     377
     381
     368
     382
     335
     347
     330
     328
     356
     364
     351
     325
     328
     300
     323
     298
     323
     349
     301
     301
     280
     288
     320
     296
     283
     294
     268
     259
     299
     252
     276
     275
     271
     267
     261
     256
     246
     254
     208
     229
     210
     254
     244
     241
     218
     208
     209
     205
     197
     204
     211
     223
     200
     183
     179
     202
     217
     182
     187
     197
     190
     194
     175
     193
     173
     170
     185
     172
     162
     166
     134
     159
     146
     173
     163
     167
     152
     159
     171
     168
     156
     180
     138
     149
     152
     153
     154
     149
     138
     161
     145
     144
     146
     151
     144
     146
     167
     139
     134
     132
     152
     130
     144
     146
     134
     139
     146
     127
     163
     134
     122
     149
     139
     123
     137
     116
     143
     111
     140
     140
     137
     131
     143
     133
     116
     145
     132
     128
     131
     120
     149
     138
     134
     159
     143
     136
     137
     141
     126
     138
     122
     125
     133
     142
     134
     135
     125
     138
     138
     151
     112
     136
     151
     139
     141
     126
     141
     135
     129
     144
     144
     133
     128
     182
     165
     159
     154
     159
     155
     160
     153
     182
     162
     187
     177
     215
     202
     225
     214
     237
     244
     247
     279
     237
     281
     242
     306
     335
     333
     355
     340
     395
     383
     432
     429
     524
     506
     515
     541
     590
     640
     655
     635
     732
     747
     749
     759
     844
     828
     922
     914
     994
    1077
    1059
    1055
    1059
    1109
    1171
    1245
    1242
    1219
    1306
    1335
    1352
    1329
    1306
    1353
    1378
    1407
    1350
    1439
    1411
    1386
    1384
    1429
    1438
    1403
    1409
    1383
    1329
    1384
    1265
    1262
    1276
    1191
    1210
    1083
    1097
    1099
    1026
    1009
     980
    1028
     871
     870
     845
     732
     708
     689
     656
     594
     603
     575
     530
     449
     440
     420
     404
     349
     344
     343
     312
     304
     256
     226
     262
     198
     173
     157
     168
     127
     143
     111
     142
     117
     120
     109
      98
      89
      64
      72
      64
      72
      64
      97
      77
      64
      68
      68
      61
      52
      59
      55
      54
      55
      50
      66
      64
      67
      61
      48
      63
      50
      55
      47
      54
      52
      50
      62
      52
      56
      42
      49
      38
      45
      49
      58
      59
      55
      53
      45
      45
      54
      50
      54
      48
      50
      66
      47
      50
      48
      51
      56
      48
      68
      37
      45
      46
      47
      50
      60
      48
      70
      47
      53
      53
      54
      55
      54
      56
      48
      45
      51
      51
      42
      33
      54
      51
      51
      45
      35
      40
      49
      52
      57
      42
      48
      57
      55
      62
      48
      43
      42
      55
      42
      50
      45
      54
      51
      45
      46
      51
      58
      42
      53
      45
      40
      46
      47
      45
      46
      47
      44
      40
      50
      35
      59
      39
      66
      53
      44
      60
      49
      52
      44
      38
      41
      46
      45
      54
      43
      45
      43
      41
      46
      49
      49
      49
      45
      38
      53
      49
      56
      46
      55
      51
      47
      42
      50
      29
      33
      47
      50
      49
      47
      46
      52
      39
      43
      54
      56
      55
      39
      46
      51
      40
      47
      66
      43
      34
      45
      38
      35
      50
      52
      33
      42
      45
      31
      56
      68
      52
      52
      44
      36
      47
      45
      43
      54
      39
      39
      38
      51
      58
      37
      42
      57
      37
      62
      35
      42
      51
      52
      50
      48
      53
      48
      48
      46
      56
      46
      42
      62
      35
      57
      41
      46
      49
      48
      56
      49
      49
      47
      45
      49
      55
      54
      47
      44
      57
      47
      60
      55
      42
      45
      47
      40
      47
      42
      56
      49
      65
      56
      48
      57
      45
      49
      43
      45
      46
      61
      41
      44
      33
      38
      49
      38
      47
      47
      39
      38
      44
      44
      25
      39
      47
      44
      50
      43
      37
      49
      47
      44
      42
      43
      52
      53
      44
      31
      48
      50
      60
      49
      52
      50
      50
      53
      43
      41
      50
      54
      49
      51
      38
      42
      44
      43
      50
      53
      48
       0
       0
       0
       0
       0
       0
       0
       0
       0
       0
       0
       0
       0
       0
       0
       0
       0
       0
       0
       0
       0
       0
       0
       0
       0
       0
       0
       0
       0
       0
       0
       0
       0
       0
       0
       0
       0
       0
       0
       0
       0
       0
       0
       0
       0
       0
       0
       0
       0
       0
       0
       0
       0
       0
       0
       0
       0
       0
       0
       0
       0
       0
       0
       0
       0
       0
       0
       0
$ROI:
2
95 97
514 605
$PRESETS:
Real Time
200
0
$ENER_FIT:
-289.438599 1.280702
$MCA_CAL:
3
-2.894386E+002 1.280702E+000 0.000000E+000
$SHAPE_CAL:
3
0.000000E+000 0.000000E+000 0.000000E+000
