$SPEC_ID:
MEASURE 105.
$SPEC_REM:
DET# 1
DETDESC# MCB 25
AP# Maestro Version 6.05
$DATE_MEA:
04/03/2003 16:53:28
$MEAS_TIM:
195 200
$DATA:
0 1023
       0
       0
       0
       0
       0
       0
       0
       0
       0
       0
       0
       0
       0
       0
       0
       0
       0
       0
       0
       0
       0
       0
       0
       0
       0
       0
       0
       0
       0
       0
       0
       0
       0
       0
       0
       0
       0
       0
       0
       0
       0
       0
       0
       0
     146
     278
     273
     278
     307
     303
     265
     298
     292
     296
     268
     264
     273
     274
     289
     306
     272
     296
     299
     313
     292
     302
     331
     347
     315
     304
     324
     350
     333
     320
     321
     347
     339
     333
     355
     334
     352
     389
     338
     361
     399
     388
     402
     382
     386
     403
     408
     393
     419
     405
     446
     428
     419
     464
     475
     451
     482
     501
     498
     494
     500
     475
     477
     517
     562
     484
     525
     488
     524
     602
     526
     577
     565
     534
     546
     495
     593
     550
     549
     553
     596
     579
     576
     610
     598
     568
     583
     614
     622
     641
     618
     636
     633
     642
     618
     644
     649
     659
     587
     610
     657
     619
     626
     639
     677
     679
     641
     632
     620
     702
     662
     660
     679
     655
     631
     655
     642
     643
     658
     661
     608
     704
     680
     692
     632
     653
     686
     673
     606
     663
     686
     659
     626
     693
     629
     647
     600
     634
     673
     640
     638
     650
     664
     681
     650
     672
     664
     664
     664
     639
     721
     705
     662
     709
     701
     674
     773
     721
     695
     729
     675
     745
     678
     704
     745
     713
     755
     770
     750
     751
     772
     829
     808
     761
     736
     734
     788
     697
     735
     816
     756
     726
     732
     681
     731
     715
     696
     707
     704
     682
     706
     695
     751
     638
     703
     644
     694
     702
     614
     627
     652
     655
     609
     693
     634
     641
     610
     591
     604
     547
     623
     606
     618
     607
     607
     567
     608
     595
     590
     600
     584
     568
     551
     561
     601
     590
     575
     601
     563
     571
     586
     579
     574
     544
     576
     574
     551
     507
     532
     564
     521
     532
     500
     488
     525
     485
     491
     462
     519
     565
     487
     499
     511
     498
     494
     472
     530
     477
     438
     470
     468
     471
     494
     474
     441
     471
     484
     466
     462
     483
     449
     447
     437
     450
     486
     421
     461
     436
     409
     452
     410
     423
     398
     388
     459
     457
     400
     424
     409
     376
     429
     405
     430
     444
     369
     429
     376
     420
     393
     379
     416
     397
     409
     417
     392
     407
     390
     358
     395
     390
     379
     373
     370
     388
     376
     347
     342
     378
     354
     373
     318
     372
     320
     353
     331
     353
     378
     368
     320
     359
     350
     311
     378
     360
     322
     319
     309
     358
     314
     311
     326
     299
     327
     329
     292
     295
     311
     286
     259
     281
     283
     266
     252
     293
     235
     241
     275
     249
     248
     226
     248
     230
     227
     225
     222
     214
     207
     201
     199
     192
     218
     190
     179
     184
     237
     183
     196
     185
     171
     185
     195
     180
     188
     192
     185
     193
     182
     169
     186
     171
     168
     164
     187
     136
     165
     153
     177
     168
     151
     135
     165
     163
     174
     154
     171
     154
     162
     164
     165
     158
     137
     156
     156
     128
     141
     130
     135
     131
     150
     155
     136
     136
     141
     122
     144
     135
     127
     137
     133
     144
     113
     132
     124
     125
     110
     170
     153
     127
     136
     122
     137
     148
     119
     117
     139
     147
     153
     147
     119
     134
     130
     114
     150
     159
     134
     133
     111
     130
     155
     150
     147
     145
     127
     135
     139
     120
     138
     130
     135
     129
     126
     140
     146
     127
     134
     114
     144
     126
     143
     139
     144
     151
     126
     166
     142
     169
     203
     158
     167
     165
     164
     191
     210
     203
     202
     184
     192
     184
     220
     236
     246
     240
     255
     287
     266
     301
     330
     364
     412
     376
     407
     450
     465
     473
     498
     554
     532
     576
     595
     636
     639
     667
     744
     799
     838
     832
     898
     888
     916
     940
    1017
    1017
    1082
    1160
    1109
    1226
    1200
    1249
    1205
    1260
    1281
    1351
    1384
    1385
    1439
    1405
    1415
    1459
    1466
    1406
    1458
    1434
    1374
    1429
    1384
    1402
    1443
    1371
    1308
    1258
    1322
    1267
    1205
    1155
    1182
    1062
    1095
    1059
    1035
    1023
     880
     847
     819
     817
     796
     716
     701
     667
     628
     580
     520
     529
     454
     417
     436
     370
     359
     324
     326
     278
     257
     232
     222
     216
     183
     182
     164
     149
     127
     128
     118
      95
     100
      97
      97
     106
      81
      91
      80
      76
      65
      72
      57
      72
      66
      56
      66
      55
      53
      55
      54
      64
      67
      55
      62
      50
      59
      61
      45
      47
      55
      64
      43
      59
      58
      48
      51
      42
      71
      45
      60
      47
      53
      51
      41
      53
      60
      46
      61
      53
      51
      58
      42
      48
      65
      62
      45
      49
      61
      44
      41
      56
      43
      41
      44
      47
      55
      51
      50
      49
      51
      48
      48
      37
      67
      43
      47
      55
      52
      51
      58
      43
      49
      36
      51
      57
      56
      53
      63
      36
      52
      50
      56
      53
      39
      51
      61
      51
      39
      55
      49
      52
      54
      52
      50
      43
      45
      54
      45
      57
      44
      49
      56
      43
      47
      51
      43
      38
      60
      45
      56
      40
      40
      46
      53
      43
      50
      46
      46
      36
      45
      56
      46
      45
      44
      48
      38
      47
      50
      49
      45
      58
      45
      35
      38
      57
      29
      47
      58
      46
      48
      51
      37
      47
      39
      51
      43
      43
      47
      42
      46
      40
      37
      41
      49
      44
      46
      48
      40
      42
      44
      48
      41
      49
      52
      45
      56
      57
      46
      39
      62
      59
      46
      46
      52
      43
      43
      44
      40
      47
      58
      48
      52
      44
      70
      54
      53
      50
      50
      42
      49
      40
      49
      57
      50
      47
      49
      50
      58
      46
      51
      37
      41
      48
      38
      49
      58
      43
      50
      43
      55
      51
      35
      44
      47
      39
      49
      43
      39
      53
      57
      68
      43
      49
      51
      59
      43
      48
      45
      48
      50
      40
      50
      47
      41
      28
      49
      47
      55
      57
      48
      66
      54
      34
      37
      39
      54
      59
      52
      53
      42
      40
      46
      48
      55
      50
      63
      49
      45
      51
      45
      34
      51
      53
      50
      50
      41
      47
      36
      49
      56
      39
      39
      44
      46
      55
      51
      58
      48
      43
      46
      50
      49
      44
      50
      58
      52
      35
      46
      46
      42
      48
      55
      42
      56
      52
      49
      39
      54
      46
      62
      43
       0
       0
       0
       0
       0
       0
       0
       0
       0
       0
       0
       0
       0
       0
       0
       0
       0
       0
       0
       0
       0
       0
       0
       0
       0
       0
       0
       0
       0
       0
       0
       0
       0
       0
       0
       0
       0
       0
       0
       0
       0
       0
       0
       0
       0
       0
       0
       0
       0
       0
       0
       0
       0
       0
       0
       0
       0
       0
       0
       0
       0
       0
       0
       0
       0
       0
       0
       0
$ROI:
2
95 97
514 605
$PRESETS:
Real Time
200
0
$ENER_FIT:
-289.438599 1.280702
$MCA_CAL:
3
-2.894386E+002 1.280702E+000 0.000000E+000
$SHAPE_CAL:
3
0.000000E+000 0.000000E+000 0.000000E+000
