$SPEC_ID:
MEASURE 502.
$SPEC_REM:
DET# 1
DETDESC# MCB 25
AP# Maestro Version 6.05
$DATE_MEA:
04/05/2003 01:58:28
$MEAS_TIM:
195 200
$DATA:
0 1023
       0
       0
       0
       0
       0
       0
       0
       0
       0
       0
       0
       0
       0
       0
       0
       0
       0
       0
       0
       0
       0
       0
       0
       0
       0
       0
       0
       0
       0
       0
       0
       0
       0
       0
       0
       0
       0
       0
       0
       0
       0
       0
       0
       0
     142
     260
     313
     283
     272
     287
     287
     292
     289
     287
     283
     271
     320
     284
     272
     296
     283
     287
     287
     311
     289
     316
     310
     331
     309
     302
     290
     326
     279
     315
     311
     322
     314
     312
     339
     347
     349
     359
     335
     338
     361
     370
     349
     375
     383
     396
     417
     378
     384
     418
     376
     424
     440
     421
     441
     473
     409
     453
     460
     466
     477
     475
     482
     463
     469
     484
     482
     504
     536
     514
     504
     506
     488
     509
     526
     524
     534
     523
     522
     574
     581
     534
     532
     566
     599
     555
     548
     531
     556
     636
     611
     640
     593
     612
     571
     645
     596
     663
     632
     603
     628
     610
     603
     653
     634
     621
     638
     632
     613
     627
     637
     656
     619
     619
     638
     617
     686
     615
     662
     679
     621
     680
     688
     671
     624
     626
     636
     639
     684
     678
     646
     613
     634
     585
     651
     634
     645
     640
     642
     629
     657
     607
     618
     641
     631
     641
     632
     658
     629
     635
     636
     678
     707
     653
     661
     641
     618
     659
     654
     712
     692
     698
     658
     697
     704
     714
     720
     736
     668
     717
     719
     716
     729
     729
     733
     805
     734
     767
     791
     748
     713
     722
     712
     774
     743
     744
     737
     756
     729
     715
     709
     706
     701
     700
     714
     721
     699
     641
     639
     635
     666
     650
     632
     667
     635
     637
     589
     612
     607
     629
     608
     607
     608
     636
     630
     585
     597
     555
     626
     610
     579
     593
     526
     567
     595
     581
     633
     566
     562
     567
     537
     567
     592
     523
     574
     553
     520
     550
     550
     581
     556
     547
     530
     530
     514
     481
     530
     527
     497
     451
     515
     475
     496
     456
     471
     463
     503
     498
     464
     496
     470
     449
     462
     467
     437
     464
     465
     452
     463
     458
     482
     502
     469
     462
     486
     428
     456
     456
     394
     422
     448
     436
     427
     408
     445
     428
     427
     395
     413
     407
     427
     413
     428
     402
     379
     416
     430
     419
     401
     405
     384
     385
     416
     405
     393
     386
     381
     383
     391
     380
     393
     407
     360
     381
     381
     359
     351
     376
     378
     370
     376
     337
     333
     379
     383
     336
     353
     371
     408
     344
     338
     352
     365
     361
     330
     354
     313
     347
     292
     351
     340
     312
     341
     351
     298
     330
     311
     302
     319
     303
     282
     299
     287
     282
     285
     241
     278
     275
     270
     273
     234
     265
     271
     277
     259
     248
     262
     232
     259
     215
     231
     217
     248
     225
     197
     217
     207
     215
     165
     211
     227
     201
     197
     167
     176
     184
     196
     174
     163
     189
     181
     186
     184
     161
     178
     155
     178
     178
     185
     168
     186
     162
     157
     166
     164
     167
     154
     176
     171
     170
     197
     148
     145
     142
     135
     146
     160
     159
     172
     142
     154
     145
     150
     160
     115
     159
     135
     157
     149
     125
     125
     138
     127
     155
     146
     140
     146
     138
     128
     145
     142
     138
     121
     122
     137
     131
     154
     123
     127
     118
     131
     142
     139
     114
     118
     122
     134
     129
     118
     140
     105
     131
     136
     132
     127
     138
     119
     133
     126
     140
     136
     122
     145
     130
     128
     130
     139
     120
     123
     136
     136
     121
     145
     140
     129
     133
     142
     140
     154
     130
     138
     135
     138
     137
     146
     167
     157
     162
     154
     167
     162
     167
     158
     168
     158
     179
     192
     193
     214
     214
     212
     220
     228
     247
     249
     280
     312
     307
     293
     353
     340
     355
     405
     403
     419
     429
     454
     495
     529
     548
     535
     573
     640
     640
     746
     738
     738
     784
     830
     903
     889
     901
     975
     968
    1050
    1022
    1048
    1078
    1113
    1188
    1178
    1242
    1236
    1300
    1282
    1315
    1328
    1383
    1388
    1364
    1397
    1365
    1292
    1418
    1462
    1354
    1334
    1366
    1331
    1337
    1322
    1323
    1339
    1296
    1204
    1239
    1232
    1161
    1105
    1061
    1067
    1030
    1002
     902
     847
     862
     838
     809
     743
     677
     653
     622
     604
     557
     518
     502
     476
     425
     399
     385
     358
     302
     323
     272
     266
     264
     260
     206
     200
     174
     149
     150
     155
     141
     130
     141
     101
     110
      88
      89
      90
      98
      81
      69
      77
      64
      69
      76
      60
      69
      53
      66
      58
      48
      47
      60
      55
      59
      41
      44
      56
      62
      55
      49
      49
      61
      45
      38
      35
      53
      46
      52
      68
      43
      58
      53
      51
      51
      60
      57
      62
      55
      55
      45
      34
      50
      43
      48
      46
      62
      54
      45
      57
      51
      44
      32
      48
      46
      45
      54
      49
      52
      45
      52
      47
      42
      49
      41
      49
      44
      36
      51
      45
      52
      48
      46
      49
      60
      48
      51
      45
      53
      39
      50
      44
      46
      46
      43
      43
      45
      46
      41
      50
      42
      47
      51
      39
      35
      36
      42
      50
      37
      46
      50
      36
      43
      57
      45
      47
      39
      42
      48
      34
      39
      54
      52
      37
      52
      52
      30
      37
      52
      50
      39
      53
      45
      39
      54
      40
      34
      33
      58
      47
      55
      49
      46
      39
      52
      38
      36
      48
      43
      32
      58
      57
      54
      50
      46
      52
      45
      64
      47
      48
      57
      43
      40
      33
      46
      45
      53
      32
      50
      49
      42
      46
      47
      53
      47
      54
      43
      48
      51
      45
      43
      51
      45
      53
      58
      51
      47
      55
      53
      36
      45
      39
      59
      38
      38
      46
      47
      42
      45
      37
      40
      47
      60
      43
      39
      53
      41
      44
      54
      41
      51
      45
      41
      47
      40
      44
      40
      43
      40
      44
      55
      42
      39
      47
      49
      42
      44
      45
      41
      56
      54
      42
      42
      49
      57
      46
      44
      48
      46
      50
      58
      39
      45
      47
      52
      55
      32
      44
      50
      46
      38
      47
      53
      63
      43
      52
      55
      43
      48
      39
      47
      39
      45
      34
      39
      41
      48
      56
      48
      45
      43
      59
      44
      42
      49
      44
      55
      50
      45
      37
      46
      42
      54
      43
      48
      45
      42
      45
      40
      54
      39
      47
      39
      40
      32
      51
      46
      45
      42
       1
       0
       0
       0
       0
       0
       0
       0
       0
       0
       0
       0
       0
       0
       0
       0
       0
       0
       0
       0
       0
       0
       0
       0
       0
       0
       0
       0
       0
       0
       0
       0
       0
       0
       0
       0
       0
       0
       0
       0
       0
       0
       0
       0
       0
       0
       0
       0
       0
       0
       0
       0
       0
       0
       0
       0
       0
       0
       0
       0
       0
       0
       0
       0
       0
       0
       0
       0
$ROI:
2
95 97
514 605
$PRESETS:
Real Time
200
0
$ENER_FIT:
-289.438599 1.280702
$MCA_CAL:
3
-2.894386E+002 1.280702E+000 0.000000E+000
$SHAPE_CAL:
3
0.000000E+000 0.000000E+000 0.000000E+000
