$SPEC_ID:
MEASURE 106.
$SPEC_REM:
DET# 1
DETDESC# MCB 25
AP# Maestro Version 6.05
$DATE_MEA:
04/03/2003 16:58:28
$MEAS_TIM:
195 200
$DATA:
0 1023
       0
       0
       0
       0
       0
       0
       0
       0
       0
       0
       0
       0
       0
       0
       0
       0
       0
       0
       0
       0
       0
       0
       0
       0
       0
       0
       0
       0
       0
       0
       0
       0
       0
       0
       0
       0
       0
       0
       0
       0
       0
       0
       0
       0
     152
     283
     320
     294
     277
     297
     276
     295
     299
     297
     293
     278
     316
     288
     306
     289
     330
     277
     284
     300
     343
     291
     301
     352
     329
     319
     311
     320
     294
     338
     352
     374
     333
     292
     321
     366
     353
     362
     381
     374
     400
     393
     382
     423
     396
     414
     420
     418
     441
     431
     448
     438
     477
     468
     454
     442
     496
     479
     454
     468
     482
     465
     526
     460
     530
     543
     537
     521
     535
     492
     576
     530
     581
     554
     560
     552
     577
     592
     590
     611
     576
     515
     585
     596
     569
     585
     595
     579
     630
     634
     628
     646
     582
     610
     590
     629
     623
     619
     624
     653
     613
     701
     609
     619
     629
     632
     651
     641
     686
     629
     656
     677
     668
     676
     652
     671
     689
     642
     703
     659
     608
     634
     684
     693
     669
     672
     626
     710
     641
     615
     693
     670
     687
     645
     712
     645
     658
     654
     671
     611
     614
     649
     642
     631
     648
     691
     727
     639
     672
     637
     650
     705
     744
     680
     660
     688
     705
     675
     691
     718
     694
     706
     750
     754
     738
     745
     710
     735
     702
     724
     824
     786
     821
     786
     805
     750
     786
     774
     722
     710
     770
     769
     808
     750
     768
     777
     697
     725
     683
     735
     648
     704
     689
     706
     708
     676
     708
     650
     679
     647
     622
     675
     670
     602
     604
     607
     646
     603
     569
     595
     589
     616
     578
     587
     586
     598
     634
     635
     586
     559
     564
     574
     588
     584
     599
     556
     555
     535
     552
     578
     554
     588
     558
     562
     509
     554
     566
     598
     562
     536
     508
     498
     543
     540
     477
     525
     499
     500
     483
     485
     526
     473
     476
     476
     456
     498
     506
     478
     472
     495
     501
     472
     490
     456
     505
     436
     464
     474
     433
     452
     425
     451
     432
     427
     476
     466
     422
     452
     420
     415
     409
     412
     399
     405
     457
     412
     388
     429
     398
     423
     393
     407
     423
     410
     384
     427
     396
     396
     405
     402
     442
     406
     427
     399
     401
     391
     406
     430
     376
     410
     368
     380
     389
     369
     355
     388
     388
     362
     366
     357
     386
     405
     383
     344
     346
     362
     367
     364
     347
     323
     339
     349
     334
     319
     342
     340
     364
     339
     293
     278
     308
     276
     285
     301
     311
     290
     271
     265
     291
     302
     269
     278
     287
     273
     265
     259
     263
     246
     217
     235
     208
     236
     230
     206
     217
     221
     234
     207
     194
     211
     222
     220
     201
     204
     201
     182
     199
     201
     201
     168
     182
     184
     198
     177
     195
     180
     193
     151
     164
     150
     185
     182
     163
     166
     165
     159
     169
     188
     143
     176
     155
     152
     140
     157
     149
     158
     136
     139
     164
     139
     145
     148
     143
     164
     163
     144
     131
     121
     125
     154
     129
     152
     134
     154
     143
     144
     147
     147
     168
     133
     169
     146
     140
     136
     128
     145
     120
     129
     151
     126
     151
     135
     122
     155
     135
     127
     139
     124
     150
     136
     152
     134
     122
     118
     164
     123
     139
     140
     133
     124
     131
     110
     131
     128
     123
     143
     136
     120
     127
     121
     175
     114
     155
     154
     130
     142
     130
     134
     122
     131
     148
     147
     157
     146
     148
     150
     175
     173
     162
     192
     166
     189
     183
     226
     188
     184
     234
     235
     229
     232
     237
     266
     269
     283
     289
     320
     337
     321
     321
     360
     399
     417
     458
     473
     495
     501
     526
     570
     604
     603
     664
     684
     756
     768
     827
     794
     902
     855
     947
     954
     998
    1014
    1072
    1125
    1163
    1229
    1183
    1247
    1327
    1280
    1336
    1340
    1385
    1382
    1377
    1376
    1410
    1432
    1408
    1466
    1404
    1494
    1400
    1393
    1397
    1397
    1357
    1420
    1332
    1302
    1344
    1278
    1235
    1247
    1182
    1201
    1073
    1027
     946
     979
     923
     947
     835
     828
     765
     763
     706
     704
     564
     608
     550
     528
     473
     407
     399
     386
     328
     336
     307
     286
     266
     258
     220
     227
     223
     176
     169
     150
     146
     144
     123
     143
     115
     105
     106
      95
      76
      89
      76
      80
      73
      69
      57
      67
      55
      60
      68
      59
      56
      50
      67
      46
      68
      62
      51
      46
      55
      58
      61
      46
      53
      42
      57
      55
      47
      62
      53
      57
      49
      56
      52
      43
      48
      51
      51
      43
      59
      52
      46
      54
      51
      45
      44
      46
      49
      49
      49
      48
      44
      54
      53
      50
      41
      50
      60
      57
      42
      54
      42
      50
      51
      39
      43
      49
      33
      49
      52
      53
      53
      55
      57
      53
      57
      52
      50
      48
      45
      41
      43
      49
      56
      50
      40
      55
      54
      52
      45
      46
      39
      43
      50
      27
      42
      50
      49
      43
      43
      53
      48
      54
      64
      46
      46
      48
      49
      41
      55
      55
      34
      49
      52
      46
      54
      42
      38
      59
      52
      39
      45
      56
      51
      44
      42
      41
      46
      48
      51
      44
      40
      55
      42
      52
      45
      40
      39
      38
      48
      44
      52
      60
      59
      41
      47
      39
      50
      46
      36
      50
      53
      40
      37
      43
      47
      48
      47
      56
      56
      54
      43
      39
      48
      40
      51
      37
      41
      60
      47
      45
      44
      50
      52
      40
      37
      38
      62
      43
      41
      48
      54
      49
      49
      51
      48
      43
      42
      50
      50
      52
      45
      60
      41
      42
      55
      57
      33
      42
      41
      54
      46
      47
      49
      46
      44
      46
      43
      48
      59
      40
      45
      51
      45
      47
      48
      37
      49
      45
      35
      45
      51
      53
      44
      56
      56
      53
      44
      54
      46
      49
      53
      49
      43
      39
      42
      41
      52
      40
      52
      51
      40
      56
      51
      40
      42
      51
      50
      47
      43
      56
      56
      51
      48
      42
      56
      41
      46
      59
      46
      62
      59
      46
      40
      48
      46
      41
      60
      32
      43
      52
      63
      54
      54
      60
      53
      38
      51
      64
      46
      53
      54
      42
      48
      53
      53
      47
      40
      49
      48
      37
      53
      47
      54
      54
      52
      46
      51
      49
      55
      49
      54
      51
      50
      33
       5
       0
       0
       0
       0
       0
       0
       0
       0
       0
       0
       0
       0
       0
       0
       0
       0
       0
       0
       0
       0
       0
       0
       0
       0
       0
       0
       0
       0
       0
       0
       0
       0
       0
       0
       0
       0
       0
       0
       0
       0
       0
       0
       0
       0
       0
       0
       0
       0
       0
       0
       0
       0
       0
       0
       0
       0
       0
       0
       0
       0
       0
       0
       0
       0
       0
       0
       0
$ROI:
2
95 97
514 605
$PRESETS:
Real Time
200
0
$ENER_FIT:
-289.438599 1.280702
$MCA_CAL:
3
-2.894386E+002 1.280702E+000 0.000000E+000
$SHAPE_CAL:
3
0.000000E+000 0.000000E+000 0.000000E+000
