$SPEC_ID:
MEASURE 055.
$SPEC_REM:
DET# 1
DETDESC# MCB 25
AP# Maestro Version 6.05
$DATE_MEA:
04/03/2003 12:43:28
$MEAS_TIM:
195 200
$DATA:
0 1023
       0
       0
       0
       0
       0
       0
       0
       0
       0
       0
       0
       0
       0
       0
       0
       0
       0
       0
       0
       0
       0
       0
       0
       0
       0
       0
       0
       0
       0
       0
       0
       0
       0
       0
       0
       0
       0
       0
       0
       0
       0
       0
       0
       0
     158
     275
     278
     280
     310
     289
     295
     276
     311
     269
     297
     278
     301
     283
     288
     341
     274
     305
     304
     307
     312
     317
     329
     317
     314
     301
     316
     300
     333
     300
     370
     327
     350
     326
     348
     331
     360
     346
     351
     391
     364
     375
     391
     424
     411
     392
     381
     402
     431
     423
     468
     419
     460
     453
     477
     460
     475
     486
     484
     511
     526
     510
     493
     517
     504
     576
     552
     510
     590
     542
     554
     530
     566
     564
     529
     595
     603
     565
     577
     555
     600
     600
     599
     604
     606
     573
     607
     630
     613
     647
     650
     632
     593
     657
     653
     599
     633
     628
     664
     616
     647
     654
     621
     663
     662
     630
     645
     665
     664
     683
     647
     639
     670
     722
     733
     635
     659
     640
     653
     692
     656
     667
     653
     682
     620
     656
     642
     634
     620
     658
     662
     678
     609
     731
     680
     671
     596
     609
     628
     682
     627
     679
     651
     614
     659
     661
     672
     677
     702
     661
     659
     637
     691
     670
     721
     706
     773
     727
     799
     687
     777
     743
     720
     769
     739
     730
     776
     805
     716
     813
     752
     769
     757
     755
     704
     810
     781
     760
     736
     752
     715
     713
     780
     750
     781
     746
     734
     721
     702
     717
     753
     675
     675
     729
     638
     649
     672
     659
     683
     657
     611
     659
     645
     606
     649
     665
     604
     651
     573
     616
     629
     589
     595
     593
     612
     612
     587
     608
     576
     603
     599
     577
     530
     570
     554
     567
     561
     576
     580
     514
     551
     550
     499
     559
     553
     561
     523
     563
     539
     538
     529
     514
     582
     506
     531
     504
     529
     469
     503
     517
     481
     529
     491
     506
     501
     463
     472
     432
     478
     449
     475
     414
     413
     435
     464
     447
     462
     439
     448
     455
     467
     425
     431
     469
     482
     418
     412
     427
     405
     409
     444
     409
     416
     430
     418
     404
     426
     425
     421
     434
     370
     375
     425
     403
     419
     432
     388
     378
     434
     380
     395
     396
     373
     378
     389
     425
     380
     451
     388
     337
     417
     388
     362
     391
     432
     380
     335
     329
     344
     376
     379
     380
     355
     357
     372
     351
     365
     376
     322
     384
     362
     318
     322
     322
     296
     321
     297
     310
     318
     283
     308
     292
     304
     269
     276
     287
     266
     289
     272
     255
     228
     244
     269
     240
     217
     245
     245
     251
     237
     246
     243
     231
     227
     215
     226
     205
     213
     208
     192
     197
     220
     188
     195
     206
     226
     191
     184
     184
     187
     182
     172
     182
     166
     158
     157
     179
     165
     160
     185
     168
     176
     156
     187
     152
     176
     172
     147
     154
     177
     137
     166
     157
     158
     175
     166
     148
     140
     132
     162
     163
     145
     152
     180
     161
     138
     127
     158
     141
     146
     146
     131
     148
     130
     154
     107
     141
     156
     138
     135
     153
     134
     138
     136
     123
     144
     137
     137
     143
     125
     131
     132
     137
     139
     149
     119
     115
     156
     125
     148
     156
     136
     118
     150
     140
     118
     116
     145
     140
     127
     121
     137
     141
     127
     124
     129
     126
     161
     130
     141
     129
     138
     143
     119
     129
     148
     173
     154
     139
     139
     179
     135
     144
     154
     176
     174
     148
     167
     162
     177
     185
     200
     189
     220
     215
     228
     254
     234
     231
     280
     263
     343
     319
     346
     343
     380
     372
     395
     396
     429
     477
     501
     496
     544
     554
     641
     644
     653
     719
     776
     725
     794
     818
     876
     903
     906
     991
    1011
    1049
    1062
    1137
    1210
    1157
    1183
    1249
    1295
    1351
    1349
    1356
    1346
    1412
    1405
    1394
    1499
    1375
    1450
    1374
    1399
    1415
    1441
    1393
    1392
    1445
    1329
    1363
    1315
    1267
    1310
    1287
    1203
    1242
    1164
    1137
    1117
    1002
    1051
     974
     925
     886
     838
     750
     721
     757
     670
     695
     586
     559
     568
     499
     487
     441
     382
     375
     348
     304
     314
     271
     243
     244
     225
     228
     198
     169
     162
     155
     149
     124
     116
     111
     109
     104
      95
      88
      85
      87
      80
      62
      67
      68
      54
      53
      53
      62
      56
      55
      53
      55
      60
      54
      60
      62
      47
      68
      44
      53
      54
      51
      48
      55
      49
      54
      53
      51
      56
      45
      51
      41
      69
      49
      59
      56
      49
      49
      58
      56
      54
      56
      47
      63
      56
      47
      46
      54
      54
      47
      58
      46
      54
      49
      56
      43
      50
      54
      49
      52
      47
      46
      38
      50
      53
      57
      48
      45
      56
      65
      41
      53
      53
      47
      58
      52
      55
      47
      48
      45
      49
      44
      53
      59
      38
      59
      62
      42
      45
      33
      47
      36
      49
      55
      53
      47
      43
      52
      41
      27
      48
      44
      53
      48
      65
      53
      46
      53
      49
      53
      43
      59
      62
      41
      52
      40
      37
      52
      49
      37
      55
      40
      40
      50
      48
      53
      58
      42
      42
      46
      31
      49
      53
      46
      51
      53
      44
      43
      48
      58
      42
      45
      53
      49
      45
      39
      39
      43
      40
      43
      49
      44
      53
      47
      62
      36
      36
      45
      44
      47
      44
      52
      60
      43
      42
      47
      54
      51
      43
      50
      29
      44
      37
      46
      47
      52
      40
      46
      57
      44
      51
      49
      43
      47
      40
      45
      49
      48
      31
      47
      43
      42
      59
      51
      49
      37
      34
      48
      42
      48
      52
      44
      47
      45
      53
      52
      55
      46
      55
      59
      43
      37
      41
      45
      48
      39
      35
      47
      55
      54
      44
      42
      43
      49
      41
      47
      68
      51
      50
      54
      59
      58
      49
      51
      57
      39
      50
      56
      50
      45
      45
      50
      47
      41
      46
      38
      49
      51
      73
      44
      52
      56
      54
      46
      37
      55
      59
      50
      40
      38
      52
      53
      52
      71
      39
      45
      31
      45
      44
      36
      51
      55
      52
      60
      50
      57
      57
      45
      43
      58
      52
      48
      54
      49
      31
      45
      61
      37
      46
      49
      46
      49
      40
      31
      55
      50
      58
      47
      54
      42
      59
      39
      58
      50
      40
      46
      56
      36
       4
       0
       0
       0
       0
       0
       0
       0
       0
       0
       0
       0
       0
       0
       0
       0
       0
       0
       0
       0
       0
       0
       0
       0
       0
       0
       0
       0
       0
       0
       0
       0
       0
       0
       0
       0
       0
       0
       0
       0
       0
       0
       0
       0
       0
       0
       0
       0
       0
       0
       0
       0
       0
       0
       0
       0
       0
       0
       0
       0
       0
       0
       0
       0
       0
       0
       0
       0
$ROI:
2
95 97
514 605
$PRESETS:
Real Time
200
0
$ENER_FIT:
-289.438599 1.280702
$MCA_CAL:
3
-2.894386E+002 1.280702E+000 0.000000E+000
$SHAPE_CAL:
3
0.000000E+000 0.000000E+000 0.000000E+000
