$SPEC_ID:
MEASURE 336.
$SPEC_REM:
DET# 1
DETDESC# MCB 25
AP# Maestro Version 6.05
$DATE_MEA:
04/04/2003 12:08:28
$MEAS_TIM:
195 200
$DATA:
0 1023
       0
       0
       0
       0
       0
       0
       0
       0
       0
       0
       0
       0
       0
       0
       0
       0
       0
       0
       0
       0
       0
       0
       0
       0
       0
       0
       0
       0
       0
       0
       0
       0
       0
       0
       0
       0
       0
       0
       0
       0
       0
       0
       0
       0
     129
     271
     281
     286
     302
     279
     304
     302
     267
     292
     319
     268
     308
     291
     282
     269
     289
     293
     293
     297
     296
     283
     318
     264
     309
     295
     315
     324
     318
     337
     318
     320
     337
     334
     327
     333
     352
     344
     348
     354
     342
     350
     386
     400
     368
     383
     395
     388
     444
     384
     421
     402
     431
     463
     435
     455
     473
     444
     474
     492
     473
     424
     471
     502
     503
     501
     512
     502
     503
     531
     509
     528
     528
     507
     587
     569
     534
     555
     539
     575
     507
     583
     613
     587
     608
     589
     596
     567
     582
     537
     564
     602
     631
     554
     616
     632
     630
     634
     650
     701
     626
     609
     626
     596
     638
     619
     655
     646
     674
     644
     597
     665
     665
     663
     692
     567
     577
     629
     623
     623
     660
     654
     633
     682
     655
     600
     586
     601
     644
     664
     638
     641
     665
     624
     661
     670
     616
     617
     618
     649
     657
     671
     618
     644
     641
     656
     642
     646
     674
     654
     659
     672
     636
     662
     643
     667
     671
     662
     656
     695
     691
     657
     663
     724
     694
     734
     689
     693
     716
     729
     714
     699
     758
     714
     730
     744
     766
     772
     733
     786
     755
     776
     834
     711
     749
     761
     719
     739
     690
     716
     724
     691
     723
     711
     725
     684
     685
     671
     678
     628
     680
     668
     610
     588
     646
     612
     637
     613
     631
     603
     623
     612
     655
     580
     596
     565
     584
     559
     586
     627
     577
     585
     612
     634
     585
     556
     592
     540
     583
     605
     562
     557
     562
     558
     543
     548
     552
     576
     531
     563
     587
     521
     549
     513
     559
     501
     526
     527
     525
     508
     463
     511
     487
     493
     466
     480
     483
     488
     500
     489
     492
     467
     437
     439
     449
     470
     446
     461
     461
     450
     446
     496
     454
     418
     453
     444
     440
     448
     479
     470
     454
     435
     390
     439
     482
     414
     435
     397
     412
     420
     413
     403
     399
     397
     412
     415
     390
     393
     409
     387
     390
     389
     423
     377
     376
     367
     394
     405
     371
     365
     375
     370
     369
     371
     370
     383
     405
     376
     385
     377
     352
     364
     385
     355
     329
     348
     363
     320
     358
     372
     346
     375
     338
     331
     341
     337
     327
     318
     377
     309
     330
     295
     346
     296
     321
     317
     319
     311
     280
     283
     285
     294
     289
     274
     277
     284
     263
     269
     280
     216
     257
     254
     247
     211
     266
     235
     215
     224
     228
     237
     226
     235
     195
     233
     220
     193
     203
     217
     180
     212
     202
     183
     176
     179
     180
     196
     187
     199
     172
     193
     174
     179
     188
     171
     173
     160
     176
     145
     172
     172
     133
     155
     162
     159
     179
     192
     136
     168
     162
     140
     149
     142
     155
     146
     139
     132
     147
     146
     132
     156
     122
     141
     133
     151
     148
     133
     155
     141
     157
     119
     121
     122
     141
     129
     143
     138
     149
     138
     145
     159
     133
     148
     120
     141
     139
     116
     143
     138
     148
     130
     137
     145
     124
     122
     141
     143
     129
     127
     133
     113
     131
     137
     143
     130
     147
     127
     133
     117
     122
     119
     136
     140
     120
     112
     121
     122
     125
     135
     136
     147
     125
     137
     147
     126
     124
     123
     147
     146
     127
     152
     114
     140
     139
     153
     164
     164
     163
     182
     165
     190
     174
     187
     200
     212
     207
     212
     228
     229
     229
     268
     266
     275
     306
     307
     319
     312
     332
     378
     453
     390
     401
     439
     448
     482
     524
     582
     534
     595
     658
     671
     692
     724
     750
     802
     831
     845
     875
     932
     941
     981
    1017
    1064
    1062
    1160
    1197
    1216
    1277
    1185
    1299
    1344
    1345
    1308
    1298
    1408
    1341
    1385
    1391
    1486
    1441
    1472
    1424
    1433
    1380
    1364
    1358
    1392
    1357
    1314
    1300
    1295
    1231
    1182
    1164
    1076
    1196
    1080
    1057
    1052
     952
     912
     903
     892
     807
     757
     721
     741
     663
     618
     572
     523
     570
     481
     453
     390
     452
     366
     335
     328
     309
     242
     266
     257
     227
     215
     211
     168
     161
     138
     120
     138
     124
     105
     110
     107
      96
      90
      98
      90
      79
      64
      89
      77
      76
      54
      70
      68
      66
      50
      47
      77
      54
      52
      50
      54
      65
      45
      62
      57
      43
      57
      51
      47
      52
      40
      62
      54
      48
      40
      47
      48
      46
      56
      51
      53
      39
      55
      56
      45
      41
      51
      45
      45
      50
      64
      50
      48
      41
      50
      52
      56
      33
      45
      56
      46
      45
      55
      54
      46
      51
      33
      52
      50
      45
      38
      49
      50
      52
      56
      44
      60
      51
      52
      54
      64
      46
      50
      41
      36
      42
      39
      54
      49
      44
      48
      56
      51
      39
      46
      68
      45
      47
      43
      52
      45
      43
      45
      37
      49
      57
      51
      40
      46
      42
      49
      55
      56
      47
      43
      54
      61
      55
      60
      39
      52
      40
      45
      48
      43
      46
      44
      33
      51
      50
      40
      29
      39
      45
      49
      53
      44
      46
      38
      35
      34
      47
      50
      44
      45
      50
      51
      44
      37
      43
      50
      49
      49
      42
      50
      47
      32
      31
      47
      51
      41
      47
      46
      53
      40
      43
      43
      46
      43
      42
      48
      50
      43
      50
      33
      51
      49
      37
      41
      44
      43
      46
      36
      46
      54
      53
      50
      47
      45
      40
      54
      46
      46
      51
      51
      47
      39
      56
      56
      38
      45
      47
      46
      50
      31
      42
      38
      43
      54
      53
      39
      53
      45
      45
      49
      45
      59
      39
      42
      42
      41
      49
      44
      47
      56
      37
      47
      54
      31
      46
      55
      48
      40
      45
      43
      49
      40
      53
      41
      40
      51
      46
      43
      54
      47
      41
      49
      50
      53
      51
      47
      56
      42
      49
      52
      45
      61
      57
      43
      35
      56
      44
      53
      62
      45
      49
      60
      54
      51
      53
      46
      49
      48
      46
      51
      52
      57
      40
      53
      42
      47
      57
      53
      44
      59
      65
      57
      57
      49
      53
      45
      49
      37
      60
      50
      50
      42
      41
      36
       0
       0
       0
       0
       0
       0
       0
       0
       0
       0
       0
       0
       0
       0
       0
       0
       0
       0
       0
       0
       0
       0
       0
       0
       0
       0
       0
       0
       0
       0
       0
       0
       0
       0
       0
       0
       0
       0
       0
       0
       0
       0
       0
       0
       0
       0
       0
       0
       0
       0
       0
       0
       0
       0
       0
       0
       0
       0
       0
       0
       0
       0
       0
       0
       0
       0
       0
       0
$ROI:
2
95 97
514 605
$PRESETS:
Real Time
200
0
$ENER_FIT:
-289.438599 1.280702
$MCA_CAL:
3
-2.894386E+002 1.280702E+000 0.000000E+000
$SHAPE_CAL:
3
0.000000E+000 0.000000E+000 0.000000E+000
