$SPEC_ID:
MEASURE 439.
$SPEC_REM:
DET# 1
DETDESC# MCB 25
AP# Maestro Version 6.05
$DATE_MEA:
04/04/2003 20:43:28
$MEAS_TIM:
195 200
$DATA:
0 1023
       0
       0
       0
       0
       0
       0
       0
       0
       0
       0
       0
       0
       0
       0
       0
       0
       0
       0
       0
       0
       0
       0
       0
       0
       0
       0
       0
       0
       0
       0
       0
       0
       0
       0
       0
       0
       0
       0
       0
       0
       0
       0
       0
       0
     123
     272
     266
     262
     291
     294
     281
     277
     294
     282
     283
     292
     295
     255
     254
     289
     268
     256
     319
     287
     287
     323
     295
     310
     302
     326
     303
     313
     301
     302
     325
     313
     319
     345
     317
     361
     341
     347
     358
     363
     381
     365
     341
     364
     390
     402
     358
     390
     385
     440
     394
     399
     411
     403
     456
     421
     436
     446
     475
     501
     488
     461
     468
     460
     488
     488
     535
     487
     479
     510
     556
     537
     546
     511
     538
     516
     501
     525
     565
     545
     559
     563
     583
     583
     550
     585
     606
     556
     598
     568
     626
     556
     588
     649
     635
     595
     620
     590
     604
     604
     620
     635
     657
     624
     647
     631
     631
     646
     673
     643
     578
     607
     667
     615
     623
     651
     620
     602
     645
     621
     668
     642
     627
     648
     581
     605
     654
     662
     661
     657
     610
     595
     637
     662
     680
     609
     660
     626
     671
     637
     670
     634
     643
     682
     636
     633
     637
     594
     619
     655
     637
     705
     617
     632
     639
     716
     637
     679
     686
     694
     695
     714
     674
     720
     693
     702
     731
     739
     761
     726
     752
     771
     776
     763
     743
     747
     741
     791
     745
     767
     793
     758
     746
     793
     711
     774
     706
     714
     710
     709
     682
     698
     682
     662
     716
     656
     641
     678
     673
     625
     696
     688
     629
     650
     696
     616
     641
     632
     625
     617
     616
     622
     583
     593
     576
     615
     593
     595
     592
     565
     606
     593
     600
     544
     579
     589
     546
     649
     554
     595
     548
     542
     533
     573
     556
     518
     554
     517
     571
     544
     532
     545
     536
     549
     498
     506
     530
     502
     570
     526
     507
     515
     519
     453
     489
     481
     506
     471
     497
     460
     456
     464
     480
     495
     459
     466
     439
     465
     401
     476
     450
     466
     433
     449
     410
     438
     431
     432
     458
     431
     434
     430
     417
     459
     422
     383
     436
     419
     433
     418
     382
     433
     391
     380
     405
     431
     415
     392
     409
     397
     408
     432
     399
     396
     411
     419
     340
     378
     420
     396
     370
     375
     323
     389
     369
     356
     360
     414
     365
     377
     366
     402
     386
     342
     384
     402
     357
     344
     371
     319
     352
     345
     354
     349
     337
     316
     334
     349
     293
     324
     361
     291
     324
     341
     269
     301
     302
     292
     291
     325
     297
     292
     284
     262
     270
     296
     252
     251
     224
     274
     238
     276
     252
     243
     237
     227
     205
     230
     233
     215
     220
     211
     227
     212
     210
     201
     186
     224
     193
     189
     196
     191
     195
     195
     189
     172
     183
     153
     180
     155
     174
     211
     179
     167
     179
     171
     158
     184
     169
     157
     159
     150
     147
     160
     157
     165
     160
     135
     137
     172
     171
     156
     133
     161
     164
     133
     158
     137
     129
     132
     156
     146
     148
     126
     164
     129
     142
     113
     136
     148
     131
     149
     148
     129
     149
     159
     160
     135
     136
     140
     141
     138
     129
     118
     128
     135
     128
     133
     154
     113
     129
     117
     131
     130
     135
     142
     149
     132
     127
     128
     116
     115
     119
     128
     124
     142
     130
     151
     130
     121
     144
     137
     119
     124
     130
     149
     122
     125
     135
     126
     134
     125
     137
     136
     132
     137
     132
     130
     140
     128
     126
     155
     147
     137
     161
     138
     154
     164
     181
     183
     148
     181
     176
     165
     164
     176
     200
     212
     228
     238
     233
     240
     237
     275
     272
     314
     303
     301
     325
     324
     375
     384
     411
     421
     473
     498
     502
     524
     569
     585
     557
     683
     686
     713
     714
     730
     858
     841
     867
     902
     939
     995
     979
    1051
    1114
    1120
    1093
    1123
    1181
    1193
    1268
    1324
    1262
    1254
    1293
    1370
    1481
    1359
    1412
    1416
    1448
    1363
    1423
    1428
    1366
    1343
    1372
    1292
    1396
    1346
    1335
    1268
    1252
    1279
    1210
    1154
    1173
    1043
    1086
    1071
    1002
     951
     910
     861
     890
     843
     760
     740
     704
     667
     663
     591
     530
     502
     531
     480
     391
     401
     382
     359
     324
     292
     281
     255
     241
     212
     211
     191
     174
     159
     131
     146
     130
     121
      96
      89
     120
      91
      97
      81
      90
      75
      77
      78
      78
      67
      63
      55
      74
      57
      45
      64
      52
      57
      49
      48
      60
      47
      48
      67
      34
      40
      59
      51
      40
      44
      48
      60
      47
      62
      49
      68
      55
      60
      45
      55
      51
      59
      62
      47
      42
      64
      48
      51
      51
      46
      51
      43
      61
      66
      59
      40
      46
      44
      53
      53
      44
      48
      35
      49
      40
      49
      42
      36
      62
      43
      48
      49
      46
      46
      52
      51
      38
      56
      53
      50
      48
      51
      36
      44
      45
      52
      54
      51
      46
      45
      48
      45
      50
      42
      56
      52
      33
      55
      42
      44
      45
      51
      58
      65
      57
      44
      59
      47
      57
      36
      53
      47
      39
      46
      42
      52
      55
      40
      52
      41
      55
      48
      44
      55
      48
      37
      55
      44
      38
      50
      58
      26
      51
      52
      39
      55
      47
      46
      49
      45
      35
      51
      47
      40
      57
      42
      47
      51
      57
      52
      43
      42
      51
      45
      44
      45
      42
      49
      53
      40
      41
      45
      38
      48
      49
      37
      60
      53
      65
      44
      43
      47
      36
      53
      37
      45
      65
      46
      45
      33
      44
      44
      48
      48
      51
      42
      47
      45
      41
      53
      52
      43
      49
      39
      51
      48
      51
      47
      46
      49
      52
      46
      42
      46
      36
      36
      41
      31
      46
      46
      47
      48
      47
      52
      44
      47
      47
      38
      51
      52
      51
      50
      48
      61
      53
      55
      62
      53
      40
      40
      46
      42
      56
      58
      52
      55
      50
      43
      39
      59
      48
      47
      44
      43
      53
      46
      29
      46
      56
      40
      46
      47
      35
      65
      51
      55
      43
      40
      35
      54
      54
      36
      42
      38
      41
      50
      56
      44
      61
      49
      59
      53
      59
      50
      44
      57
      42
      47
      57
      48
      44
      54
      49
      42
      47
      52
      43
      46
      52
      54
      51
      58
      51
      43
      41
      42
       3
       0
       0
       0
       0
       0
       0
       0
       0
       0
       0
       0
       0
       0
       0
       0
       0
       0
       0
       0
       0
       0
       0
       0
       0
       0
       0
       0
       0
       0
       0
       0
       0
       0
       0
       0
       0
       0
       0
       0
       0
       0
       0
       0
       0
       0
       0
       0
       0
       0
       0
       0
       0
       0
       0
       0
       0
       0
       0
       0
       0
       0
       0
       0
       0
       0
       0
       0
$ROI:
2
95 97
514 605
$PRESETS:
Real Time
200
0
$ENER_FIT:
-289.438599 1.280702
$MCA_CAL:
3
-2.894386E+002 1.280702E+000 0.000000E+000
$SHAPE_CAL:
3
0.000000E+000 0.000000E+000 0.000000E+000
