$SPEC_ID:
MEASURE 333.
$SPEC_REM:
DET# 1
DETDESC# MCB 25
AP# Maestro Version 6.05
$DATE_MEA:
04/04/2003 11:53:28
$MEAS_TIM:
195 200
$DATA:
0 1023
       0
       0
       0
       0
       0
       0
       0
       0
       0
       0
       0
       0
       0
       0
       0
       0
       0
       0
       0
       0
       0
       0
       0
       0
       0
       0
       0
       0
       0
       0
       0
       0
       0
       0
       0
       0
       0
       0
       0
       0
       0
       0
       0
       0
     119
     303
     286
     292
     314
     292
     273
     298
     253
     301
     278
     318
     291
     269
     256
     289
     313
     293
     340
     296
     274
     302
     328
     292
     296
     314
     330
     311
     323
     299
     331
     308
     381
     333
     359
     305
     325
     343
     386
     391
     339
     349
     373
     375
     403
     379
     397
     414
     420
     415
     438
     401
     458
     453
     409
     437
     455
     490
     475
     490
     459
     465
     510
     519
     494
     562
     491
     505
     532
     529
     532
     509
     540
     597
     529
     567
     559
     509
     518
     567
     563
     568
     567
     548
     576
     563
     570
     553
     586
     599
     537
     564
     558
     614
     562
     555
     614
     594
     653
     631
     596
     597
     646
     591
     648
     657
     649
     607
     595
     680
     619
     655
     729
     623
     618
     609
     609
     660
     696
     687
     651
     667
     651
     690
     621
     675
     671
     615
     631
     636
     623
     632
     642
     645
     638
     649
     628
     620
     667
     705
     666
     629
     626
     619
     632
     650
     657
     665
     703
     667
     671
     635
     694
     634
     654
     624
     663
     644
     679
     707
     676
     680
     733
     757
     696
     719
     705
     736
     752
     788
     726
     799
     774
     749
     740
     720
     771
     752
     740
     730
     728
     704
     756
     764
     772
     747
     777
     692
     744
     729
     686
     717
     728
     722
     667
     662
     654
     653
     641
     627
     713
     672
     681
     620
     642
     632
     650
     659
     596
     627
     593
     612
     674
     614
     573
     630
     597
     573
     617
     593
     617
     582
     569
     592
     515
     590
     551
     534
     556
     590
     566
     576
     562
     558
     564
     578
     576
     536
     551
     532
     540
     545
     538
     510
     543
     529
     555
     486
     515
     517
     522
     522
     483
     472
     465
     493
     498
     511
     505
     455
     506
     481
     457
     487
     479
     472
     463
     445
     485
     461
     471
     428
     438
     426
     430
     411
     413
     476
     420
     471
     379
     422
     419
     451
     416
     493
     411
     387
     416
     417
     382
     411
     406
     442
     426
     404
     382
     426
     398
     434
     401
     413
     394
     386
     416
     417
     422
     408
     407
     379
     372
     375
     411
     393
     367
     369
     353
     386
     371
     379
     403
     343
     349
     352
     377
     352
     373
     349
     375
     378
     329
     333
     349
     351
     359
     327
     357
     341
     310
     326
     338
     303
     325
     319
     297
     294
     309
     322
     290
     289
     272
     279
     289
     275
     250
     262
     261
     262
     247
     240
     236
     251
     226
     219
     239
     239
     254
     213
     204
     209
     209
     202
     216
     195
     218
     171
     216
     214
     202
     213
     204
     157
     178
     208
     178
     183
     170
     181
     176
     184
     176
     151
     157
     168
     179
     171
     187
     152
     161
     166
     144
     168
     170
     140
     162
     154
     171
     150
     153
     159
     158
     135
     127
     153
     149
     140
     128
     144
     152
     150
     142
     165
     167
     145
     155
     138
     131
     136
     139
     132
     137
     123
     124
     129
     134
     130
     130
     126
     132
     125
     157
     142
     142
     143
     152
     128
     134
     119
     121
     148
     134
     126
     126
     125
     126
     112
     112
     136
     124
     147
     147
     141
     136
     137
     110
     128
     109
     136
     122
     122
     123
     130
     123
     119
     119
     121
     129
     141
     139
     130
     132
     147
     136
     161
     112
     138
     134
     139
     120
     147
     151
     161
     161
     154
     138
     173
     172
     153
     152
     183
     195
     188
     201
     178
     214
     224
     230
     226
     256
     240
     273
     264
     295
     293
     296
     369
     353
     338
     376
     401
     386
     435
     456
     505
     501
     555
     535
     630
     608
     663
     682
     750
     747
     787
     836
     891
     915
     890
     980
     975
    1052
    1061
    1026
    1111
    1180
    1149
    1265
    1269
    1251
    1286
    1310
    1306
    1383
    1356
    1296
    1424
    1337
    1445
    1422
    1349
    1443
    1336
    1389
    1372
    1408
    1379
    1365
    1319
    1337
    1321
    1320
    1169
    1211
    1220
    1113
    1095
    1052
     995
    1017
     989
     853
     822
     832
     800
     750
     729
     652
     607
     637
     536
     509
     457
     445
     426
     386
     383
     332
     328
     312
     311
     272
     243
     234
     224
     205
     183
     168
     158
     170
     128
     120
     122
     115
      96
      91
     107
      85
      74
      61
      66
      65
      83
      48
      60
      55
      60
      49
      64
      45
      63
      62
      56
      40
      47
      46
      51
      40
      59
      49
      58
      41
      39
      53
      49
      58
      55
      63
      54
      50
      51
      46
      56
      50
      56
      48
      48
      50
      52
      53
      55
      46
      40
      28
      58
      38
      60
      54
      51
      47
      42
      42
      44
      48
      62
      51
      48
      61
      58
      43
      49
      45
      58
      44
      47
      51
      52
      55
      53
      39
      60
      48
      45
      56
      51
      48
      49
      48
      57
      49
      47
      40
      43
      46
      40
      44
      55
      57
      60
      37
      44
      46
      43
      55
      48
      42
      55
      41
      46
      45
      55
      46
      60
      48
      41
      35
      50
      47
      50
      52
      42
      36
      51
      46
      39
      46
      28
      52
      47
      53
      40
      46
      56
      41
      56
      44
      45
      44
      41
      49
      34
      51
      36
      58
      47
      46
      52
      43
      53
      36
      43
      53
      40
      43
      43
      64
      39
      35
      48
      60
      49
      53
      51
      40
      50
      67
      44
      46
      46
      43
      33
      51
      44
      52
      41
      47
      40
      40
      50
      46
      37
      49
      51
      30
      49
      39
      35
      51
      43
      49
      53
      57
      51
      42
      58
      54
      37
      40
      38
      39
      54
      46
      43
      41
      34
      41
      51
      60
      44
      38
      55
      51
      46
      49
      37
      45
      46
      41
      47
      40
      50
      36
      30
      44
      59
      54
      39
      45
      30
      44
      47
      52
      41
      55
      49
      45
      39
      47
      39
      46
      41
      41
      52
      48
      57
      52
      43
      41
      37
      37
      51
      46
      38
      60
      45
      47
      50
      54
      54
      49
      45
      51
      41
      41
      38
      47
      50
      48
      49
      44
      65
      31
      41
      45
      47
      54
      49
      51
      46
      54
      46
      50
      44
      45
      55
      42
      57
      51
      41
      45
      45
      38
      41
      47
      42
      53
      43
      47
      53
      45
      51
      45
      33
       0
       0
       0
       0
       0
       0
       0
       0
       0
       0
       0
       0
       0
       0
       0
       0
       0
       0
       0
       0
       0
       0
       0
       0
       0
       0
       0
       0
       0
       0
       0
       0
       0
       0
       0
       0
       0
       0
       0
       0
       0
       0
       0
       0
       0
       0
       0
       0
       0
       0
       0
       0
       0
       0
       0
       0
       0
       0
       0
       0
       0
       0
       0
       0
       0
       0
       0
       0
$ROI:
2
95 97
514 605
$PRESETS:
Real Time
200
0
$ENER_FIT:
-289.438599 1.280702
$MCA_CAL:
3
-2.894386E+002 1.280702E+000 0.000000E+000
$SHAPE_CAL:
3
0.000000E+000 0.000000E+000 0.000000E+000
