$SPEC_ID:
MEASURE 125.
$SPEC_REM:
DET# 1
DETDESC# MCB 25
AP# Maestro Version 6.05
$DATE_MEA:
04/03/2003 18:33:28
$MEAS_TIM:
195 200
$DATA:
0 1023
       0
       0
       0
       0
       0
       0
       0
       0
       0
       0
       0
       0
       0
       0
       0
       0
       0
       0
       0
       0
       0
       0
       0
       0
       0
       0
       0
       0
       0
       0
       0
       0
       0
       0
       0
       0
       0
       0
       0
       0
       0
       0
       0
       0
     114
     281
     282
     264
     286
     293
     293
     274
     249
     305
     279
     287
     274
     310
     298
     295
     294
     307
     325
     295
     271
     289
     339
     328
     352
     298
     315
     325
     325
     338
     333
     298
     279
     340
     349
     375
     382
     379
     364
     381
     390
     387
     420
     380
     406
     371
     413
     432
     456
     418
     447
     457
     451
     475
     437
     465
     452
     473
     455
     480
     493
     509
     531
     489
     524
     513
     537
     508
     535
     519
     557
     557
     554
     590
     541
     578
     578
     582
     614
     535
     585
     595
     575
     577
     540
     574
     620
     613
     581
     601
     571
     621
     649
     638
     623
     648
     608
     617
     642
     670
     588
     663
     644
     667
     603
     651
     640
     609
     645
     668
     689
     665
     639
     668
     650
     636
     611
     674
     713
     679
     687
     664
     660
     677
     630
     625
     652
     642
     631
     613
     665
     654
     635
     660
     728
     635
     646
     680
     669
     675
     640
     658
     618
     681
     625
     705
     645
     678
     629
     686
     655
     659
     698
     668
     712
     678
     694
     716
     728
     717
     698
     718
     701
     684
     763
     756
     765
     721
     776
     737
     764
     755
     809
     777
     778
     820
     778
     721
     738
     767
     785
     754
     720
     714
     712
     722
     729
     728
     728
     678
     706
     715
     675
     690
     694
     678
     667
     646
     647
     694
     654
     687
     644
     612
     604
     633
     622
     631
     650
     559
     587
     629
     624
     588
     558
     620
     627
     634
     617
     563
     594
     568
     583
     569
     599
     562
     543
     546
     530
     572
     578
     556
     591
     603
     548
     526
     540
     543
     511
     549
     518
     527
     492
     535
     535
     519
     520
     507
     509
     513
     488
     481
     481
     468
     509
     456
     512
     461
     472
     446
     443
     448
     466
     449
     454
     469
     463
     433
     476
     444
     435
     464
     457
     435
     426
     422
     424
     388
     425
     438
     424
     414
     397
     396
     423
     409
     392
     432
     451
     414
     394
     398
     394
     409
     410
     413
     459
     423
     406
     398
     423
     376
     387
     370
     411
     416
     372
     361
     362
     401
     384
     408
     405
     390
     375
     360
     409
     362
     359
     362
     388
     385
     320
     350
     377
     332
     363
     356
     323
     373
     341
     325
     340
     328
     347
     363
     328
     331
     308
     326
     301
     312
     295
     255
     268
     278
     278
     281
     307
     280
     256
     236
     272
     262
     260
     272
     252
     214
     256
     240
     252
     237
     204
     216
     238
     223
     239
     207
     205
     237
     196
     182
     208
     192
     204
     191
     207
     178
     180
     175
     177
     168
     198
     190
     197
     169
     167
     196
     154
     175
     181
     148
     161
     155
     175
     159
     178
     162
     169
     129
     165
     157
     174
     133
     149
     182
     153
     146
     160
     155
     144
     131
     152
     129
     159
     141
     173
     157
     142
     159
     152
     124
     148
     135
     138
     146
     124
     142
     139
     164
     147
     153
     166
     132
     122
     143
     127
     125
     136
     126
     137
     130
     113
     143
     123
     126
     138
     115
     137
     116
     116
     128
     146
     120
     119
     123
     151
     118
     129
     135
     142
     138
     130
     145
     133
     126
     111
     123
     116
     135
     142
     129
     123
     138
     123
     150
     164
     137
     154
     138
     151
     138
     143
     141
     147
     161
     150
     171
     168
     176
     159
     186
     169
     173
     202
     203
     223
     217
     212
     227
     253
     239
     271
     272
     260
     262
     323
     312
     344
     332
     398
     384
     430
     429
     440
     419
     521
     525
     582
     583
     622
     679
     658
     695
     734
     788
     878
     869
     880
     862
     991
     968
    1066
    1073
    1148
    1105
    1141
    1169
    1201
    1249
    1210
    1247
    1278
    1299
    1397
    1379
    1362
    1490
    1451
    1390
    1443
    1451
    1472
    1421
    1407
    1484
    1366
    1325
    1356
    1321
    1299
    1257
    1278
    1209
    1155
    1177
    1102
    1075
    1059
     987
    1006
     954
     925
     847
     787
     774
     769
     703
     677
     615
     629
     532
     495
     474
     456
     402
     422
     366
     368
     321
     265
     274
     253
     217
     225
     207
     160
     182
     144
     143
     149
     139
     145
     123
     109
      90
      82
      91
      88
      87
      69
      76
      84
      65
      70
      62
      43
      61
      67
      46
      72
      65
      68
      60
      68
      41
      44
      57
      51
      55
      58
      70
      71
      57
      46
      71
      53
      49
      66
      53
      49
      58
      46
      61
      45
      47
      54
      44
      58
      51
      49
      47
      53
      57
      48
      62
      68
      50
      42
      43
      52
      51
      49
      44
      52
      60
      44
      46
      49
      60
      40
      54
      50
      39
      61
      52
      42
      47
      50
      46
      38
      54
      43
      52
      42
      51
      47
      43
      50
      34
      56
      50
      50
      48
      51
      49
      44
      50
      48
      47
      47
      52
      52
      41
      48
      52
      33
      46
      39
      44
      39
      54
      45
      43
      47
      46
      50
      47
      47
      33
      42
      42
      53
      43
      48
      48
      44
      44
      52
      43
      33
      46
      43
      44
      38
      58
      51
      55
      39
      52
      51
      39
      47
      46
      35
      53
      52
      60
      40
      43
      60
      35
      58
      42
      42
      33
      56
      51
      49
      42
      55
      42
      47
      57
      52
      46
      47
      62
      42
      45
      48
      52
      43
      40
      54
      48
      50
      44
      53
      56
      29
      45
      46
      53
      45
      39
      44
      44
      41
      45
      37
      42
      28
      44
      46
      49
      38
      40
      44
      42
      36
      46
      60
      42
      42
      50
      47
      44
      55
      55
      25
      49
      49
      44
      49
      41
      41
      37
      45
      44
      53
      48
      53
      40
      40
      48
      47
      49
      53
      45
      55
      39
      41
      42
      44
      49
      47
      63
      52
      46
      51
      51
      47
      56
      35
      49
      44
      52
      49
      47
      52
      56
      49
      66
      48
      36
      51
      42
      50
      48
      50
      33
      51
      46
      46
      56
      59
      46
      50
      43
      48
      43
      42
      58
      42
      50
      39
      52
      47
      48
      52
      61
      43
      45
      53
      42
      57
      48
      47
      49
      49
      39
      61
      64
      44
      49
      52
      50
      56
      53
      49
      31
      62
      43
      61
      48
      66
      55
      48
      61
      52
      37
       2
       0
       0
       0
       0
       0
       0
       0
       0
       0
       0
       0
       0
       0
       0
       0
       0
       0
       0
       0
       0
       0
       0
       0
       0
       0
       0
       0
       0
       0
       0
       0
       0
       0
       0
       0
       0
       0
       0
       0
       0
       0
       0
       0
       0
       0
       0
       0
       0
       0
       0
       0
       0
       0
       0
       0
       0
       0
       0
       0
       0
       0
       0
       0
       0
       0
       0
       0
$ROI:
2
95 97
514 605
$PRESETS:
Real Time
200
0
$ENER_FIT:
-289.438599 1.280702
$MCA_CAL:
3
-2.894386E+002 1.280702E+000 0.000000E+000
$SHAPE_CAL:
3
0.000000E+000 0.000000E+000 0.000000E+000
