$SPEC_ID:
MEASURE 049.
$SPEC_REM:
DET# 1
DETDESC# MCB 25
AP# Maestro Version 6.05
$DATE_MEA:
04/03/2003 12:13:28
$MEAS_TIM:
195 200
$DATA:
0 1023
       0
       0
       0
       0
       0
       0
       0
       0
       0
       0
       0
       0
       0
       0
       0
       0
       0
       0
       0
       0
       0
       0
       0
       0
       0
       0
       0
       0
       0
       0
       0
       0
       0
       0
       0
       0
       0
       0
       0
       0
       0
       0
       0
       0
     185
     285
     297
     289
     287
     296
     291
     313
     263
     292
     316
     280
     282
     292
     311
     289
     319
     292
     316
     305
     299
     303
     290
     334
     331
     300
     324
     331
     333
     323
     360
     346
     358
     326
     324
     342
     344
     338
     390
     360
     368
     383
     389
     395
     409
     434
     480
     430
     438
     456
     463
     434
     455
     443
     438
     458
     453
     513
     483
     500
     519
     516
     513
     504
     517
     507
     483
     520
     577
     526
     505
     576
     558
     556
     591
     568
     562
     601
     588
     558
     556
     613
     585
     570
     619
     582
     636
     649
     637
     539
     618
     613
     630
     622
     641
     605
     630
     644
     664
     656
     652
     681
     633
     676
     691
     650
     730
     682
     642
     650
     644
     722
     665
     647
     666
     707
     680
     656
     632
     660
     668
     658
     640
     658
     695
     649
     616
     653
     639
     646
     647
     636
     683
     682
     641
     607
     670
     661
     692
     679
     708
     690
     604
     675
     679
     668
     668
     656
     696
     676
     695
     704
     635
     729
     684
     718
     739
     706
     721
     743
     768
     729
     742
     704
     712
     775
     771
     816
     792
     790
     801
     805
     787
     764
     735
     745
     787
     731
     724
     762
     730
     735
     738
     773
     698
     786
     715
     709
     653
     734
     673
     703
     697
     707
     708
     694
     622
     625
     633
     688
     664
     630
     597
     642
     635
     689
     573
     604
     631
     638
     562
     604
     584
     634
     565
     635
     617
     601
     597
     614
     641
     539
     585
     538
     595
     588
     566
     527
     582
     540
     529
     538
     572
     552
     526
     569
     494
     528
     560
     502
     520
     514
     550
     509
     493
     531
     507
     500
     512
     531
     550
     500
     507
     467
     506
     446
     475
     474
     481
     485
     452
     470
     466
     463
     452
     471
     467
     449
     451
     440
     403
     443
     457
     461
     437
     445
     424
     410
     425
     415
     418
     415
     438
     458
     404
     422
     435
     417
     411
     422
     441
     415
     414
     379
     420
     400
     400
     396
     417
     407
     446
     398
     400
     411
     391
     394
     413
     338
     418
     385
     379
     391
     337
     359
     372
     363
     343
     380
     351
     371
     382
     343
     348
     337
     346
     342
     343
     360
     342
     331
     351
     335
     337
     369
     326
     304
     330
     304
     343
     306
     281
     307
     286
     265
     277
     266
     273
     276
     258
     257
     247
     244
     245
     247
     259
     225
     243
     238
     230
     229
     237
     199
     175
     227
     222
     220
     234
     208
     216
     197
     185
     176
     215
     182
     177
     188
     199
     183
     178
     173
     183
     167
     175
     178
     168
     196
     166
     180
     193
     172
     154
     193
     133
     171
     165
     158
     174
     144
     173
     162
     129
     161
     152
     171
     143
     152
     150
     130
     161
     138
     140
     168
     139
     140
     151
     121
     164
     137
     147
     132
     145
     124
     139
     139
     124
     135
     131
     150
     153
     124
     145
     132
     110
     148
     136
     143
     125
     146
     139
     122
     144
     149
     129
     141
     131
     146
     125
     121
     128
     127
     135
     132
     146
     128
     135
     133
     116
     117
     146
     135
     132
     138
     131
     147
     144
     134
     121
     118
     123
     130
     172
     155
     128
     142
     137
     160
     173
     138
     151
     159
     147
     160
     162
     175
     173
     158
     174
     178
     181
     199
     215
     234
     242
     258
     246
     228
     282
     285
     280
     297
     315
     325
     331
     374
     344
     386
     419
     422
     469
     487
     487
     552
     572
     597
     679
     609
     696
     736
     735
     792
     865
     825
     880
     942
     980
     951
    1056
    1073
    1076
    1226
    1178
    1223
    1264
    1360
    1328
    1359
    1366
    1338
    1425
    1400
    1418
    1356
    1458
    1459
    1438
    1462
    1417
    1408
    1438
    1344
    1356
    1339
    1378
    1297
    1307
    1345
    1253
    1231
    1191
    1077
    1162
    1105
    1045
    1018
    1007
     917
     898
     887
     801
     809
     710
     712
     637
     640
     582
     500
     536
     503
     439
     388
     411
     366
     334
     315
     253
     264
     242
     212
     212
     188
     174
     165
     145
     149
     141
     121
     105
     103
      94
     107
     104
     108
      83
      68
      73
      77
      71
      62
      69
      65
      49
      68
      48
      68
      66
      60
      42
      64
      59
      65
      59
      47
      53
      46
      63
      49
      57
      49
      65
      61
      69
      55
      58
      38
      55
      53
      52
      60
      58
      58
      52
      58
      49
      39
      49
      58
      57
      65
      60
      48
      57
      51
      61
      53
      54
      58
      41
      43
      50
      49
      43
      44
      33
      60
      55
      59
      57
      57
      50
      63
      49
      44
      55
      57
      65
      48
      44
      48
      43
      48
      56
      48
      49
      49
      46
      39
      48
      50
      42
      52
      44
      42
      43
      37
      46
      45
      53
      45
      48
      51
      36
      46
      48
      44
      59
      54
      57
      46
      42
      48
      38
      40
      49
      51
      50
      65
      51
      42
      47
      40
      50
      55
      48
      48
      53
      48
      52
      51
      47
      50
      42
      39
      51
      43
      39
      33
      49
      46
      42
      49
      49
      57
      49
      42
      40
      48
      55
      52
      50
      61
      43
      42
      43
      41
      47
      46
      46
      33
      35
      46
      50
      46
      42
      51
      50
      38
      49
      45
      38
      47
      60
      50
      45
      59
      45
      52
      50
      38
      59
      53
      41
      53
      48
      43
      47
      52
      43
      34
      50
      44
      39
      45
      65
      51
      49
      49
      50
      46
      45
      46
      53
      43
      39
      44
      48
      46
      49
      47
      62
      52
      61
      43
      41
      47
      40
      58
      54
      55
      54
      53
      51
      54
      39
      44
      49
      66
      44
      57
      36
      38
      63
      43
      46
      64
      51
      48
      54
      55
      45
      46
      56
      40
      58
      35
      55
      50
      55
      53
      54
      51
      61
      50
      59
      54
      49
      45
      40
      41
      58
      56
      50
      41
      39
      56
      46
      62
      54
      43
      54
      50
      52
      56
      46
      51
      60
      53
      56
      46
      56
      42
      49
      52
      65
      58
      61
      54
      42
      47
      54
      61
      45
      60
      60
      51
      51
      52
      46
      47
      54
      50
      52
      48
      48
      50
      47
      47
      49
      45
      52
      48
      49
      34
       2
       0
       0
       0
       0
       0
       0
       0
       0
       0
       0
       0
       0
       0
       0
       0
       0
       0
       0
       0
       0
       0
       0
       0
       0
       0
       0
       0
       0
       0
       0
       0
       0
       0
       0
       0
       0
       0
       0
       0
       0
       0
       0
       0
       0
       0
       0
       0
       0
       0
       0
       0
       0
       0
       0
       0
       0
       0
       0
       0
       0
       0
       0
       0
       0
       0
       0
       0
$ROI:
2
95 97
514 605
$PRESETS:
Real Time
200
0
$ENER_FIT:
-289.438599 1.280702
$MCA_CAL:
3
-2.894386E+002 1.280702E+000 0.000000E+000
$SHAPE_CAL:
3
0.000000E+000 0.000000E+000 0.000000E+000
