$SPEC_ID:
MEASURE 366.
$SPEC_REM:
DET# 1
DETDESC# MCB 25
AP# Maestro Version 6.05
$DATE_MEA:
04/04/2003 14:38:28
$MEAS_TIM:
195 200
$DATA:
0 1023
       0
       0
       0
       0
       0
       0
       0
       0
       0
       0
       0
       0
       0
       0
       0
       0
       0
       0
       0
       0
       0
       0
       0
       0
       0
       0
       0
       0
       0
       0
       0
       0
       0
       0
       0
       0
       0
       0
       0
       0
       0
       0
       0
       0
     148
     294
     286
     276
     241
     288
     287
     303
     308
     307
     282
     316
     312
     293
     298
     276
     259
     253
     314
     292
     289
     294
     292
     331
     314
     287
     299
     293
     306
     302
     317
     359
     356
     342
     351
     350
     373
     380
     320
     368
     347
     357
     397
     402
     386
     385
     392
     419
     423
     439
     407
     414
     416
     412
     441
     424
     489
     458
     448
     499
     473
     489
     507
     465
     477
     505
     500
     471
     505
     472
     523
     558
     457
     499
     549
     561
     557
     581
     546
     572
     551
     568
     547
     550
     558
     569
     565
     609
     579
     623
     563
     582
     582
     611
     616
     655
     617
     577
     602
     578
     603
     585
     600
     603
     681
     614
     619
     652
     628
     687
     632
     598
     612
     637
     620
     658
     649
     633
     644
     692
     603
     688
     675
     693
     638
     654
     681
     623
     662
     698
     690
     614
     609
     600
     602
     616
     655
     660
     640
     636
     725
     646
     619
     642
     624
     617
     660
     629
     651
     643
     655
     670
     651
     707
     691
     662
     643
     677
     716
     682
     699
     697
     710
     666
     700
     738
     743
     754
     747
     714
     753
     781
     747
     710
     742
     727
     751
     797
     729
     738
     740
     743
     745
     754
     765
     699
     741
     758
     695
     715
     730
     705
     732
     689
     702
     735
     651
     707
     674
     632
     659
     685
     670
     638
     679
     624
     594
     642
     611
     614
     592
     570
     615
     573
     576
     569
     570
     625
     613
     545
     545
     597
     566
     581
     570
     589
     540
     566
     579
     585
     516
     589
     484
     546
     585
     610
     566
     589
     549
     524
     522
     562
     525
     524
     503
     540
     516
     549
     513
     515
     489
     490
     498
     469
     485
     469
     456
     447
     492
     448
     458
     485
     503
     484
     541
     449
     461
     468
     417
     485
     431
     434
     444
     467
     493
     447
     407
     451
     444
     412
     476
     415
     439
     410
     453
     417
     415
     450
     447
     469
     400
     420
     438
     430
     434
     380
     377
     413
     410
     428
     394
     416
     432
     407
     382
     391
     389
     378
     363
     368
     355
     386
     334
     369
     392
     379
     381
     386
     393
     357
     378
     371
     375
     380
     378
     351
     348
     359
     357
     342
     360
     352
     388
     347
     353
     340
     325
     333
     347
     313
     347
     316
     309
     289
     302
     281
     282
     309
     318
     312
     275
     279
     271
     230
     291
     231
     249
     295
     267
     238
     229
     262
     245
     229
     232
     225
     238
     225
     238
     223
     210
     202
     201
     199
     203
     204
     217
     212
     193
     211
     173
     213
     189
     179
     176
     154
     189
     181
     179
     160
     161
     192
     172
     168
     179
     185
     140
     178
     178
     175
     148
     161
     137
     192
     171
     150
     156
     168
     153
     160
     143
     129
     147
     151
     140
     161
     170
     158
     164
     146
     152
     151
     154
     129
     130
     138
     121
     130
     155
     151
     143
     146
     131
     149
     132
     139
     147
     120
     143
     129
     123
     136
     126
     119
     106
     132
     149
     121
     126
     120
     127
     145
     123
     116
     146
     124
     158
     129
     140
     136
     129
     119
     132
     134
     123
     117
     120
     126
     133
     128
     134
     136
     133
     124
     132
     124
     130
     115
     142
     148
     142
     135
     133
     132
     110
     148
     124
     152
     129
     154
     138
     134
     140
     141
     147
     145
     146
     163
     171
     156
     171
     197
     202
     205
     211
     202
     197
     224
     241
     222
     247
     286
     259
     235
     283
     348
     321
     320
     407
     390
     428
     421
     392
     439
     509
     580
     538
     580
     600
     653
     626
     746
     685
     776
     753
     796
     923
     844
     895
     955
    1042
    1037
     993
    1075
    1147
    1188
    1164
    1221
    1228
    1225
    1283
    1265
    1324
    1383
    1379
    1441
    1396
    1421
    1403
    1349
    1409
    1414
    1495
    1458
    1335
    1348
    1375
    1317
    1283
    1331
    1232
    1230
    1149
    1149
    1146
    1124
    1108
    1078
    1015
     987
     883
     898
     898
     783
     778
     732
     696
     676
     604
     572
     575
     485
     504
     427
     414
     412
     430
     355
     366
     328
     278
     255
     279
     210
     205
     185
     180
     155
     148
     166
     133
     125
     106
     104
      90
      85
      94
      89
      94
      73
      75
      87
      55
      56
      48
      59
      56
      60
      64
      61
      61
      48
      45
      52
      46
      49
      38
      60
      54
      65
      52
      54
      66
      59
      53
      48
      50
      46
      40
      43
      52
      65
      50
      43
      53
      55
      53
      41
      47
      57
      49
      52
      53
      53
      43
      58
      50
      61
      61
      53
      45
      53
      56
      43
      53
      45
      46
      51
      46
      40
      45
      43
      39
      60
      55
      47
      56
      53
      50
      52
      48
      42
      57
      43
      51
      56
      46
      56
      40
      56
      46
      44
      46
      44
      48
      49
      56
      45
      45
      40
      67
      42
      49
      46
      44
      55
      46
      44
      50
      43
      44
      41
      54
      50
      48
      49
      47
      44
      54
      43
      42
      39
      44
      52
      40
      42
      46
      35
      47
      48
      48
      45
      36
      38
      59
      48
      38
      30
      41
      53
      42
      46
      50
      48
      39
      39
      52
      43
      46
      56
      47
      44
      37
      42
      63
      43
      33
      41
      52
      46
      42
      52
      44
      51
      52
      47
      44
      56
      41
      47
      38
      48
      52
      36
      53
      48
      48
      45
      56
      49
      42
      43
      53
      46
      48
      58
      36
      42
      58
      54
      43
      41
      47
      47
      45
      51
      42
      61
      38
      43
      43
      51
      55
      52
      46
      63
      60
      42
      50
      40
      47
      48
      35
      48
      45
      63
      44
      52
      56
      36
      46
      50
      58
      53
      43
      61
      39
      39
      52
      37
      50
      42
      47
      57
      52
      48
      55
      43
      40
      39
      49
      49
      46
      47
      46
      38
      50
      36
      47
      47
      54
      60
      47
      58
      50
      52
      55
      57
      36
      44
      36
      47
      37
      61
      46
      52
      54
      55
      45
      48
      43
      52
      46
      53
      42
      50
      56
      40
      59
      49
      45
      50
      46
      44
      43
      47
      52
      38
      47
      55
      45
      58
      42
      50
      53
      34
      52
      39
      49
      48
      45
      30
       1
       0
       0
       0
       0
       0
       0
       0
       0
       0
       0
       0
       0
       0
       0
       0
       0
       0
       0
       0
       0
       0
       0
       0
       0
       0
       0
       0
       0
       0
       0
       0
       0
       0
       0
       0
       0
       0
       0
       0
       0
       0
       0
       0
       0
       0
       0
       0
       0
       0
       0
       0
       0
       0
       0
       0
       0
       0
       0
       0
       0
       0
       0
       0
       0
       0
       0
       0
$ROI:
2
95 97
514 605
$PRESETS:
Real Time
200
0
$ENER_FIT:
-289.438599 1.280702
$MCA_CAL:
3
-2.894386E+002 1.280702E+000 0.000000E+000
$SHAPE_CAL:
3
0.000000E+000 0.000000E+000 0.000000E+000
