$SPEC_ID:
MEASURE 445.
$SPEC_REM:
DET# 1
DETDESC# MCB 25
AP# Maestro Version 6.05
$DATE_MEA:
04/04/2003 21:13:28
$MEAS_TIM:
195 200
$DATA:
0 1023
       0
       0
       0
       0
       0
       0
       0
       0
       0
       0
       0
       0
       0
       0
       0
       0
       0
       0
       0
       0
       0
       0
       0
       0
       0
       0
       0
       0
       0
       0
       0
       0
       0
       0
       0
       0
       0
       0
       0
       0
       0
       0
       0
       0
     137
     273
     295
     271
     269
     269
     277
     289
     304
     270
     258
     288
     280
     301
     284
     282
     297
     287
     299
     307
     312
     278
     285
     309
     303
     292
     316
     309
     311
     303
     320
     304
     313
     315
     363
     325
     353
     346
     345
     370
     390
     376
     359
     342
     320
     388
     413
     395
     378
     408
     461
     456
     417
     385
     423
     419
     478
     448
     463
     454
     490
     471
     454
     467
     446
     497
     505
     533
     482
     480
     478
     513
     453
     552
     536
     552
     504
     531
     570
     572
     507
     567
     563
     554
     574
     581
     573
     542
     597
     579
     588
     584
     601
     576
     587
     634
     648
     592
     631
     610
     626
     649
     646
     636
     649
     629
     624
     653
     637
     558
     606
     617
     641
     682
     689
     652
     646
     638
     663
     657
     649
     621
     640
     661
     697
     669
     596
     646
     666
     652
     647
     722
     660
     700
     688
     640
     647
     658
     577
     642
     633
     656
     707
     644
     635
     607
     665
     644
     641
     668
     670
     640
     652
     677
     679
     665
     656
     674
     647
     650
     664
     613
     690
     731
     661
     702
     687
     764
     768
     771
     735
     741
     714
     735
     748
     717
     766
     736
     734
     734
     795
     816
     801
     704
     742
     739
     732
     709
     696
     729
     733
     717
     721
     724
     675
     648
     674
     655
     663
     685
     661
     689
     619
     681
     675
     625
     591
     614
     611
     609
     630
     614
     606
     604
     618
     609
     575
     657
     579
     641
     589
     619
     576
     579
     603
     599
     575
     531
     580
     534
     588
     591
     524
     576
     569
     573
     541
     552
     536
     509
     539
     525
     533
     476
     517
     515
     491
     483
     523
     536
     500
     489
     475
     476
     505
     479
     539
     469
     483
     460
     491
     484
     473
     475
     468
     460
     415
     413
     449
     511
     485
     441
     439
     430
     434
     464
     432
     447
     431
     391
     419
     406
     420
     411
     446
     435
     412
     447
     424
     388
     437
     402
     418
     433
     426
     395
     408
     372
     383
     387
     396
     427
     395
     451
     388
     375
     395
     381
     355
     405
     395
     401
     397
     377
     367
     404
     384
     395
     351
     382
     366
     369
     368
     338
     338
     382
     362
     342
     365
     320
     347
     349
     334
     340
     345
     350
     319
     329
     326
     340
     353
     333
     323
     291
     363
     315
     344
     320
     326
     276
     296
     295
     283
     287
     290
     291
     274
     245
     254
     270
     262
     272
     244
     252
     259
     216
     227
     219
     223
     235
     191
     219
     226
     215
     223
     216
     204
     199
     197
     197
     198
     201
     206
     176
     193
     195
     173
     193
     151
     174
     180
     160
     179
     165
     183
     167
     165
     172
     176
     155
     172
     174
     174
     152
     142
     162
     149
     164
     163
     176
     160
     141
     154
     154
     157
     156
     133
     145
     134
     150
     149
     131
     144
     165
     151
     132
     149
     135
     134
     134
     133
     137
     128
     145
     140
     138
     120
     130
     122
     129
     132
     137
     164
     114
     159
     119
     126
     137
     109
     130
     135
     127
     127
     122
     132
     122
     133
     147
     125
     110
     132
     128
     115
     120
     122
     109
     127
     145
     123
     139
     104
     147
     106
     134
     118
     131
     103
     119
     121
     137
     147
     145
     145
     136
     148
     120
     136
     131
     145
     140
     129
     152
     141
     155
     142
     129
     157
     151
     154
     166
     160
     164
     170
     152
     193
     223
     191
     197
     203
     232
     211
     240
     274
     278
     285
     310
     297
     345
     362
     334
     370
     368
     404
     442
     428
     468
     508
     554
     516
     564
     622
     573
     683
     724
     707
     745
     823
     821
     832
     912
     877
     930
    1012
    1015
    1044
    1105
    1133
    1173
    1127
    1165
    1290
    1297
    1309
    1375
    1338
    1357
    1305
    1425
    1419
    1433
    1425
    1351
    1463
    1383
    1434
    1492
    1316
    1407
    1291
    1343
    1239
    1236
    1218
    1270
    1232
    1158
    1164
    1056
    1072
    1031
    1038
     981
     963
     883
     832
     833
     780
     727
     727
     694
     594
     593
     541
     497
     487
     473
     406
     409
     350
     336
     307
     330
     301
     248
     258
     227
     214
     199
     196
     164
     159
     145
     150
     123
     111
     108
     106
     120
      81
      85
      97
      63
      74
      77
      70
      68
      76
      66
      69
      69
      61
      68
      61
      56
      55
      40
      54
      63
      50
      54
      68
      61
      64
      44
      54
      64
      60
      42
      61
      61
      54
      36
      45
      38
      54
      61
      51
      52
      50
      53
      43
      50
      43
      50
      54
      54
      44
      58
      47
      43
      48
      48
      39
      53
      49
      56
      45
      47
      38
      51
      43
      47
      43
      54
      44
      45
      35
      49
      44
      51
      47
      44
      55
      51
      42
      41
      51
      38
      44
      47
      43
      52
      51
      60
      57
      43
      49
      64
      47
      52
      51
      47
      57
      48
      45
      53
      46
      48
      45
      43
      38
      50
      55
      60
      38
      46
      47
      64
      37
      52
      39
      48
      45
      46
      45
      39
      37
      49
      54
      47
      52
      55
      56
      50
      43
      48
      40
      57
      57
      42
      40
      35
      42
      35
      46
      42
      49
      48
      53
      46
      48
      47
      61
      34
      45
      49
      53
      40
      51
      45
      40
      43
      54
      58
      33
      55
      57
      43
      34
      69
      57
      49
      34
      37
      53
      43
      50
      55
      45
      50
      51
      40
      42
      52
      32
      44
      51
      68
      38
      45
      35
      47
      39
      43
      42
      47
      40
      54
      60
      47
      46
      54
      51
      41
      42
      44
      45
      50
      44
      39
      33
      34
      48
      43
      41
      37
      51
      44
      44
      43
      43
      37
      42
      46
      40
      43
      51
      53
      39
      38
      39
      53
      42
      54
      37
      44
      40
      46
      49
      41
      43
      42
      59
      37
      59
      43
      58
      52
      44
      44
      55
      41
      40
      40
      41
      44
      54
      46
      40
      48
      42
      51
      41
      46
      48
      60
      58
      48
      43
      44
      40
      67
      47
      46
      41
      42
      38
      27
      42
      57
      56
      44
      39
      53
      51
      37
      43
      47
      43
      53
      43
      47
      43
      45
      50
      54
      45
      45
      44
      55
      47
      37
       2
       0
       0
       0
       0
       0
       0
       0
       0
       0
       0
       0
       0
       0
       0
       0
       0
       0
       0
       0
       0
       0
       0
       0
       0
       0
       0
       0
       0
       0
       0
       0
       0
       0
       0
       0
       0
       0
       0
       0
       0
       0
       0
       0
       0
       0
       0
       0
       0
       0
       0
       0
       0
       0
       0
       0
       0
       0
       0
       0
       0
       0
       0
       0
       0
       0
       0
       0
$ROI:
2
95 97
514 605
$PRESETS:
Real Time
200
0
$ENER_FIT:
-289.438599 1.280702
$MCA_CAL:
3
-2.894386E+002 1.280702E+000 0.000000E+000
$SHAPE_CAL:
3
0.000000E+000 0.000000E+000 0.000000E+000
