$SPEC_ID:
MEASURE 039.
$SPEC_REM:
DET# 1
DETDESC# MCB 25
AP# Maestro Version 6.05
$DATE_MEA:
04/03/2003 11:23:28
$MEAS_TIM:
195 200
$DATA:
0 1023
       0
       0
       0
       0
       0
       0
       0
       0
       0
       0
       0
       0
       0
       0
       0
       0
       0
       0
       0
       0
       0
       0
       0
       0
       0
       0
       0
       0
       0
       0
       0
       0
       0
       0
       0
       0
       0
       0
       0
       0
       0
       0
       0
       0
     165
     251
     288
     270
     293
     297
     288
     297
     310
     299
     313
     299
     290
     271
     316
     295
     290
     297
     343
     308
     309
     314
     307
     341
     328
     335
     338
     321
     305
     325
     348
     341
     339
     343
     363
     343
     341
     366
     390
     409
     386
     402
     385
     430
     415
     417
     442
     392
     451
     421
     450
     444
     444
     463
     460
     468
     468
     488
     487
     522
     515
     510
     491
     553
     503
     510
     504
     528
     551
     534
     555
     565
     577
     557
     597
     556
     567
     570
     560
     575
     601
     581
     600
     578
     573
     601
     629
     596
     588
     614
     678
     651
     633
     603
     592
     669
     626
     658
     686
     685
     664
     649
     616
     645
     675
     686
     599
     676
     678
     661
     730
     636
     686
     648
     677
     664
     643
     668
     665
     649
     660
     681
     655
     659
     639
     715
     704
     666
     631
     700
     644
     677
     668
     647
     689
     616
     658
     655
     672
     662
     689
     670
     650
     675
     665
     660
     656
     690
     715
     681
     671
     660
     709
     691
     711
     708
     731
     732
     710
     752
     723
     757
     723
     805
     764
     757
     761
     762
     763
     794
     741
     842
     747
     778
     782
     756
     801
     777
     757
     751
     757
     799
     731
     712
     719
     772
     714
     655
     714
     700
     715
     729
     658
     671
     643
     669
     656
     643
     665
     635
     612
     652
     699
     614
     609
     640
     612
     657
     633
     636
     648
     628
     611
     602
     607
     580
     603
     580
     581
     604
     599
     595
     604
     582
     588
     559
     563
     620
     570
     556
     583
     558
     554
     523
     550
     567
     561
     502
     517
     555
     529
     513
     487
     574
     519
     519
     480
     505
     501
     496
     485
     458
     497
     546
     494
     458
     452
     503
     499
     458
     468
     485
     468
     481
     492
     464
     455
     436
     460
     458
     421
     411
     471
     439
     423
     383
     429
     446
     440
     462
     426
     425
     397
     394
     418
     408
     434
     388
     432
     471
     416
     406
     408
     385
     418
     397
     406
     413
     400
     401
     410
     408
     387
     412
     383
     395
     356
     381
     365
     392
     376
     393
     379
     387
     365
     386
     357
     355
     338
     364
     384
     363
     350
     333
     357
     352
     337
     341
     338
     326
     324
     342
     347
     323
     298
     287
     319
     307
     276
     345
     309
     258
     310
     228
     274
     293
     279
     261
     275
     254
     256
     243
     246
     257
     224
     230
     218
     228
     213
     212
     207
     230
     202
     220
     187
     187
     187
     195
     168
     204
     212
     200
     187
     177
     202
     200
     197
     188
     188
     179
     185
     186
     180
     173
     174
     166
     150
     164
     167
     157
     170
     174
     134
     178
     158
     148
     156
     157
     146
     137
     149
     159
     146
     140
     156
     142
     140
     148
     131
     150
     137
     164
     160
     149
     143
     141
     142
     155
     149
     124
     149
     121
     150
     146
     142
     154
     133
     141
     122
     142
     153
     137
     153
     144
     155
     141
     137
     143
     135
     137
     144
     133
     143
     141
     121
     141
     131
     129
     115
     133
     149
     134
     142
     141
     141
     129
     145
     135
     149
     145
     136
     138
     124
     138
     139
     154
     135
     150
     142
     119
     133
     155
     150
     140
     148
     146
     152
     192
     144
     152
     125
     166
     187
     181
     165
     179
     164
     189
     197
     201
     209
     185
     212
     235
     264
     280
     264
     262
     279
     306
     319
     324
     368
     380
     399
     403
     460
     468
     443
     505
     575
     603
     592
     673
     682
     704
     683
     725
     801
     797
     896
     895
     932
     946
    1048
    1030
    1128
    1126
    1087
    1197
    1179
    1255
    1264
    1284
    1272
    1334
    1321
    1371
    1389
    1404
    1403
    1398
    1453
    1483
    1517
    1474
    1503
    1451
    1387
    1408
    1416
    1408
    1363
    1345
    1284
    1254
    1267
    1279
    1134
    1070
    1091
     990
    1015
     961
     929
     833
     854
     792
     710
     747
     705
     647
     647
     570
     553
     468
     481
     426
     408
     375
     380
     310
     310
     286
     244
     268
     233
     228
     208
     166
     176
     150
     139
     112
     133
     117
     118
      98
     101
      87
      76
     101
      79
      73
      90
      65
      70
      61
      80
      58
      57
      61
      61
      59
      51
      44
      53
      42
      56
      56
      64
      53
      55
      45
      47
      43
      56
      45
      48
      62
      56
      56
      47
      54
      39
      68
      46
      52
      66
      55
      60
      57
      58
      46
      59
      51
      51
      46
      49
      50
      54
      63
      40
      54
      44
      47
      36
      52
      32
      45
      55
      49
      37
      57
      45
      48
      47
      37
      49
      36
      61
      57
      53
      49
      34
      50
      41
      50
      61
      50
      50
      50
      48
      43
      49
      59
      41
      56
      38
      50
      48
      54
      45
      42
      48
      52
      46
      55
      48
      49
      48
      51
      48
      48
      49
      48
      51
      52
      58
      43
      61
      52
      59
      47
      59
      40
      46
      62
      40
      59
      43
      50
      49
      53
      40
      59
      57
      47
      55
      48
      45
      51
      34
      54
      44
      50
      59
      40
      55
      52
      49
      55
      48
      60
      48
      41
      53
      36
      42
      37
      53
      46
      43
      36
      50
      53
      39
      37
      38
      41
      48
      54
      34
      46
      44
      55
      51
      55
      37
      52
      47
      46
      42
      53
      50
      44
      38
      53
      47
      48
      43
      53
      47
      32
      65
      48
      45
      40
      46
      44
      33
      46
      43
      37
      56
      38
      56
      47
      44
      45
      46
      51
      40
      51
      42
      42
      52
      48
      45
      56
      32
      45
      58
      43
      39
      45
      53
      55
      58
      46
      47
      50
      54
      46
      41
      45
      48
      43
      42
      47
      54
      43
      71
      51
      54
      41
      65
      45
      37
      49
      51
      55
      40
      47
      46
      56
      42
      51
      46
      49
      59
      48
      49
      37
      61
      48
      44
      61
      58
      35
      51
      59
      45
      50
      49
      37
      40
      49
      39
      42
      56
      41
      47
      49
      55
      54
      50
      47
      45
      44
      53
      55
      66
      46
      37
      51
      46
      57
      49
      44
      47
      44
      54
      50
      37
      48
      43
      48
      52
      39
      55
      47
      60
      40
      42
      56
      56
      49
      38
      58
      45
      39
       2
       0
       0
       0
       0
       0
       0
       0
       0
       0
       0
       0
       0
       0
       0
       0
       0
       0
       0
       0
       0
       0
       0
       0
       0
       0
       0
       0
       0
       0
       0
       0
       0
       0
       0
       0
       0
       0
       0
       0
       0
       0
       0
       0
       0
       0
       0
       0
       0
       0
       0
       0
       0
       0
       0
       0
       0
       0
       0
       0
       0
       0
       0
       0
       0
       0
       0
       0
$ROI:
2
95 97
514 605
$PRESETS:
Real Time
200
0
$ENER_FIT:
-289.438599 1.280702
$MCA_CAL:
3
-2.894386E+002 1.280702E+000 0.000000E+000
$SHAPE_CAL:
3
0.000000E+000 0.000000E+000 0.000000E+000
