$SPEC_ID:
MEASURE 090.
$SPEC_REM:
DET# 1
DETDESC# MCB 25
AP# Maestro Version 6.05
$DATE_MEA:
04/03/2003 15:38:28
$MEAS_TIM:
195 200
$DATA:
0 1023
       0
       0
       0
       0
       0
       0
       0
       0
       0
       0
       0
       0
       0
       0
       0
       0
       0
       0
       0
       0
       0
       0
       0
       0
       0
       0
       0
       0
       0
       0
       0
       0
       0
       0
       0
       0
       0
       0
       0
       0
       0
       0
       0
       0
     163
     262
     293
     313
     287
     311
     259
     306
     282
     299
     294
     293
     314
     313
     291
     268
     311
     294
     262
     292
     278
     323
     282
     295
     297
     316
     319
     326
     301
     344
     284
     336
     321
     359
     326
     389
     336
     407
     340
     331
     373
     381
     403
     362
     414
     434
     393
     395
     432
     428
     460
     430
     415
     462
     467
     488
     460
     471
     500
     487
     495
     489
     481
     513
     528
     541
     504
     553
     538
     546
     554
     524
     534
     586
     581
     564
     581
     590
     597
     536
     625
     576
     539
     622
     582
     577
     622
     632
     599
     583
     647
     590
     631
     587
     614
     605
     663
     671
     615
     656
     626
     657
     640
     659
     660
     615
     617
     636
     603
     666
     673
     665
     673
     656
     666
     665
     659
     666
     631
     630
     687
     634
     635
     675
     670
     661
     658
     670
     644
     677
     695
     676
     676
     675
     626
     651
     633
     616
     629
     696
     630
     678
     639
     690
     707
     704
     634
     645
     691
     673
     672
     693
     660
     655
     677
     693
     674
     748
     668
     741
     695
     707
     760
     772
     750
     827
     783
     773
     761
     832
     785
     785
     759
     761
     776
     730
     773
     755
     797
     770
     755
     707
     760
     763
     745
     710
     731
     675
     750
     698
     655
     691
     707
     678
     685
     673
     673
     693
     617
     669
     677
     621
     652
     608
     620
     637
     604
     618
     590
     579
     644
     618
     638
     604
     628
     653
     568
     611
     631
     559
     615
     574
     573
     612
     541
     513
     577
     598
     589
     522
     576
     557
     542
     509
     548
     556
     545
     548
     504
     573
     535
     525
     520
     553
     490
     538
     458
     498
     475
     502
     555
     457
     498
     506
     520
     463
     451
     468
     464
     439
     470
     493
     493
     440
     462
     435
     429
     439
     452
     418
     437
     417
     453
     447
     443
     429
     451
     430
     420
     466
     400
     460
     418
     389
     425
     453
     420
     416
     403
     406
     393
     363
     414
     414
     415
     451
     396
     389
     401
     397
     411
     399
     383
     430
     385
     397
     396
     392
     384
     405
     389
     383
     376
     390
     362
     370
     361
     385
     364
     392
     400
     330
     342
     371
     345
     339
     348
     351
     328
     327
     360
     362
     322
     347
     298
     345
     314
     362
     313
     304
     311
     307
     278
     303
     340
     274
     283
     287
     275
     271
     263
     261
     254
     252
     238
     235
     241
     240
     231
     257
     215
     249
     238
     223
     238
     229
     215
     224
     211
     189
     214
     213
     184
     212
     207
     172
     197
     190
     195
     199
     158
     208
     158
     196
     170
     179
     164
     168
     158
     177
     176
     163
     156
     181
     176
     158
     153
     163
     161
     166
     148
     180
     160
     137
     159
     147
     161
     166
     145
     154
     163
     157
     141
     126
     138
     147
     134
     147
     146
     131
     134
     152
     153
     144
     141
     152
     136
     137
     137
     127
     143
     133
     124
     130
     155
     115
     145
     141
     147
     156
     144
     138
     128
     135
     142
     136
     134
     109
     133
     147
     140
     137
     146
     132
     135
     129
     131
     137
     139
     142
     124
     147
     148
     120
     114
     136
     118
     131
     137
     127
     138
     111
     157
     137
     122
     147
     132
     141
     127
     141
     163
     164
     161
     122
     138
     164
     171
     165
     169
     168
     198
     192
     191
     224
     202
     204
     225
     204
     234
     243
     229
     258
     261
     327
     312
     308
     335
     367
     417
     384
     408
     452
     453
     450
     506
     528
     545
     555
     672
     649
     678
     765
     759
     775
     839
     915
     951
     949
     963
     984
    1058
    1067
    1109
    1150
    1183
    1210
    1262
    1267
    1310
    1309
    1319
    1337
    1389
    1397
    1447
    1446
    1456
    1472
    1412
    1436
    1429
    1355
    1439
    1396
    1346
    1420
    1299
    1380
    1366
    1332
    1297
    1230
    1214
    1117
    1057
    1089
     968
     996
     934
     857
     862
     887
     807
     808
     731
     692
     596
     627
     608
     505
     496
     467
     462
     416
     383
     374
     333
     299
     290
     250
     270
     210
     216
     214
     177
     171
     156
     135
     126
     134
     113
      88
     105
      94
      96
      86
      81
      78
      76
      89
      67
      62
      50
      68
      68
      51
      51
      52
      58
      51
      46
      52
      55
      43
      50
      57
      50
      67
      64
      42
      46
      61
      53
      50
      55
      54
      52
      51
      52
      55
      53
      45
      53
      55
      49
      51
      45
      59
      61
      52
      45
      41
      53
      57
      49
      42
      59
      56
      46
      49
      50
      58
      42
      48
      41
      56
      47
      48
      56
      58
      47
      46
      44
      42
      45
      50
      50
      41
      61
      61
      44
      48
      47
      50
      41
      46
      54
      61
      52
      52
      40
      36
      41
      31
      39
      49
      64
      50
      45
      51
      40
      44
      43
      46
      48
      45
      42
      45
      57
      57
      42
      55
      57
      50
      34
      53
      57
      32
      35
      41
      58
      53
      45
      42
      43
      45
      37
      47
      45
      47
      41
      52
      48
      59
      51
      49
      43
      49
      38
      55
      40
      48
      42
      62
      45
      35
      41
      59
      53
      50
      46
      44
      47
      41
      50
      45
      49
      55
      53
      45
      51
      37
      57
      36
      52
      36
      55
      43
      49
      45
      44
      44
      40
      44
      46
      48
      41
      54
      47
      59
      41
      68
      50
      58
      54
      47
      50
      50
      58
      43
      54
      54
      59
      46
      45
      38
      46
      49
      52
      60
      57
      48
      41
      38
      52
      44
      50
      42
      54
      42
      49
      39
      52
      46
      44
      43
      45
      54
      58
      41
      43
      39
      50
      43
      36
      49
      47
      46
      48
      43
      38
      36
      55
      58
      61
      45
      54
      44
      36
      51
      41
      54
      54
      32
      46
      47
      43
      40
      51
      59
      31
      58
      51
      51
      49
      63
      56
      55
      39
      51
      59
      32
      56
      43
      43
      48
      59
      43
      54
      56
      46
      45
      44
      39
      42
      58
      43
      53
      50
      50
      53
      41
      42
      54
      44
      58
      52
      47
      41
      45
      57
      45
      37
      49
      44
      49
      57
      45
      44
      54
      67
      46
      46
      40
      48
      34
      31
      47
      44
      50
      48
      42
       3
       0
       0
       0
       0
       0
       0
       0
       0
       0
       0
       0
       0
       0
       0
       0
       0
       0
       0
       0
       0
       0
       0
       0
       0
       0
       0
       0
       0
       0
       0
       0
       0
       0
       0
       0
       0
       0
       0
       0
       0
       0
       0
       0
       0
       0
       0
       0
       0
       0
       0
       0
       0
       0
       0
       0
       0
       0
       0
       0
       0
       0
       0
       0
       0
       0
       0
       0
$ROI:
2
95 97
514 605
$PRESETS:
Real Time
200
0
$ENER_FIT:
-289.438599 1.280702
$MCA_CAL:
3
-2.894386E+002 1.280702E+000 0.000000E+000
$SHAPE_CAL:
3
0.000000E+000 0.000000E+000 0.000000E+000
