$SPEC_ID:
MEASURE 167.
$SPEC_REM:
DET# 1
DETDESC# MCB 25
AP# Maestro Version 6.05
$DATE_MEA:
04/03/2003 22:03:28
$MEAS_TIM:
195 200
$DATA:
0 1023
       0
       0
       0
       0
       0
       0
       0
       0
       0
       0
       0
       0
       0
       0
       0
       0
       0
       0
       0
       0
       0
       0
       0
       0
       0
       0
       0
       0
       0
       0
       0
       0
       0
       0
       0
       0
       0
       0
       0
       0
       0
       0
       0
       0
     147
     263
     308
     272
     305
     306
     283
     266
     266
     287
     296
     296
     297
     326
     290
     297
     286
     276
     314
     308
     280
     295
     308
     314
     306
     325
     288
     328
     322
     310
     347
     326
     337
     312
     340
     377
     365
     346
     329
     384
     381
     380
     366
     386
     423
     352
     415
     389
     398
     415
     419
     416
     440
     452
     462
     460
     447
     459
     472
     467
     456
     499
     514
     472
     519
     495
     523
     469
     559
     523
     504
     514
     550
     560
     535
     556
     569
     590
     579
     553
     592
     581
     611
     605
     597
     613
     576
     596
     597
     592
     609
     634
     633
     631
     638
     596
     662
     641
     615
     646
     678
     633
     618
     591
     665
     686
     630
     644
     610
     622
     690
     693
     660
     684
     668
     655
     630
     618
     674
     625
     663
     657
     672
     642
     622
     667
     668
     644
     668
     706
     635
     672
     597
     632
     733
     650
     646
     626
     663
     633
     670
     639
     644
     660
     672
     666
     662
     630
     625
     613
     681
     651
     676
     682
     685
     686
     642
     652
     720
     716
     690
     699
     708
     728
     706
     725
     789
     763
     768
     756
     732
     828
     788
     772
     758
     800
     717
     797
     783
     729
     725
     750
     745
     736
     728
     771
     744
     709
     711
     717
     678
     723
     723
     718
     653
     679
     696
     663
     688
     618
     613
     684
     679
     633
     584
     624
     662
     641
     618
     596
     623
     631
     625
     582
     654
     615
     577
     610
     588
     572
     570
     576
     576
     587
     602
     589
     556
     571
     559
     579
     534
     552
     526
     537
     521
     532
     547
     524
     492
     562
     495
     540
     519
     508
     522
     474
     529
     490
     506
     496
     499
     500
     469
     467
     506
     475
     492
     480
     460
     488
     482
     502
     476
     427
     441
     523
     452
     483
     425
     456
     441
     453
     429
     477
     400
     447
     464
     463
     430
     444
     402
     437
     431
     443
     418
     424
     425
     444
     391
     395
     424
     378
     403
     385
     399
     404
     407
     435
     394
     401
     383
     359
     380
     419
     414
     385
     374
     417
     367
     384
     368
     376
     361
     378
     350
     382
     364
     382
     363
     355
     355
     371
     379
     370
     361
     394
     353
     357
     362
     342
     335
     349
     307
     352
     312
     331
     343
     325
     290
     287
     301
     329
     288
     352
     304
     275
     279
     297
     259
     271
     272
     281
     281
     290
     261
     261
     247
     240
     272
     264
     240
     230
     226
     240
     207
     214
     208
     214
     208
     212
     210
     199
     180
     226
     213
     202
     190
     212
     213
     173
     169
     180
     173
     178
     170
     173
     160
     178
     157
     182
     171
     180
     167
     160
     180
     149
     151
     160
     177
     167
     152
     139
     159
     184
     163
     153
     133
     139
     160
     142
     184
     146
     139
     154
     159
     156
     144
     156
     140
     132
     143
     142
     151
     127
     150
     124
     155
     148
     140
     145
     123
     131
     123
     126
     134
     128
     137
     129
     126
     128
     130
     145
     125
     154
     128
     142
     127
     130
     137
     116
     134
     114
     134
     135
     137
     127
     127
     112
     129
     142
     146
     128
     134
     129
     130
     147
     146
     129
     117
     119
     134
     148
     131
     118
     113
     127
     139
     144
     131
     158
     137
     140
     135
     132
     147
     135
     146
     158
     152
     153
     148
     159
     172
     150
     162
     153
     168
     177
     217
     183
     219
     198
     214
     221
     249
     268
     275
     284
     324
     294
     340
     329
     354
     361
     412
     445
     466
     468
     492
     520
     550
     566
     611
     665
     688
     668
     735
     787
     821
     813
     867
     882
     901
     927
    1000
    1065
    1078
    1147
    1120
    1194
    1180
    1280
    1271
    1279
    1338
    1356
    1382
    1370
    1333
    1364
    1420
    1421
    1400
    1449
    1499
    1448
    1460
    1376
    1392
    1403
    1401
    1354
    1298
    1305
    1246
    1259
    1259
    1263
    1102
    1090
    1035
    1056
     982
    1001
     946
     867
     866
     813
     689
     762
     713
     649
     617
     626
     515
     519
     455
     466
     437
     389
     351
     349
     282
     276
     243
     241
     216
     220
     191
     199
     157
     156
     149
     144
     112
     119
     116
     116
     105
     108
      88
      86
      66
      82
      75
      55
      63
      69
      53
      63
      53
      68
      49
      54
      62
      58
      64
      55
      57
      76
      44
      38
      61
      51
      59
      54
      55
      56
      46
      54
      50
      57
      59
      53
      54
      56
      45
      68
      52
      48
      51
      50
      54
      57
      47
      53
      54
      45
      38
      51
      49
      47
      57
      50
      55
      42
      43
      53
      40
      54
      46
      50
      51
      54
      60
      56
      53
      55
      42
      45
      55
      52
      57
      60
      33
      41
      46
      47
      47
      50
      48
      52
      57
      50
      65
      48
      61
      49
      45
      40
      56
      50
      53
      43
      41
      42
      54
      44
      40
      52
      44
      43
      48
      56
      32
      44
      55
      51
      51
      41
      72
      46
      46
      46
      47
      49
      73
      43
      51
      56
      51
      41
      42
      54
      53
      56
      45
      51
      48
      51
      53
      45
      57
      34
      42
      52
      46
      50
      44
      40
      40
      47
      42
      42
      43
      50
      54
      37
      36
      57
      50
      49
      47
      50
      59
      48
      47
      46
      56
      46
      44
      41
      44
      46
      41
      42
      38
      48
      46
      65
      65
      44
      47
      42
      55
      31
      42
      39
      49
      53
      54
      60
      42
      56
      45
      42
      41
      38
      42
      44
      36
      47
      39
      46
      34
      51
      51
      49
      40
      43
      44
      54
      46
      53
      40
      50
      40
      51
      47
      61
      46
      47
      56
      56
      43
      48
      37
      46
      44
      57
      47
      49
      52
      43
      51
      42
      46
      46
      50
      51
      31
      47
      44
      46
      54
      46
      45
      52
      43
      45
      39
      46
      52
      42
      58
      45
      42
      39
      43
      40
      40
      57
      48
      44
      44
      41
      52
      52
      41
      46
      54
      52
      51
      51
      48
      37
      52
      39
      50
      45
      49
      49
      47
      52
      60
      60
      42
      51
      49
      51
      39
      55
      50
      46
      38
      52
      49
      45
      52
      50
      46
      65
      54
      50
      53
      60
      49
      52
      51
      56
      56
      41
       2
       0
       0
       0
       0
       0
       0
       0
       0
       0
       0
       0
       0
       0
       0
       0
       0
       0
       0
       0
       0
       0
       0
       0
       0
       0
       0
       0
       0
       0
       0
       0
       0
       0
       0
       0
       0
       0
       0
       0
       0
       0
       0
       0
       0
       0
       0
       0
       0
       0
       0
       0
       0
       0
       0
       0
       0
       0
       0
       0
       0
       0
       0
       0
       0
       0
       0
       0
$ROI:
2
95 97
514 605
$PRESETS:
Real Time
200
0
$ENER_FIT:
-289.438599 1.280702
$MCA_CAL:
3
-2.894386E+002 1.280702E+000 0.000000E+000
$SHAPE_CAL:
3
0.000000E+000 0.000000E+000 0.000000E+000
