$SPEC_ID:
MEASURE 213.
$SPEC_REM:
DET# 1
DETDESC# MCB 25
AP# Maestro Version 6.05
$DATE_MEA:
04/04/2003 01:53:28
$MEAS_TIM:
195 200
$DATA:
0 1023
       0
       0
       0
       0
       0
       0
       0
       0
       0
       0
       0
       0
       0
       0
       0
       0
       0
       0
       0
       0
       0
       0
       0
       0
       0
       0
       0
       0
       0
       0
       0
       0
       0
       0
       0
       0
       0
       0
       0
       0
       0
       0
       0
       0
     136
     281
     266
     274
     290
     267
     284
     279
     278
     291
     266
     297
     292
     295
     306
     305
     301
     315
     328
     309
     299
     328
     303
     303
     300
     305
     314
     309
     327
     319
     321
     335
     325
     365
     361
     357
     357
     336
     358
     372
     345
     382
     399
     387
     386
     395
     395
     398
     431
     424
     379
     415
     379
     452
     443
     480
     480
     467
     487
     456
     469
     502
     492
     528
     515
     513
     518
     518
     540
     574
     508
     539
     562
     517
     524
     571
     546
     581
     547
     561
     570
     550
     540
     599
     581
     569
     605
     554
     581
     623
     624
     641
     593
     644
     643
     609
     630
     611
     642
     659
     662
     651
     697
     607
     648
     616
     627
     651
     667
     645
     653
     637
     659
     677
     684
     696
     602
     649
     655
     651
     614
     636
     627
     627
     647
     632
     638
     667
     685
     643
     672
     630
     594
     659
     648
     627
     664
     621
     663
     678
     641
     669
     635
     708
     668
     697
     684
     693
     654
     666
     624
     651
     641
     721
     666
     715
     628
     666
     780
     722
     684
     715
     780
     708
     749
     817
     753
     744
     800
     773
     709
     789
     784
     697
     777
     755
     808
     700
     773
     743
     746
     751
     710
     739
     733
     792
     730
     742
     758
     770
     679
     681
     716
     696
     649
     715
     669
     689
     642
     630
     634
     687
     622
     623
     656
     634
     615
     633
     632
     610
     663
     606
     632
     646
     605
     611
     604
     628
     627
     558
     598
     564
     574
     588
     557
     551
     531
     575
     613
     564
     567
     616
     513
     560
     560
     577
     531
     539
     567
     547
     568
     498
     525
     507
     486
     501
     516
     486
     530
     553
     505
     531
     507
     466
     488
     449
     511
     460
     469
     479
     462
     467
     466
     442
     473
     473
     414
     451
     468
     389
     454
     447
     413
     425
     444
     393
     402
     434
     437
     402
     416
     401
     412
     388
     445
     391
     402
     422
     426
     418
     454
     390
     443
     373
     406
     420
     425
     390
     413
     347
     439
     413
     410
     423
     399
     429
     388
     371
     344
     405
     371
     420
     426
     375
     368
     356
     360
     363
     345
     365
     388
     355
     375
     350
     388
     371
     364
     395
     328
     354
     349
     315
     303
     323
     334
     324
     332
     357
     329
     322
     305
     314
     304
     297
     301
     303
     308
     300
     253
     279
     278
     264
     285
     264
     242
     250
     240
     259
     277
     279
     246
     243
     234
     226
     251
     205
     226
     202
     220
     219
     201
     207
     170
     215
     197
     182
     189
     213
     197
     189
     152
     186
     184
     174
     171
     157
     180
     190
     161
     190
     187
     152
     165
     155
     176
     177
     155
     154
     157
     174
     155
     150
     158
     154
     173
     148
     165
     152
     150
     164
     157
     157
     159
     134
     127
     163
     130
     142
     134
     145
     121
     140
     145
     131
     139
     150
     147
     144
     138
     143
     131
     137
     140
     143
     121
     141
     143
     129
     136
     151
     134
     127
     154
     123
     129
     131
     137
     145
     129
     143
     121
     129
     133
     111
     134
     145
     132
     148
     129
     137
     126
     116
     125
     135
     145
     142
     145
     149
     132
     126
     112
     127
     119
     129
     130
     147
     153
     145
     131
     141
     139
     161
     125
     157
     125
     165
     129
     151
     159
     156
     144
     150
     156
     155
     174
     177
     176
     170
     190
     193
     195
     204
     254
     222
     254
     269
     275
     254
     295
     320
     362
     347
     355
     349
     373
     416
     399
     412
     436
     475
     530
     548
     581
     582
     626
     711
     665
     701
     743
     824
     785
     867
     881
     911
     912
     976
    1064
    1038
    1110
    1128
    1098
    1208
    1212
    1188
    1257
    1298
    1314
    1371
    1372
    1411
    1340
    1439
    1419
    1501
    1421
    1424
    1372
    1429
    1431
    1425
    1366
    1372
    1332
    1366
    1373
    1266
    1308
    1237
    1164
    1170
    1127
    1125
    1051
     995
     978
    1005
     829
     873
     789
     815
     737
     689
     647
     635
     633
     532
     473
     503
     436
     417
     387
     357
     308
     273
     284
     288
     239
     257
     218
     199
     188
     163
     182
     132
     140
     122
     116
     121
     103
      95
      99
      88
      96
      85
      82
      67
      87
      52
      77
      72
      54
      69
      67
      51
      49
      46
      45
      54
      52
      51
      67
      48
      48
      48
      55
      49
      54
      51
      50
      39
      56
      59
      58
      50
      51
      41
      47
      52
      51
      47
      54
      57
      51
      47
      64
      38
      49
      62
      51
      45
      50
      50
      53
      65
      44
      47
      70
      47
      42
      47
      49
      46
      41
      56
      58
      48
      46
      46
      48
      45
      48
      44
      46
      37
      44
      46
      53
      46
      39
      49
      57
      41
      42
      54
      44
      50
      42
      50
      51
      48
      45
      35
      50
      39
      47
      50
      49
      58
      55
      45
      42
      51
      58
      56
      38
      61
      44
      51
      33
      51
      46
      49
      49
      52
      46
      31
      48
      50
      50
      60
      43
      45
      45
      44
      47
      50
      44
      48
      61
      53
      55
      49
      42
      50
      48
      44
      54
      44
      51
      57
      47
      47
      54
      40
      52
      40
      41
      46
      46
      44
      44
      64
      45
      42
      46
      56
      45
      55
      49
      42
      44
      50
      38
      37
      49
      47
      46
      45
      51
      52
      42
      37
      52
      43
      37
      46
      54
      42
      39
      46
      35
      41
      40
      43
      55
      36
      60
      39
      38
      49
      47
      51
      48
      40
      55
      50
      47
      44
      34
      40
      43
      53
      43
      44
      53
      45
      49
      42
      50
      48
      58
      49
      40
      56
      52
      48
      51
      40
      46
      48
      54
      55
      40
      39
      49
      47
      55
      41
      49
      47
      41
      52
      40
      47
      49
      50
      51
      47
      48
      49
      41
      49
      50
      53
      50
      37
      55
      56
      54
      44
      46
      41
      46
      58
      42
      43
      52
      49
      57
      44
      46
      49
      53
      43
      44
      35
      40
      55
      39
      43
      58
      37
      57
      50
      55
      60
      42
      46
      50
      50
      40
      44
      64
      48
      41
      52
      46
      60
      40
      59
      52
      55
      50
      52
      42
      50
      53
      49
      55
      58
      62
      35
       3
       0
       0
       0
       0
       0
       0
       0
       0
       0
       0
       0
       0
       0
       0
       0
       0
       0
       0
       0
       0
       0
       0
       0
       0
       0
       0
       0
       0
       0
       0
       0
       0
       0
       0
       0
       0
       0
       0
       0
       0
       0
       0
       0
       0
       0
       0
       0
       0
       0
       0
       0
       0
       0
       0
       0
       0
       0
       0
       0
       0
       0
       0
       0
       0
       0
       0
       0
$ROI:
2
95 97
514 605
$PRESETS:
Real Time
200
0
$ENER_FIT:
-289.438599 1.280702
$MCA_CAL:
3
-2.894386E+002 1.280702E+000 0.000000E+000
$SHAPE_CAL:
3
0.000000E+000 0.000000E+000 0.000000E+000
