$SPEC_ID:
MEASURE 451.
$SPEC_REM:
DET# 1
DETDESC# MCB 25
AP# Maestro Version 6.05
$DATE_MEA:
04/04/2003 21:43:28
$MEAS_TIM:
195 200
$DATA:
0 1023
       0
       0
       0
       0
       0
       0
       0
       0
       0
       0
       0
       0
       0
       0
       0
       0
       0
       0
       0
       0
       0
       0
       0
       0
       0
       0
       0
       0
       0
       0
       0
       0
       0
       0
       0
       0
       0
       0
       0
       0
       0
       0
       0
       0
     131
     245
     285
     264
     322
     255
     311
     278
     268
     293
     259
     282
     273
     275
     281
     281
     285
     323
     301
     300
     288
     311
     296
     306
     315
     318
     295
     310
     312
     303
     315
     294
     331
     308
     322
     352
     319
     350
     350
     345
     380
     390
     392
     405
     385
     360
     393
     385
     415
     445
     443
     424
     418
     449
     442
     428
     437
     479
     437
     424
     487
     456
     473
     496
     480
     487
     504
     506
     506
     482
     503
     507
     528
     519
     572
     533
     564
     543
     543
     527
     557
     590
     519
     546
     598
     570
     556
     566
     606
     592
     575
     587
     612
     619
     634
     620
     591
     589
     598
     586
     621
     615
     614
     620
     597
     633
     663
     609
     608
     614
     632
     657
     657
     647
     677
     633
     607
     649
     723
     595
     654
     687
     623
     619
     647
     659
     632
     638
     647
     646
     657
     613
     655
     614
     667
     654
     674
     600
     622
     642
     615
     609
     667
     638
     611
     702
     703
     650
     672
     640
     630
     683
     664
     640
     662
     653
     711
     650
     692
     681
     661
     662
     658
     751
     720
     696
     699
     741
     762
     791
     762
     747
     758
     736
     743
     801
     787
     862
     765
     783
     709
     741
     770
     715
     737
     750
     726
     804
     739
     708
     724
     716
     664
     731
     728
     666
     692
     679
     655
     670
     686
     676
     725
     637
     631
     635
     637
     686
     657
     632
     660
     629
     602
     609
     608
     642
     583
     580
     621
     537
     568
     600
     587
     586
     564
     598
     585
     582
     538
     574
     544
     557
     524
     553
     578
     577
     524
     554
     560
     545
     542
     517
     529
     537
     559
     504
     489
     483
     521
     534
     495
     483
     515
     486
     508
     474
     469
     450
     493
     459
     470
     475
     482
     461
     445
     486
     435
     450
     447
     452
     458
     441
     443
     421
     436
     433
     452
     445
     483
     415
     435
     471
     410
     397
     452
     415
     429
     397
     423
     421
     414
     433
     400
     387
     365
     429
     369
     375
     373
     398
     417
     398
     385
     384
     417
     393
     368
     415
     403
     390
     363
     360
     366
     413
     388
     399
     365
     380
     365
     369
     392
     340
     379
     375
     385
     366
     364
     387
     340
     342
     329
     381
     347
     345
     347
     321
     366
     336
     338
     347
     327
     322
     335
     353
     316
     308
     311
     342
     332
     306
     286
     252
     304
     275
     273
     265
     260
     251
     277
     251
     221
     255
     245
     271
     236
     252
     234
     258
     230
     206
     218
     223
     228
     189
     205
     200
     217
     199
     223
     203
     181
     203
     189
     202
     203
     190
     187
     201
     164
     170
     154
     176
     150
     192
     173
     171
     159
     181
     173
     164
     173
     148
     160
     144
     156
     167
     159
     167
     177
     156
     146
     143
     142
     145
     162
     152
     154
     160
     153
     138
     149
     149
     136
     138
     157
     141
     151
     145
     137
     133
     132
     145
     137
     129
     133
     140
     137
     145
     133
     149
     140
     143
     132
     119
     125
     156
     122
     123
     132
     127
     117
     141
     112
     144
     137
     104
     125
     150
     138
     130
     113
     122
     110
     157
     105
     101
     117
     156
     123
      97
     146
     130
     128
     138
     115
     132
     140
     127
     104
     123
     123
     132
     141
     128
     129
      96
     166
     147
     146
     116
     133
     153
     177
     152
     138
     148
     200
     137
     165
     172
     176
     139
     173
     173
     179
     201
     212
     212
     225
     195
     236
     250
     244
     246
     278
     284
     297
     329
     355
     340
     345
     366
     415
     425
     449
     490
     506
     510
     543
     553
     592
     593
     690
     694
     758
     731
     721
     784
     846
     875
     914
     933
    1018
    1023
    1011
    1055
    1127
    1117
    1144
    1207
    1188
    1238
    1255
    1249
    1357
    1376
    1353
    1440
    1382
    1368
    1353
    1417
    1407
    1435
    1389
    1428
    1362
    1361
    1421
    1375
    1388
    1198
    1242
    1260
    1240
    1183
    1148
    1114
    1150
    1043
     992
     944
     945
     930
     830
     804
     739
     783
     709
     707
     654
     599
     549
     540
     517
     476
     414
     386
     398
     344
     322
     308
     274
     275
     238
     241
     225
     181
     161
     180
     167
     126
     127
     124
     110
     115
     112
      95
      96
      92
      84
      73
      57
      61
      70
      61
      79
      75
      61
      76
      62
      59
      48
      61
      62
      54
      42
      54
      56
      54
      54
      53
      59
      47
      59
      49
      44
      52
      60
      63
      47
      56
      50
      59
      58
      59
      56
      58
      48
      61
      47
      53
      52
      43
      48
      44
      61
      57
      41
      54
      27
      52
      47
      50
      41
      49
      52
      53
      49
      53
      40
      50
      43
      53
      52
      47
      54
      61
      51
      54
      47
      42
      45
      44
      40
      39
      42
      40
      49
      48
      60
      43
      51
      50
      40
      54
      50
      48
      45
      40
      45
      61
      49
      37
      47
      54
      52
      51
      51
      53
      31
      53
      49
      42
      53
      55
      47
      43
      44
      45
      46
      36
      42
      50
      43
      39
      51
      40
      35
      50
      58
      42
      53
      49
      40
      35
      46
      41
      47
      52
      44
      48
      44
      34
      51
      43
      35
      58
      67
      47
      30
      49
      46
      50
      43
      43
      41
      48
      41
      46
      49
      46
      45
      37
      50
      46
      42
      51
      48
      46
      39
      51
      54
      47
      56
      56
      45
      44
      36
      53
      56
      44
      49
      47
      50
      40
      45
      55
      48
      39
      38
      60
      28
      39
      40
      40
      51
      43
      48
      49
      53
      61
      33
      53
      59
      45
      33
      44
      44
      50
      42
      43
      45
      56
      48
      51
      45
      42
      39
      43
      36
      39
      44
      51
      49
      48
      37
      46
      54
      57
      56
      43
      52
      38
      47
      57
      52
      50
      55
      48
      42
      61
      53
      49
      53
      50
      49
      52
      53
      53
      57
      51
      55
      35
      49
      39
      39
      39
      41
      55
      52
      45
      44
      40
      55
      42
      45
      34
      65
      34
      45
      51
      50
      51
      56
      51
      49
      53
      58
      47
      38
      54
      55
      53
      41
      55
      51
      56
      46
      46
      42
      45
      46
      45
      46
      49
      47
      31
      49
      52
      47
      39
       1
       0
       0
       0
       0
       0
       0
       0
       0
       0
       0
       0
       0
       0
       0
       0
       0
       0
       0
       0
       0
       0
       0
       0
       0
       0
       0
       0
       0
       0
       0
       0
       0
       0
       0
       0
       0
       0
       0
       0
       0
       0
       0
       0
       0
       0
       0
       0
       0
       0
       0
       0
       0
       0
       0
       0
       0
       0
       0
       0
       0
       0
       0
       0
       0
       0
       0
       0
$ROI:
2
95 97
514 605
$PRESETS:
Real Time
200
0
$ENER_FIT:
-289.438599 1.280702
$MCA_CAL:
3
-2.894386E+002 1.280702E+000 0.000000E+000
$SHAPE_CAL:
3
0.000000E+000 0.000000E+000 0.000000E+000
