$SPEC_ID:
MEASURE 069.
$SPEC_REM:
DET# 1
DETDESC# MCB 25
AP# Maestro Version 6.05
$DATE_MEA:
04/03/2003 13:53:28
$MEAS_TIM:
195 200
$DATA:
0 1023
       0
       0
       0
       0
       0
       0
       0
       0
       0
       0
       0
       0
       0
       0
       0
       0
       0
       0
       0
       0
       0
       0
       0
       0
       0
       0
       0
       0
       0
       0
       0
       0
       0
       0
       0
       0
       0
       0
       0
       0
       0
       0
       0
       0
     156
     286
     270
     295
     257
     310
     298
     270
     312
     325
     320
     291
     267
     260
     296
     353
     303
     331
     309
     292
     272
     338
     318
     327
     325
     306
     341
     359
     346
     347
     318
     320
     330
     360
     341
     361
     392
     383
     358
     408
     392
     403
     403
     441
     432
     421
     404
     369
     439
     461
     394
     414
     449
     458
     453
     460
     445
     485
     485
     530
     505
     524
     506
     542
     513
     502
     534
     524
     548
     557
     571
     559
     557
     523
     539
     551
     549
     534
     566
     570
     569
     557
     535
     598
     627
     587
     609
     624
     607
     577
     581
     615
     629
     622
     651
     625
     620
     581
     669
     617
     657
     613
     666
     602
     631
     656
     690
     684
     637
     628
     682
     721
     617
     662
     683
     628
     689
     627
     688
     659
     648
     669
     649
     741
     653
     628
     680
     704
     627
     653
     678
     636
     649
     652
     647
     666
     613
     694
     666
     630
     667
     686
     691
     652
     676
     640
     672
     685
     673
     715
     665
     689
     745
     671
     704
     686
     708
     758
     715
     727
     754
     676
     663
     730
     765
     747
     788
     743
     754
     756
     741
     799
     749
     789
     799
     763
     795
     779
     789
     711
     735
     691
     765
     719
     733
     733
     734
     746
     703
     752
     747
     700
     674
     719
     658
     648
     640
     700
     621
     639
     621
     642
     624
     655
     635
     655
     666
     591
     580
     617
     581
     612
     616
     607
     609
     609
     655
     606
     582
     550
     572
     558
     600
     591
     591
     548
     560
     579
     557
     575
     563
     555
     564
     545
     524
     524
     535
     545
     496
     534
     534
     533
     533
     561
     522
     523
     512
     504
     490
     488
     480
     461
     486
     500
     451
     499
     456
     452
     482
     458
     461
     437
     480
     501
     485
     464
     446
     445
     446
     424
     447
     472
     449
     419
     423
     454
     451
     488
     405
     416
     393
     454
     417
     421
     413
     436
     422
     371
     407
     445
     417
     413
     472
     432
     414
     387
     455
     398
     374
     415
     376
     420
     401
     409
     408
     385
     409
     381
     405
     376
     409
     396
     399
     349
     355
     402
     377
     355
     399
     368
     382
     369
     377
     337
     361
     382
     348
     365
     338
     358
     336
     317
     318
     324
     325
     327
     299
     317
     319
     305
     285
     292
     289
     284
     290
     268
     291
     269
     272
     276
     258
     269
     271
     226
     249
     291
     229
     233
     216
     211
     214
     203
     214
     216
     204
     220
     229
     206
     220
     213
     179
     205
     207
     188
     185
     192
     172
     190
     186
     179
     181
     183
     192
     190
     181
     177
     165
     200
     185
     177
     151
     167
     174
     161
     190
     160
     156
     180
     157
     160
     151
     146
     161
     130
     166
     171
     158
     147
     126
     146
     141
     153
     178
     159
     159
     128
     156
     145
     150
     132
     124
     149
     130
     136
     119
     144
     138
     141
     134
     130
     132
     125
     145
     124
     125
     146
     143
     123
     134
     136
     133
     114
     139
     153
     123
     137
     131
     120
     126
     123
     125
     115
     141
     140
     140
     124
     117
     131
     139
     130
     154
     145
     137
     137
     124
     124
     124
     147
     162
     140
     143
     140
     155
     161
     124
     140
     127
     140
     159
     148
     128
     151
     133
     172
     179
     171
     160
     177
     177
     164
     195
     189
     206
     214
     232
     253
     230
     254
     264
     273
     273
     300
     283
     356
     331
     361
     355
     397
     360
     463
     500
     494
     513
     584
     614
     558
     674
     672
     696
     718
     731
     796
     817
     842
     833
     890
     963
    1005
     993
    1127
    1066
    1129
    1142
    1186
    1261
    1272
    1286
    1357
    1378
    1351
    1391
    1465
    1445
    1406
    1488
    1464
    1373
    1482
    1414
    1543
    1398
    1384
    1380
    1346
    1343
    1353
    1315
    1314
    1267
    1239
    1210
    1144
    1149
    1101
    1038
     974
     938
     945
     889
     857
     855
     750
     741
     636
     629
     596
     583
     562
     552
     488
     475
     411
     374
     364
     365
     314
     290
     279
     257
     246
     227
     228
     189
     171
     159
     140
     133
     119
     110
      97
     103
     104
      82
      76
      88
      85
      98
      77
      72
      58
      71
      66
      54
      60
      57
      64
      52
      62
      55
      49
      55
      58
      45
      50
      53
      35
      56
      66
      55
      56
      51
      39
      49
      41
      52
      58
      45
      47
      57
      46
      61
      53
      47
      42
      47
      47
      57
      56
      60
      60
      68
      57
      54
      51
      45
      46
      55
      49
      56
      49
      45
      36
      56
      55
      51
      37
      49
      61
      48
      52
      45
      60
      56
      43
      43
      47
      38
      59
      48
      42
      58
      40
      43
      46
      53
      57
      42
      59
      45
      42
      40
      42
      48
      59
      51
      48
      50
      51
      38
      44
      38
      40
      44
      42
      44
      42
      47
      42
      69
      53
      46
      56
      46
      46
      50
      50
      40
      55
      64
      46
      47
      44
      58
      57
      40
      55
      45
      43
      59
      52
      46
      51
      43
      60
      47
      48
      41
      49
      43
      36
      45
      47
      40
      41
      34
      44
      33
      41
      36
      55
      45
      43
      45
      62
      64
      55
      55
      41
      50
      44
      51
      45
      57
      46
      53
      42
      42
      44
      47
      53
      47
      52
      42
      60
      46
      44
      56
      43
      43
      50
      50
      54
      49
      30
      37
      40
      36
      53
      58
      54
      45
      46
      42
      47
      61
      44
      58
      53
      45
      41
      53
      53
      34
      58
      63
      49
      41
      42
      61
      57
      45
      46
      53
      41
      58
      51
      38
      41
      38
      47
      41
      47
      53
      53
      56
      37
      61
      51
      36
      53
      38
      40
      49
      48
      60
      43
      50
      51
      55
      52
      62
      57
      64
      44
      41
      59
      32
      42
      54
      37
      48
      56
      57
      54
      50
      45
      51
      54
      49
      49
      46
      52
      54
      47
      57
      52
      44
      34
      50
      53
      48
      58
      50
      51
      47
      60
      48
      44
      59
      54
      60
      36
      38
      48
      47
      40
      41
      59
      57
      61
      47
      43
      61
      49
      41
      51
      44
      44
      58
      50
      47
      48
      56
      49
      53
      43
      63
      53
      56
      49
      53
      37
       1
       0
       0
       0
       0
       0
       0
       0
       0
       0
       0
       0
       0
       0
       0
       0
       0
       0
       0
       0
       0
       0
       0
       0
       0
       0
       0
       0
       0
       0
       0
       0
       0
       0
       0
       0
       0
       0
       0
       0
       0
       0
       0
       0
       0
       0
       0
       0
       0
       0
       0
       0
       0
       0
       0
       0
       0
       0
       0
       0
       0
       0
       0
       0
       0
       0
       0
       0
$ROI:
2
95 97
514 605
$PRESETS:
Real Time
200
0
$ENER_FIT:
-289.438599 1.280702
$MCA_CAL:
3
-2.894386E+002 1.280702E+000 0.000000E+000
$SHAPE_CAL:
3
0.000000E+000 0.000000E+000 0.000000E+000
