$SPEC_ID:
MEASURE 217.
$SPEC_REM:
DET# 1
DETDESC# MCB 25
AP# Maestro Version 6.05
$DATE_MEA:
04/04/2003 02:13:28
$MEAS_TIM:
195 200
$DATA:
0 1023
       0
       0
       0
       0
       0
       0
       0
       0
       0
       0
       0
       0
       0
       0
       0
       0
       0
       0
       0
       0
       0
       0
       0
       0
       0
       0
       0
       0
       0
       0
       0
       0
       0
       0
       0
       0
       0
       0
       0
       0
       0
       0
       0
       0
     149
     282
     288
     290
     276
     279
     275
     285
     279
     291
     316
     312
     308
     296
     300
     254
     274
     269
     330
     334
     297
     306
     332
     315
     343
     311
     331
     339
     319
     330
     319
     308
     381
     358
     362
     359
     374
     371
     352
     355
     350
     367
     329
     363
     377
     373
     415
     441
     437
     408
     448
     432
     388
     445
     462
     484
     421
     433
     459
     483
     480
     497
     484
     484
     525
     514
     499
     497
     522
     558
     560
     500
     545
     522
     569
     556
     591
     505
     629
     576
     585
     595
     630
     573
     576
     565
     563
     583
     571
     581
     633
     595
     595
     622
     542
     606
     647
     637
     677
     626
     617
     659
     678
     661
     648
     664
     612
     634
     642
     606
     653
     648
     638
     673
     618
     689
     719
     636
     682
     641
     652
     676
     667
     654
     623
     659
     623
     659
     640
     671
     669
     687
     668
     644
     630
     673
     622
     616
     650
     635
     643
     657
     666
     661
     650
     647
     658
     693
     652
     618
     676
     696
     671
     640
     707
     655
     680
     644
     703
     702
     718
     701
     714
     764
     730
     758
     795
     789
     758
     730
     718
     748
     765
     781
     756
     723
     740
     749
     708
     740
     770
     774
     770
     680
     746
     754
     716
     747
     703
     712
     758
     674
     703
     677
     633
     680
     636
     666
     673
     663
     664
     694
     681
     640
     630
     613
     679
     592
     646
     615
     625
     592
     665
     623
     594
     604
     589
     597
     608
     553
     569
     575
     619
     592
     592
     551
     587
     566
     569
     556
     552
     560
     546
     558
     535
     568
     532
     522
     541
     546
     499
     552
     541
     508
     550
     535
     509
     537
     510
     511
     495
     511
     482
     496
     485
     496
     507
     459
     474
     483
     467
     479
     493
     477
     448
     459
     476
     484
     429
     455
     488
     434
     450
     443
     466
     466
     412
     430
     426
     438
     455
     424
     426
     429
     419
     447
     450
     414
     437
     383
     429
     377
     429
     378
     409
     426
     397
     408
     444
     443
     438
     384
     366
     380
     399
     364
     389
     350
     399
     407
     427
     421
     346
     394
     393
     383
     375
     350
     350
     370
     390
     372
     350
     323
     370
     349
     353
     350
     370
     341
     342
     326
     334
     310
     343
     310
     317
     348
     329
     277
     338
     291
     340
     305
     325
     298
     280
     283
     279
     288
     238
     290
     265
     289
     289
     263
     248
     276
     261
     259
     234
     249
     253
     204
     235
     218
     226
     194
     215
     195
     225
     211
     196
     208
     195
     207
     195
     202
     200
     184
     220
     185
     163
     163
     167
     189
     174
     165
     189
     161
     164
     169
     184
     169
     160
     159
     134
     162
     163
     175
     168
     174
     148
     162
     160
     161
     171
     149
     144
     129
     166
     154
     187
     141
     153
     142
     138
     151
     165
     148
     155
     151
     129
     152
     134
     144
     149
     120
     157
     141
     122
     139
     137
     134
     132
     128
     131
     145
     122
     138
     123
     132
     132
     137
     128
     127
     121
     119
     146
     131
     119
     128
     122
     124
     122
     125
     134
     118
     139
     115
     120
     156
     127
     150
     155
     137
     118
     162
     102
     135
     123
     127
     149
     145
     154
     155
     122
     125
     147
     144
     121
     126
     120
     148
     143
     137
     135
     148
     140
     174
     152
     174
     184
     156
     187
     173
     194
     186
     168
     196
     198
     220
     206
     228
     210
     234
     252
     273
     304
     257
     290
     317
     359
     358
     375
     394
     443
     407
     452
     479
     514
     571
     526
     576
     683
     653
     697
     738
     743
     765
     844
     848
     917
     922
     901
    1052
    1014
    1085
    1063
    1121
    1170
    1143
    1190
    1336
    1284
    1247
    1310
    1334
    1364
    1351
    1416
    1455
    1423
    1408
    1446
    1482
    1430
    1381
    1355
    1331
    1378
    1368
    1368
    1322
    1306
    1276
    1291
    1142
    1094
    1185
    1091
    1080
    1061
    1016
    1026
     960
     884
     863
     798
     803
     752
     714
     657
     617
     549
     530
     511
     517
     438
     408
     372
     392
     369
     320
     304
     280
     298
     275
     250
     216
     217
     197
     181
     163
     126
     132
     111
     122
     107
      94
      98
      86
      75
      64
      89
      62
      84
      61
      79
      64
      68
      76
      47
      50
      58
      58
      47
      47
      62
      47
      60
      43
      55
      40
      48
      50
      51
      54
      52
      52
      47
      56
      43
      58
      46
      62
      53
      65
      50
      59
      60
      56
      59
      46
      45
      62
      51
      47
      51
      41
      47
      52
      67
      49
      54
      48
      40
      40
      50
      59
      51
      52
      61
      46
      43
      40
      58
      48
      35
      44
      55
      45
      50
      55
      50
      54
      39
      56
      43
      39
      54
      46
      48
      50
      55
      52
      48
      39
      58
      59
      45
      51
      53
      45
      52
      46
      49
      46
      35
      47
      45
      38
      42
      43
      42
      43
      60
      64
      55
      43
      52
      46
      53
      40
      41
      48
      41
      53
      44
      48
      51
      49
      50
      41
      43
      36
      52
      45
      53
      45
      39
      40
      53
      45
      43
      46
      44
      44
      36
      57
      52
      58
      36
      40
      37
      47
      42
      32
      45
      50
      52
      38
      32
      39
      47
      37
      53
      51
      35
      50
      54
      47
      39
      43
      48
      41
      39
      52
      49
      59
      45
      37
      56
      46
      41
      53
      48
      59
      47
      47
      54
      48
      58
      50
      41
      50
      54
      35
      62
      41
      55
      50
      33
      51
      44
      50
      49
      54
      44
      37
      45
      46
      52
      64
      50
      44
      44
      35
      51
      46
      54
      41
      48
      41
      40
      46
      42
      47
      39
      45
      53
      44
      47
      42
      53
      53
      43
      44
      41
      54
      38
      40
      41
      53
      41
      48
      36
      45
      47
      49
      45
      48
      44
      46
      51
      51
      35
      49
      37
      41
      48
      39
      43
      47
      61
      60
      68
      55
      42
      45
      52
      41
      47
      44
      61
      49
      35
      55
      51
      48
      49
      49
      38
      46
      44
      45
      45
      54
      58
      37
      44
      42
      41
      40
      47
      40
      53
      55
      52
      34
      43
      39
      52
      48
      51
      43
      54
      59
      54
      46
      50
      29
       0
       0
       0
       0
       0
       0
       0
       0
       0
       0
       0
       0
       0
       0
       0
       0
       0
       0
       0
       0
       0
       0
       0
       0
       0
       0
       0
       0
       0
       0
       0
       0
       0
       0
       0
       0
       0
       0
       0
       0
       0
       0
       0
       0
       0
       0
       0
       0
       0
       0
       0
       0
       0
       0
       0
       0
       0
       0
       0
       0
       0
       0
       0
       0
       0
       0
       0
       0
$ROI:
2
95 97
514 605
$PRESETS:
Real Time
200
0
$ENER_FIT:
-289.438599 1.280702
$MCA_CAL:
3
-2.894386E+002 1.280702E+000 0.000000E+000
$SHAPE_CAL:
3
0.000000E+000 0.000000E+000 0.000000E+000
