$SPEC_ID:
MEASURE 010.
$SPEC_REM:
DET# 1
DETDESC# MCB 25
AP# Maestro Version 6.05
$DATE_MEA:
04/03/2003 08:58:28
$MEAS_TIM:
195 200
$DATA:
0 1023
       0
       0
       0
       0
       0
       0
       0
       0
       0
       0
       0
       0
       0
       0
       0
       0
       0
       0
       0
       0
       0
       0
       0
       0
       0
       0
       0
       0
       0
       0
       0
       0
       0
       0
       0
       0
       0
       0
       0
       0
       0
       0
       0
       0
     184
     273
     268
     285
     279
     312
     309
     299
     291
     290
     291
     281
     278
     300
     311
     307
     311
     294
     325
     314
     329
     309
     300
     310
     325
     299
     336
     365
     349
     360
     355
     382
     377
     350
     336
     374
     402
     346
     362
     368
     393
     367
     424
     398
     385
     395
     447
     465
     432
     453
     435
     441
     465
     468
     466
     477
     480
     440
     483
     535
     483
     466
     503
     498
     521
     536
     535
     538
     537
     540
     599
     553
     562
     582
     563
     541
     538
     593
     587
     602
     592
     636
     564
     577
     643
     668
     614
     592
     608
     609
     626
     658
     624
     691
     685
     640
     660
     589
     632
     639
     675
     705
     662
     674
     660
     666
     671
     682
     682
     673
     641
     670
     659
     669
     666
     682
     636
     661
     683
     668
     653
     665
     678
     674
     672
     672
     644
     679
     635
     673
     689
     678
     670
     693
     655
     583
     645
     692
     654
     728
     659
     631
     711
     664
     702
     664
     679
     700
     731
     729
     715
     713
     722
     761
     714
     708
     700
     702
     697
     756
     740
     729
     775
     763
     804
     789
     757
     760
     798
     835
     780
     769
     743
     803
     786
     705
     809
     740
     733
     755
     773
     799
     762
     702
     733
     727
     761
     734
     684
     700
     684
     652
     668
     682
     631
     685
     686
     658
     630
     648
     652
     642
     663
     627
     629
     621
     613
     615
     628
     611
     565
     633
     590
     617
     579
     557
     583
     604
     587
     616
     591
     605
     604
     610
     588
     594
     602
     575
     580
     530
     596
     525
     542
     544
     567
     531
     501
     545
     524
     554
     530
     518
     494
     489
     474
     510
     448
     467
     467
     483
     534
     472
     487
     488
     482
     431
     485
     465
     481
     454
     470
     431
     461
     483
     452
     436
     459
     481
     432
     430
     438
     441
     432
     421
     429
     445
     448
     433
     424
     385
     458
     433
     453
     423
     435
     414
     388
     411
     401
     399
     409
     394
     428
     434
     395
     415
     379
     347
     405
     407
     361
     378
     373
     389
     374
     361
     396
     378
     386
     388
     381
     365
     367
     369
     381
     347
     391
     346
     401
     365
     377
     350
     329
     342
     358
     325
     366
     345
     356
     324
     317
     340
     308
     348
     303
     290
     290
     291
     317
     314
     284
     292
     278
     284
     284
     272
     281
     245
     256
     259
     268
     252
     229
     213
     260
     213
     209
     207
     210
     218
     193
     222
     208
     219
     194
     215
     215
     160
     209
     190
     176
     172
     183
     180
     177
     189
     182
     190
     173
     187
     161
     171
     173
     177
     150
     165
     153
     168
     176
     193
     156
     163
     166
     163
     150
     153
     172
     152
     140
     140
     146
     173
     155
     151
     142
     136
     147
     144
     143
     153
     154
     135
     154
     117
     124
     141
     124
     140
     145
     138
     147
     131
     144
     155
     149
     143
     129
     152
     141
     114
     137
     143
     137
     122
     136
     134
     136
     137
     134
     139
     137
     143
     152
     148
     126
     124
     127
     152
     133
     141
     122
     138
     124
     132
     140
     127
     128
     142
     154
     121
     118
     137
     136
     132
     153
     131
     148
     150
     128
     128
     134
     131
     171
     150
     144
     168
     142
     135
     182
     168
     175
     177
     173
     197
     204
     230
     217
     220
     218
     228
     221
     231
     299
     252
     289
     296
     308
     348
     355
     413
     389
     440
     449
     447
     480
     515
     509
     554
     595
     622
     650
     716
     671
     784
     746
     819
     831
     874
     924
     883
     998
    1049
    1082
    1100
    1162
    1159
    1200
    1293
    1251
    1223
    1396
    1297
    1364
    1402
    1456
    1418
    1420
    1411
    1442
    1448
    1433
    1488
    1406
    1443
    1462
    1384
    1397
    1302
    1378
    1349
    1262
    1306
    1237
    1169
    1244
    1097
    1138
    1009
    1088
     977
     972
     930
     879
     747
     838
     687
     734
     653
     586
     559
     570
     486
     442
     438
     426
     387
     362
     309
     298
     309
     285
     253
     226
     198
     204
     190
     143
     162
     140
     126
     146
     110
      89
     100
      94
      93
      71
      78
      70
      65
      70
      61
      60
      64
      66
      67
      79
      62
      61
      58
      51
      49
      48
      40
      49
      59
      45
      55
      61
      46
      52
      64
      49
      69
      50
      61
      49
      60
      49
      58
      63
      49
      56
      54
      47
      47
      42
      62
      55
      62
      59
      50
      43
      68
      50
      53
      50
      67
      46
      43
      50
      63
      46
      46
      56
      59
      51
      51
      51
      57
      43
      44
      51
      44
      46
      58
      54
      56
      30
      50
      50
      45
      52
      46
      54
      50
      58
      47
      45
      42
      45
      41
      52
      43
      46
      47
      48
      52
      55
      57
      28
      54
      49
      54
      44
      49
      46
      42
      57
      50
      48
      52
      48
      56
      40
      41
      48
      53
      54
      62
      60
      48
      47
      59
      52
      52
      51
      47
      59
      65
      44
      43
      38
      54
      44
      63
      46
      41
      56
      53
      55
      59
      49
      57
      59
      42
      34
      39
      46
      39
      50
      44
      51
      45
      46
      39
      52
      39
      64
      49
      42
      39
      50
      54
      47
      53
      44
      41
      44
      37
      45
      44
      52
      40
      51
      37
      43
      66
      51
      46
      43
      47
      57
      64
      56
      65
      51
      45
      40
      47
      61
      49
      48
      55
      49
      47
      55
      50
      47
      48
      39
      51
      54
      50
      57
      45
      43
      39
      47
      51
      43
      47
      54
      48
      54
      45
      54
      60
      57
      62
      48
      58
      55
      45
      46
      42
      36
      51
      49
      44
      64
      56
      39
      51
      39
      49
      46
      45
      59
      48
      51
      57
      49
      50
      55
      51
      55
      52
      54
      42
      51
      58
      55
      41
      54
      52
      48
      52
      54
      50
      54
      44
      40
      59
      52
      51
      41
      47
      39
      64
      56
      49
      36
      47
      40
      36
      45
      45
      45
      34
      54
      54
      55
      48
      56
      51
      45
      47
      53
      37
      60
      40
      63
      45
      46
      47
      50
      43
      43
      53
      41
      49
      46
      60
      38
      52
      55
      47
      51
      52
      61
      55
      52
      49
      65
      60
      43
      58
      53
      47
      43
      43
       0
       0
       0
       0
       0
       0
       0
       0
       0
       0
       0
       0
       0
       0
       0
       0
       0
       0
       0
       0
       0
       0
       0
       0
       0
       0
       0
       0
       0
       0
       0
       0
       0
       0
       0
       0
       0
       0
       0
       0
       0
       0
       0
       0
       0
       0
       0
       0
       0
       0
       0
       0
       0
       0
       0
       0
       0
       0
       0
       0
       0
       0
       0
       0
       0
       0
       0
       0
$ROI:
2
95 97
514 605
$PRESETS:
Real Time
200
0
$ENER_FIT:
-289.438599 1.280702
$MCA_CAL:
3
-2.894386E+002 1.280702E+000 0.000000E+000
$SHAPE_CAL:
3
0.000000E+000 0.000000E+000 0.000000E+000
