$SPEC_ID:
MEASURE 519.
$SPEC_REM:
DET# 1
DETDESC# MCB 25
AP# Maestro Version 6.05
$DATE_MEA:
04/05/2003 03:23:28
$MEAS_TIM:
195 200
$DATA:
0 1023
       0
       0
       0
       0
       0
       0
       0
       0
       0
       0
       0
       0
       0
       0
       0
       0
       0
       0
       0
       0
       0
       0
       0
       0
       0
       0
       0
       0
       0
       0
       0
       0
       0
       0
       0
       0
       0
       0
       0
       0
       0
       0
       0
       0
     147
     274
     269
     295
     299
     265
     285
     292
     284
     265
     284
     295
     268
     310
     284
     312
     278
     277
     317
     325
     283
     338
     311
     304
     325
     301
     331
     309
     354
     340
     327
     319
     297
     341
     325
     367
     334
     310
     355
     348
     360
     361
     352
     386
     408
     359
     375
     386
     414
     411
     428
     424
     450
     423
     436
     422
     415
     434
     475
     442
     466
     465
     492
     488
     483
     479
     507
     542
     518
     492
     542
     517
     541
     542
     541
     556
     535
     535
     566
     539
     548
     532
     564
     558
     560
     594
     537
     565
     582
     575
     603
     577
     589
     636
     579
     581
     597
     595
     598
     599
     615
     605
     636
     634
     656
     656
     594
     632
     640
     634
     633
     616
     649
     591
     686
     626
     633
     623
     634
     646
     656
     627
     617
     610
     652
     663
     643
     649
     635
     668
     654
     625
     622
     702
     674
     675
     668
     644
     621
     642
     597
     584
     631
     606
     624
     632
     625
     657
     649
     677
     676
     632
     622
     665
     696
     682
     674
     668
     711
     678
     641
     650
     764
     656
     664
     691
     727
     701
     753
     730
     771
     747
     751
     701
     777
     755
     758
     756
     748
     705
     743
     750
     789
     712
     748
     723
     703
     747
     735
     713
     743
     684
     716
     677
     657
     662
     627
     701
     677
     655
     631
     612
     640
     682
     654
     673
     653
     611
     669
     607
     589
     651
     613
     604
     607
     624
     583
     636
     588
     596
     586
     613
     567
     608
     593
     580
     614
     607
     572
     567
     540
     586
     579
     517
     526
     517
     529
     535
     499
     511
     521
     541
     490
     568
     529
     507
     505
     527
     523
     512
     526
     541
     474
     568
     574
     568
     503
     476
     452
     471
     474
     463
     456
     468
     476
     456
     445
     442
     431
     447
     453
     429
     451
     482
     428
     417
     432
     459
     453
     433
     430
     410
     434
     404
     419
     394
     439
     392
     431
     423
     422
     421
     447
     384
     413
     403
     412
     413
     408
     425
     383
     382
     364
     372
     394
     407
     401
     435
     412
     412
     365
     380
     355
     401
     380
     351
     365
     346
     380
     349
     363
     346
     374
     376
     347
     352
     378
     368
     357
     375
     342
     384
     374
     376
     366
     327
     320
     368
     328
     308
     325
     326
     323
     295
     306
     324
     296
     300
     295
     299
     326
     292
     292
     292
     285
     285
     261
     246
     256
     284
     278
     261
     266
     238
     253
     235
     253
     237
     220
     221
     222
     215
     205
     210
     228
     227
     215
     216
     195
     209
     201
     196
     196
     197
     180
     209
     181
     185
     186
     186
     197
     197
     174
     174
     176
     147
     166
     166
     168
     147
     165
     162
     156
     170
     151
     155
     167
     161
     150
     149
     146
     165
     178
     155
     165
     144
     129
     142
     169
     150
     166
     151
     152
     123
     167
     141
     130
     137
     120
     151
     126
     147
     121
     144
     124
     138
     130
     132
     123
     142
     117
     137
     147
     134
     118
     148
     126
     132
     151
     116
     134
     134
     157
     138
     149
     119
     140
     131
     111
     138
     129
     155
     121
     118
     125
     138
     112
     137
     135
     120
     128
     135
     124
     163
     127
     108
     121
     135
     138
     117
     130
     137
     119
     129
     125
     119
     140
     140
     129
     136
     144
     147
     131
     123
     132
     134
     135
     138
     156
     167
     162
     142
     170
     168
     178
     175
     186
     188
     223
     193
     202
     222
     221
     231
     230
     270
     293
     280
     306
     361
     359
     334
     368
     401
     404
     444
     418
     515
     479
     520
     607
     611
     606
     650
     678
     719
     752
     824
     797
     789
     928
     909
     940
     998
     996
    1029
    1094
    1093
    1158
    1211
    1243
    1229
    1214
    1215
    1316
    1351
    1350
    1343
    1360
    1338
    1374
    1378
    1344
    1419
    1404
    1391
    1384
    1372
    1314
    1337
    1383
    1322
    1300
    1193
    1211
    1211
    1233
    1146
    1112
    1137
    1067
     996
     943
     940
     933
     888
     777
     777
     758
     702
     674
     664
     594
     580
     519
     537
     482
     439
     390
     397
     368
     346
     290
     287
     300
     263
     228
     200
     177
     173
     153
     159
     157
     134
     119
     117
     120
     100
      94
      98
      86
      78
      85
      81
      69
      71
      70
      67
      81
      70
      66
      56
      53
      48
      50
      59
      38
      52
      44
      64
      51
      46
      57
      66
      77
      57
      52
      62
      52
      46
      56
      41
      53
      39
      50
      51
      47
      48
      49
      51
      48
      47
      47
      45
      30
      53
      47
      54
      39
      49
      52
      42
      54
      52
      47
      44
      54
      44
      56
      53
      49
      64
      37
      49
      55
      48
      48
      41
      42
      44
      47
      43
      52
      53
      54
      48
      49
      44
      56
      52
      54
      54
      35
      48
      41
      45
      32
      46
      41
      39
      41
      50
      42
      52
      37
      51
      51
      41
      52
      46
      34
      40
      40
      48
      50
      41
      51
      47
      52
      46
      45
      43
      50
      44
      40
      48
      45
      48
      32
      41
      48
      49
      48
      33
      46
      54
      48
      41
      49
      47
      55
      46
      43
      60
      45
      41
      38
      35
      35
      42
      47
      44
      55
      37
      41
      48
      32
      51
      44
      50
      47
      37
      50
      34
      39
      45
      45
      47
      51
      46
      41
      43
      64
      40
      45
      45
      53
      40
      56
      34
      46
      34
      56
      44
      47
      51
      51
      48
      48
      58
      35
      45
      45
      55
      40
      55
      50
      51
      44
      42
      58
      41
      46
      41
      51
      39
      56
      47
      47
      50
      53
      44
      41
      47
      44
      59
      40
      38
      50
      51
      45
      50
      45
      48
      41
      47
      42
      57
      45
      45
      47
      47
      39
      39
      45
      41
      43
      49
      47
      64
      44
      41
      44
      46
      57
      60
      51
      54
      38
      49
      48
      53
      36
      57
      53
      48
      46
      52
      46
      39
      55
      48
      36
      51
      41
      69
      57
      40
      43
      48
      48
      52
      48
      44
      51
      45
      47
      55
      37
      43
      56
      47
      45
      51
      59
      56
      49
      58
      43
      45
      50
      45
      37
      51
      31
      51
      44
      55
      49
      48
      45
      43
       1
       0
       0
       0
       0
       0
       0
       0
       0
       0
       0
       0
       0
       0
       0
       0
       0
       0
       0
       0
       0
       0
       0
       0
       0
       0
       0
       0
       0
       0
       0
       0
       0
       0
       0
       0
       0
       0
       0
       0
       0
       0
       0
       0
       0
       0
       0
       0
       0
       0
       0
       0
       0
       0
       0
       0
       0
       0
       0
       0
       0
       0
       0
       0
       0
       0
       0
       0
$ROI:
2
95 97
514 605
$PRESETS:
Real Time
200
0
$ENER_FIT:
-289.438599 1.280702
$MCA_CAL:
3
-2.894386E+002 1.280702E+000 0.000000E+000
$SHAPE_CAL:
3
0.000000E+000 0.000000E+000 0.000000E+000
