$SPEC_ID:
MEASURE 353.
$SPEC_REM:
DET# 1
DETDESC# MCB 25
AP# Maestro Version 6.05
$DATE_MEA:
04/04/2003 13:33:28
$MEAS_TIM:
195 200
$DATA:
0 1023
       0
       0
       0
       0
       0
       0
       0
       0
       0
       0
       0
       0
       0
       0
       0
       0
       0
       0
       0
       0
       0
       0
       0
       0
       0
       0
       0
       0
       0
       0
       0
       0
       0
       0
       0
       0
       0
       0
       0
       0
       0
       0
       0
       0
     139
     283
     239
     279
     275
     279
     267
     284
     287
     283
     270
     302
     323
     322
     291
     314
     278
     278
     288
     286
     306
     322
     293
     314
     284
     340
     307
     310
     335
     311
     293
     336
     323
     321
     329
     316
     356
     361
     355
     351
     342
     379
     381
     405
     394
     382
     402
     411
     371
     407
     416
     433
     420
     437
     456
     432
     439
     499
     457
     472
     456
     502
     504
     448
     517
     461
     494
     522
     448
     500
     495
     538
     551
     525
     495
     514
     559
     565
     529
     553
     533
     549
     552
     596
     564
     569
     577
     571
     562
     602
     583
     621
     589
     633
     605
     624
     629
     667
     652
     594
     632
     667
     603
     662
     599
     648
     630
     624
     679
     693
     641
     676
     627
     621
     659
     635
     664
     636
     637
     676
     656
     633
     650
     626
     652
     651
     669
     634
     678
     615
     665
     665
     665
     644
     636
     681
     659
     670
     647
     650
     625
     656
     625
     608
     628
     626
     622
     640
     649
     658
     663
     669
     641
     661
     651
     658
     708
     706
     698
     706
     719
     707
     683
     706
     740
     687
     727
     708
     739
     744
     774
     750
     732
     764
     731
     723
     723
     789
     760
     738
     724
     792
     719
     741
     743
     734
     695
     743
     739
     715
     697
     726
     754
     735
     644
     688
     665
     665
     637
     717
     679
     666
     623
     618
     648
     605
     652
     621
     607
     641
     640
     608
     635
     552
     611
     579
     609
     593
     608
     585
     617
     526
     596
     583
     558
     571
     540
     577
     555
     544
     555
     558
     521
     597
     571
     554
     562
     552
     490
     520
     551
     532
     517
     523
     470
     499
     491
     546
     513
     502
     514
     528
     484
     475
     494
     470
     442
     486
     483
     440
     476
     470
     467
     467
     476
     424
     453
     497
     471
     434
     463
     468
     483
     440
     453
     432
     412
     426
     440
     439
     429
     410
     408
     484
     411
     437
     441
     413
     391
     433
     388
     424
     426
     422
     390
     406
     389
     420
     414
     370
     433
     424
     411
     383
     360
     381
     440
     378
     356
     382
     393
     377
     382
     405
     452
     383
     381
     405
     354
     381
     351
     389
     374
     373
     360
     360
     360
     370
     355
     339
     335
     340
     326
     351
     335
     310
     301
     335
     340
     337
     334
     357
     332
     306
     339
     290
     266
     326
     289
     282
     287
     309
     253
     278
     275
     299
     269
     261
     246
     232
     233
     204
     244
     229
     239
     244
     203
     211
     219
     208
     222
     182
     199
     236
     216
     219
     185
     207
     204
     180
     199
     187
     174
     162
     187
     199
     182
     173
     186
     177
     174
     182
     165
     194
     171
     166
     186
     156
     189
     170
     167
     161
     153
     150
     175
     172
     153
     157
     146
     157
     148
     157
     142
     155
     144
     115
     145
     143
     131
     144
     130
     151
     139
     140
     140
     128
     151
     143
     144
     137
     160
     141
     158
     143
     135
     128
     126
     124
     161
     119
     140
     134
     152
     132
     147
     128
     140
     148
     131
     135
     118
     145
     125
     130
     127
     138
     126
     119
     127
     116
     144
     128
     129
     108
     150
     149
     127
     114
     123
     128
     120
     122
     145
     131
     123
     111
     138
     135
     131
     106
     142
     131
     140
     133
     119
     135
     123
     137
     134
     144
     145
     156
     148
     153
     150
     162
     162
     158
     171
     148
     160
     183
     185
     208
     192
     216
     212
     229
     233
     239
     234
     266
     265
     296
     329
     322
     379
     381
     355
     424
     423
     435
     444
     506
     511
     468
     533
     548
     612
     648
     691
     714
     748
     765
     843
     841
     838
     893
     937
    1002
    1027
     995
    1066
    1138
    1111
    1179
    1184
    1243
    1269
    1266
    1318
    1313
    1297
    1399
    1315
    1331
    1304
    1404
    1443
    1439
    1376
    1412
    1486
    1348
    1281
    1385
    1390
    1286
    1291
    1270
    1268
    1196
    1158
    1204
    1145
    1156
    1084
    1002
    1018
     974
     907
     847
     826
     816
     724
     722
     631
     597
     621
     585
     553
     521
     490
     441
     401
     395
     355
     324
     337
     283
     253
     260
     246
     208
     192
     165
     183
     155
     142
     110
     128
     127
      95
     104
     104
     102
     104
      86
      69
      71
      75
      57
      66
      72
      60
      76
      55
      60
      54
      64
      50
      55
      68
      44
      55
      45
      44
      52
      66
      59
      51
      52
      47
      43
      54
      62
      59
      51
      50
      50
      46
      47
      52
      48
      46
      50
      53
      55
      53
      51
      49
      55
      61
      55
      34
      50
      50
      43
      47
      45
      48
      54
      55
      42
      47
      49
      48
      37
      40
      50
      52
      52
      46
      43
      43
      35
      45
      58
      36
      45
      41
      42
      43
      51
      59
      35
      49
      54
      53
      48
      56
      42
      50
      46
      47
      42
      40
      57
      58
      55
      41
      54
      41
      57
      51
      59
      53
      40
      52
      47
      52
      40
      53
      44
      48
      33
      47
      60
      53
      60
      57
      44
      56
      38
      41
      51
      42
      53
      49
      38
      52
      27
      62
      26
      48
      39
      35
      41
      38
      47
      44
      54
      41
      48
      38
      45
      55
      46
      51
      52
      47
      48
      49
      50
      47
      38
      34
      56
      46
      36
      47
      62
      50
      43
      46
      41
      46
      47
      48
      51
      35
      45
      48
      53
      42
      42
      40
      40
      49
      44
      45
      47
      48
      46
      40
      39
      43
      50
      52
      45
      49
      48
      52
      46
      48
      31
      41
      56
      54
      39
      39
      33
      54
      49
      36
      55
      46
      47
      48
      38
      29
      41
      53
      51
      40
      59
      48
      47
      42
      41
      45
      54
      58
      55
      46
      59
      37
      37
      34
      38
      41
      36
      48
      46
      51
      50
      27
      39
      37
      49
      56
      47
      44
      52
      39
      56
      48
      55
      51
      45
      38
      44
      51
      39
      52
      45
      53
      53
      45
      44
      64
      50
      52
      50
      49
      47
      54
      43
      45
      47
      44
      44
      51
      46
      58
      54
      37
      49
      58
      43
      39
      41
      38
      39
      66
      50
      50
      40
      43
      48
      55
      37
      45
      46
      57
      55
      43
      68
      48
      50
      57
      32
       4
       0
       0
       0
       0
       0
       0
       0
       0
       0
       0
       0
       0
       0
       0
       0
       0
       0
       0
       0
       0
       0
       0
       0
       0
       0
       0
       0
       0
       0
       0
       0
       0
       0
       0
       0
       0
       0
       0
       0
       0
       0
       0
       0
       0
       0
       0
       0
       0
       0
       0
       0
       0
       0
       0
       0
       0
       0
       0
       0
       0
       0
       0
       0
       0
       0
       0
       0
$ROI:
2
95 97
514 605
$PRESETS:
Real Time
200
0
$ENER_FIT:
-289.438599 1.280702
$MCA_CAL:
3
-2.894386E+002 1.280702E+000 0.000000E+000
$SHAPE_CAL:
3
0.000000E+000 0.000000E+000 0.000000E+000
