$SPEC_ID:
MEASURE 141.
$SPEC_REM:
DET# 1
DETDESC# MCB 25
AP# Maestro Version 6.05
$DATE_MEA:
04/03/2003 19:53:28
$MEAS_TIM:
195 200
$DATA:
0 1023
       0
       0
       0
       0
       0
       0
       0
       0
       0
       0
       0
       0
       0
       0
       0
       0
       0
       0
       0
       0
       0
       0
       0
       0
       0
       0
       0
       0
       0
       0
       0
       0
       0
       0
       0
       0
       0
       0
       0
       0
       0
       0
       0
       0
     151
     242
     259
     277
     287
     281
     292
     290
     286
     297
     309
     305
     297
     255
     293
     284
     297
     300
     310
     300
     306
     307
     262
     336
     299
     319
     331
     310
     307
     315
     312
     351
     303
     357
     351
     348
     358
     368
     365
     417
     363
     403
     332
     368
     388
     382
     397
     397
     412
     411
     415
     420
     435
     454
     435
     467
     426
     471
     455
     460
     441
     500
     489
     426
     501
     470
     518
     515
     522
     519
     521
     569
     573
     565
     515
     580
     544
     523
     520
     586
     572
     605
     594
     550
     558
     569
     567
     575
     627
     547
     632
     629
     594
     604
     628
     621
     611
     635
     619
     648
     668
     639
     616
     644
     674
     625
     620
     649
     676
     616
     655
     612
     697
     631
     615
     696
     661
     683
     636
     674
     705
     701
     644
     675
     675
     679
     670
     690
     665
     671
     689
     675
     666
     623
     651
     662
     667
     675
     665
     614
     693
     627
     664
     647
     702
     679
     634
     649
     663
     656
     676
     716
     670
     661
     671
     698
     723
     720
     784
     670
     672
     722
     742
     702
     695
     699
     770
     776
     768
     735
     767
     751
     765
     781
     740
     760
     793
     715
     764
     757
     782
     738
     740
     693
     694
     702
     693
     750
     742
     705
     689
     733
     718
     717
     653
     622
     714
     650
     642
     669
     626
     678
     639
     583
     652
     607
     610
     632
     653
     591
     619
     609
     597
     555
     590
     609
     511
     624
     618
     565
     567
     588
     555
     598
     584
     574
     579
     556
     529
     547
     551
     530
     552
     533
     539
     552
     581
     528
     540
     569
     533
     524
     501
     537
     555
     546
     536
     493
     514
     496
     477
     525
     498
     500
     497
     475
     464
     490
     445
     490
     486
     437
     490
     436
     421
     458
     476
     459
     436
     443
     436
     447
     451
     392
     443
     402
     462
     419
     441
     449
     425
     448
     405
     432
     417
     416
     440
     412
     411
     463
     385
     404
     416
     413
     401
     443
     399
     376
     445
     384
     382
     429
     389
     414
     376
     395
     374
     344
     416
     409
     370
     355
     356
     360
     373
     378
     345
     343
     362
     357
     349
     347
     378
     384
     365
     378
     372
     352
     344
     351
     329
     360
     340
     340
     341
     319
     329
     308
     302
     323
     310
     280
     300
     291
     298
     273
     283
     277
     256
     302
     270
     272
     271
     257
     254
     237
     235
     218
     269
     252
     203
     240
     209
     222
     260
     230
     212
     212
     197
     202
     208
     210
     202
     206
     176
     202
     183
     154
     169
     190
     180
     187
     175
     176
     142
     189
     192
     178
     165
     178
     183
     173
     174
     174
     156
     152
     177
     159
     156
     143
     181
     162
     149
     151
     142
     162
     154
     143
     146
     150
     129
     164
     139
     133
     161
     148
     151
     153
     152
     154
     147
     142
     128
     149
     142
     140
     125
     128
     130
     132
     138
     143
     151
     135
     127
     124
     119
     127
     140
     122
     130
     132
     113
     159
     135
     134
     128
     135
     121
     131
     122
     136
     148
     145
     144
     137
     145
     127
     149
     122
     141
     131
     115
     167
     126
     124
     125
     138
     121
     145
     135
     139
     126
     133
     148
     136
     138
     161
     145
     135
     144
     137
     118
     139
     123
     153
     161
     166
     143
     178
     179
     163
     188
     170
     195
     193
     188
     203
     223
     231
     230
     211
     271
     292
     272
     238
     307
     295
     299
     350
     318
     400
     396
     351
     406
     505
     479
     521
     529
     519
     579
     634
     634
     701
     769
     775
     769
     778
     888
     864
     936
     914
     966
    1059
    1086
    1142
    1166
    1162
    1188
    1217
    1246
    1282
    1294
    1329
    1364
    1437
    1390
    1347
    1383
    1365
    1402
    1455
    1481
    1400
    1408
    1376
    1404
    1353
    1346
    1375
    1309
    1276
    1269
    1229
    1245
    1208
    1126
    1119
    1056
    1019
     994
     979
     942
     873
     787
     791
     826
     746
     742
     701
     669
     614
     561
     600
     480
     470
     432
     383
     367
     364
     317
     278
     288
     250
     236
     226
     207
     178
     166
     156
     138
     115
     149
     117
     119
     101
      91
     117
     100
      91
      97
      75
      67
      69
      67
      57
      58
      59
      53
      53
      54
      48
      74
      56
      62
      47
      47
      48
      60
      43
      75
      61
      52
      53
      48
      49
      60
      45
      52
      52
      51
      52
      50
      58
      51
      47
      59
      40
      55
      49
      48
      58
      45
      58
      55
      45
      51
      52
      51
      52
      34
      51
      54
      48
      56
      52
      38
      45
      63
      53
      50
      33
      51
      40
      57
      48
      53
      55
      48
      32
      41
      41
      68
      38
      43
      50
      51
      31
      52
      54
      34
      41
      41
      58
      46
      41
      66
      59
      52
      32
      41
      41
      46
      45
      54
      41
      42
      45
      54
      60
      63
      57
      44
      55
      42
      40
      46
      43
      41
      44
      61
      36
      40
      50
      45
      45
      57
      47
      49
      42
      51
      43
      47
      53
      46
      53
      39
      43
      38
      62
      45
      43
      57
      54
      62
      43
      50
      44
      42
      44
      47
      33
      54
      61
      56
      45
      34
      46
      62
      47
      55
      55
      43
      45
      46
      56
      43
      39
      47
      35
      50
      44
      38
      44
      40
      40
      46
      38
      46
      58
      55
      42
      49
      45
      47
      52
      53
      50
      37
      34
      39
      59
      42
      38
      54
      35
      36
      48
      55
      45
      63
      50
      47
      44
      46
      51
      50
      38
      51
      57
      54
      40
      53
      49
      44
      38
      42
      37
      46
      41
      55
      44
      41
      49
      54
      49
      56
      50
      53
      41
      38
      54
      43
      56
      45
      49
      50
      41
      49
      59
      63
      39
      39
      49
      52
      39
      49
      41
      48
      54
      45
      45
      54
      32
      45
      52
      54
      45
      46
      66
      47
      55
      50
      57
      44
      42
      39
      52
      37
      38
      51
      44
      53
      53
      44
      51
      44
      47
      49
      38
      53
      40
      46
      46
      69
      55
      48
      41
      57
      47
      38
      36
      41
      50
      53
      40
      45
      47
      43
      41
      44
      51
      53
      40
      53
      55
      46
      54
      45
      46
      53
      45
       3
       0
       0
       0
       0
       0
       0
       0
       0
       0
       0
       0
       0
       0
       0
       0
       0
       0
       0
       0
       0
       0
       0
       0
       0
       0
       0
       0
       0
       0
       0
       0
       0
       0
       0
       0
       0
       0
       0
       0
       0
       0
       0
       0
       0
       0
       0
       0
       0
       0
       0
       0
       0
       0
       0
       0
       0
       0
       0
       0
       0
       0
       0
       0
       0
       0
       0
       0
$ROI:
2
95 97
514 605
$PRESETS:
Real Time
200
0
$ENER_FIT:
-289.438599 1.280702
$MCA_CAL:
3
-2.894386E+002 1.280702E+000 0.000000E+000
$SHAPE_CAL:
3
0.000000E+000 0.000000E+000 0.000000E+000
