$SPEC_ID:
MEASURE 175.
$SPEC_REM:
DET# 1
DETDESC# MCB 25
AP# Maestro Version 6.05
$DATE_MEA:
04/03/2003 22:43:28
$MEAS_TIM:
195 200
$DATA:
0 1023
       0
       0
       0
       0
       0
       0
       0
       0
       0
       0
       0
       0
       0
       0
       0
       0
       0
       0
       0
       0
       0
       0
       0
       0
       0
       0
       0
       0
       0
       0
       0
       0
       0
       0
       0
       0
       0
       0
       0
       0
       0
       0
       0
       0
     131
     286
     299
     300
     281
     274
     294
     300
     270
     288
     283
     286
     281
     309
     290
     336
     283
     293
     303
     295
     304
     324
     325
     317
     294
     325
     310
     304
     287
     286
     339
     314
     294
     358
     343
     315
     332
     368
     365
     366
     378
     355
     357
     378
     411
     395
     424
     427
     469
     415
     440
     398
     459
     476
     440
     479
     516
     492
     462
     457
     507
     489
     528
     489
     502
     506
     484
     549
     517
     517
     552
     536
     537
     526
     533
     522
     595
     569
     578
     534
     542
     567
     559
     566
     601
     592
     587
     579
     577
     600
     589
     598
     582
     630
     673
     637
     578
     662
     640
     639
     580
     571
     646
     631
     655
     656
     667
     631
     667
     612
     663
     672
     623
     635
     652
     655
     645
     673
     631
     629
     659
     620
     635
     627
     660
     671
     627
     668
     679
     654
     675
     660
     677
     648
     645
     639
     642
     636
     692
     638
     675
     644
     631
     644
     672
     670
     690
     652
     671
     644
     640
     693
     725
     683
     665
     677
     708
     654
     677
     718
     690
     698
     755
     677
     719
     755
     743
     743
     755
     733
     731
     739
     768
     743
     739
     735
     733
     768
     768
     731
     794
     762
     753
     768
     677
     667
     689
     759
     745
     738
     742
     679
     635
     654
     643
     661
     678
     692
     654
     616
     717
     653
     681
     618
     724
     627
     622
     610
     629
     622
     627
     585
     527
     549
     574
     573
     605
     570
     606
     599
     567
     585
     567
     567
     601
     575
     562
     556
     561
     611
     540
     576
     545
     526
     559
     541
     536
     505
     541
     553
     526
     490
     528
     501
     541
     510
     487
     496
     521
     481
     487
     493
     510
     465
     463
     521
     456
     477
     489
     450
     480
     469
     512
     485
     497
     469
     457
     446
     453
     423
     461
     451
     410
     413
     427
     455
     413
     432
     447
     431
     424
     455
     425
     405
     432
     411
     430
     412
     418
     382
     400
     364
     398
     418
     448
     406
     384
     423
     429
     357
     401
     384
     404
     374
     389
     394
     391
     380
     379
     400
     398
     367
     354
     405
     361
     385
     369
     384
     392
     391
     389
     359
     351
     363
     373
     331
     341
     365
     358
     323
     358
     336
     345
     296
     317
     311
     340
     326
     324
     287
     313
     309
     301
     275
     287
     276
     289
     279
     296
     283
     275
     264
     260
     276
     264
     273
     248
     259
     225
     235
     259
     260
     200
     214
     237
     238
     250
     226
     208
     202
     206
     204
     223
     198
     204
     216
     198
     200
     173
     180
     175
     216
     190
     172
     178
     177
     171
     190
     166
     179
     164
     162
     169
     165
     153
     158
     152
     187
     163
     173
     139
     151
     153
     157
     153
     182
     158
     166
     139
     151
     155
     154
     147
     145
     163
     126
     142
     159
     145
     151
     114
     148
     174
     134
     150
     143
     125
     140
     138
     148
     139
     140
     147
     141
     121
     143
     129
     139
     144
     146
     126
     139
     151
     126
     125
     141
     135
     129
     142
     127
     140
     123
     126
     103
     109
     127
     124
     117
     127
     145
     119
     139
     122
     126
     113
     141
     123
     129
     120
     118
     139
     112
     113
     112
     131
     133
     116
     121
     154
     130
     135
     148
     148
     144
     146
     156
     134
     153
     162
     170
     165
     172
     151
     164
     171
     175
     191
     225
     153
     191
     202
     208
     224
     254
     240
     263
     248
     272
     291
     313
     347
     335
     364
     387
     423
     427
     462
     445
     489
     492
     497
     592
     577
     592
     673
     681
     704
     722
     812
     778
     833
     841
     927
     989
    1015
     991
     996
    1079
    1026
    1187
    1145
    1250
    1228
    1240
    1255
    1312
    1299
    1369
    1348
    1409
    1440
    1458
    1387
    1360
    1494
    1446
    1422
    1418
    1372
    1298
    1352
    1383
    1373
    1332
    1301
    1260
    1156
    1224
    1168
    1133
    1109
    1051
     998
    1013
     918
     843
     801
     822
     753
     742
     712
     688
     680
     574
     575
     503
     493
     447
     414
     370
     412
     364
     321
     287
     324
     240
     259
     219
     189
     204
     178
     138
     164
     135
     155
     118
     110
      92
     105
      99
      91
      92
      77
      68
      76
      70
      69
      61
      44
      65
      59
      55
      63
      64
      51
      66
      49
      48
      75
      62
      50
      49
      47
      61
      51
      60
      48
      46
      43
      50
      44
      52
      57
      41
      63
      46
      47
      52
      56
      51
      51
      48
      37
      56
      51
      52
      42
      53
      48
      44
      55
      54
      45
      62
      46
      53
      49
      62
      48
      59
      45
      53
      44
      39
      52
      46
      46
      46
      65
      52
      51
      58
      48
      50
      50
      53
      50
      56
      52
      56
      60
      32
      38
      55
      64
      51
      46
      56
      45
      62
      54
      52
      39
      44
      53
      48
      48
      59
      52
      29
      55
      44
      48
      41
      49
      46
      51
      57
      57
      45
      41
      40
      40
      39
      64
      44
      48
      34
      50
      45
      40
      51
      44
      47
      32
      41
      41
      54
      47
      38
      62
      56
      39
      46
      44
      48
      58
      44
      55
      65
      52
      44
      27
      50
      43
      46
      44
      43
      53
      49
      34
      56
      40
      56
      59
      45
      42
      43
      53
      57
      46
      43
      42
      49
      34
      46
      46
      42
      39
      41
      48
      51
      31
      36
      41
      48
      49
      48
      36
      35
      51
      43
      34
      43
      49
      48
      49
      42
      49
      33
      53
      37
      48
      51
      54
      58
      52
      41
      48
      42
      49
      60
      54
      40
      38
      58
      46
      42
      58
      48
      42
      50
      36
      52
      45
      44
      47
      43
      42
      46
      60
      44
      49
      46
      47
      48
      51
      42
      54
      54
      52
      45
      59
      68
      41
      52
      63
      42
      41
      38
      59
      55
      35
      56
      53
      60
      55
      47
      58
      46
      49
      59
      55
      48
      47
      36
      50
      43
      62
      41
      45
      50
      45
      55
      52
      53
      57
      58
      51
      48
      53
      50
      40
      47
      52
      33
      38
      38
      37
      40
      47
      46
      51
      43
      46
      48
      50
      59
      47
      49
      41
      49
      55
      49
      49
      54
      49
      60
      61
      38
      44
      45
       2
       0
       0
       0
       0
       0
       0
       0
       0
       0
       0
       0
       0
       0
       0
       0
       0
       0
       0
       0
       0
       0
       0
       0
       0
       0
       0
       0
       0
       0
       0
       0
       0
       0
       0
       0
       0
       0
       0
       0
       0
       0
       0
       0
       0
       0
       0
       0
       0
       0
       0
       0
       0
       0
       0
       0
       0
       0
       0
       0
       0
       0
       0
       0
       0
       0
       0
       0
$ROI:
2
95 97
514 605
$PRESETS:
Real Time
200
0
$ENER_FIT:
-289.438599 1.280702
$MCA_CAL:
3
-2.894386E+002 1.280702E+000 0.000000E+000
$SHAPE_CAL:
3
0.000000E+000 0.000000E+000 0.000000E+000
