$SPEC_ID:
MEASURE 046.
$SPEC_REM:
DET# 1
DETDESC# MCB 25
AP# Maestro Version 6.05
$DATE_MEA:
04/03/2003 11:58:28
$MEAS_TIM:
195 200
$DATA:
0 1023
       0
       0
       0
       0
       0
       0
       0
       0
       0
       0
       0
       0
       0
       0
       0
       0
       0
       0
       0
       0
       0
       0
       0
       0
       0
       0
       0
       0
       0
       0
       0
       0
       0
       0
       0
       0
       0
       0
       0
       0
       0
       0
       0
       0
     158
     277
     276
     324
     309
     307
     322
     331
     297
     300
     268
     297
     298
     303
     295
     350
     300
     315
     313
     329
     306
     297
     280
     282
     292
     330
     317
     308
     338
     317
     348
     359
     356
     340
     328
     354
     364
     384
     380
     389
     367
     361
     380
     373
     428
     431
     413
     450
     423
     444
     440
     472
     476
     456
     440
     488
     477
     489
     489
     494
     485
     500
     535
     493
     568
     487
     551
     512
     555
     513
     552
     514
     556
     567
     537
     576
     559
     581
     591
     613
     555
     589
     612
     562
     616
     610
     579
     599
     614
     661
     630
     636
     620
     615
     604
     627
     668
     665
     691
     660
     653
     649
     670
     699
     669
     639
     688
     677
     660
     624
     653
     662
     650
     613
     652
     672
     642
     657
     636
     681
     676
     691
     675
     618
     630
     665
     676
     662
     629
     654
     655
     632
     647
     629
     669
     640
     685
     717
     711
     634
     705
     687
     664
     625
     681
     647
     672
     714
     711
     672
     682
     713
     716
     740
     695
     761
     728
     713
     712
     748
     744
     688
     735
     803
     779
     726
     737
     755
     827
     729
     769
     745
     755
     756
     779
     784
     782
     754
     793
     756
     737
     781
     705
     719
     721
     698
     705
     690
     683
     719
     663
     684
     660
     730
     702
     705
     650
     611
     646
     625
     599
     623
     639
     625
     625
     625
     608
     630
     590
     577
     642
     575
     636
     620
     635
     616
     612
     588
     621
     598
     547
     574
     593
     553
     600
     599
     536
     563
     625
     553
     517
     557
     553
     553
     586
     528
     555
     522
     548
     534
     537
     533
     496
     516
     494
     526
     496
     474
     501
     491
     502
     506
     496
     505
     481
     538
     479
     441
     491
     447
     503
     445
     495
     454
     466
     475
     454
     472
     453
     482
     459
     445
     481
     417
     455
     461
     473
     439
     444
     447
     434
     437
     413
     430
     423
     470
     403
     409
     375
     405
     379
     427
     420
     435
     384
     463
     410
     403
     412
     376
     388
     403
     409
     378
     401
     387
     399
     392
     416
     395
     366
     364
     400
     347
     380
     333
     391
     361
     373
     375
     383
     336
     372
     375
     367
     348
     369
     368
     324
     353
     342
     334
     318
     310
     324
     323
     308
     322
     302
     295
     299
     285
     301
     284
     287
     326
     278
     249
     254
     286
     253
     275
     244
     257
     251
     264
     229
     253
     228
     195
     189
     232
     182
     195
     222
     190
     208
     211
     212
     197
     197
     196
     194
     171
     223
     187
     192
     186
     167
     200
     163
     183
     211
     177
     186
     177
     188
     190
     138
     190
     153
     159
     158
     157
     153
     178
     168
     171
     139
     159
     134
     151
     168
     139
     140
     148
     154
     149
     141
     149
     149
     160
     154
     145
     145
     140
     162
     119
     161
     150
     133
     133
     146
     136
     149
     119
     144
     136
     126
     147
     139
     137
     143
     147
     130
     138
     139
     152
     132
     122
     120
     134
     141
     144
     163
     123
     127
     143
     147
     130
     129
     141
     135
     133
     125
     132
     126
     164
     132
     135
     160
     136
     142
     135
     116
     129
     130
     149
     119
     132
     142
     139
     113
     142
     149
     145
     155
     175
     150
     145
     136
     158
     175
     161
     177
     149
     209
     161
     186
     193
     234
     248
     218
     241
     241
     224
     281
     275
     254
     290
     317
     335
     336
     390
     352
     379
     462
     442
     496
     508
     560
     528
     586
     587
     675
     667
     753
     732
     772
     777
     836
     830
     934
     936
     971
     984
    1049
    1064
    1079
    1154
    1137
    1254
    1211
    1299
    1277
    1291
    1306
    1388
    1348
    1445
    1463
    1387
    1418
    1424
    1468
    1430
    1397
    1401
    1385
    1384
    1362
    1363
    1411
    1248
    1325
    1311
    1261
    1185
    1166
    1147
    1118
    1070
    1025
    1029
     938
     948
     877
     867
     777
     802
     687
     631
     648
     574
     564
     540
     511
     482
     437
     400
     384
     347
     331
     312
     298
     253
     227
     195
     223
     177
     178
     173
     153
     130
     125
     133
     108
     114
      88
      93
      99
      84
      64
      75
      68
      76
      70
      76
      64
      51
      62
      64
      58
      36
      53
      56
      61
      53
      51
      48
      73
      50
      59
      74
      49
      57
      61
      52
      54
      36
      54
      60
      53
      46
      50
      43
      54
      43
      51
      57
      44
      75
      44
      48
      49
      53
      40
      42
      45
      55
      61
      48
      42
      36
      48
      57
      42
      57
      58
      51
      41
      61
      59
      55
      47
      49
      45
      44
      48
      48
      42
      56
      48
      53
      37
      46
      49
      52
      47
      44
      64
      67
      61
      46
      49
      42
      48
      38
      42
      37
      60
      45
      45
      43
      43
      45
      42
      51
      50
      40
      41
      53
      50
      48
      50
      48
      48
      34
      36
      46
      57
      41
      42
      44
      45
      57
      55
      41
      38
      51
      49
      40
      50
      59
      48
      39
      40
      48
      53
      39
      57
      53
      37
      38
      41
      39
      53
      42
      52
      46
      42
      49
      48
      40
      52
      39
      56
      54
      49
      47
      46
      58
      47
      49
      52
      50
      41
      58
      36
      53
      52
      53
      45
      44
      40
      58
      48
      55
      55
      41
      48
      64
      51
      48
      43
      43
      43
      54
      49
      43
      52
      44
      49
      37
      42
      49
      42
      42
      52
      52
      47
      40
      38
      38
      44
      49
      45
      44
      47
      51
      45
      42
      38
      48
      57
      59
      48
      32
      47
      48
      51
      49
      53
      51
      57
      48
      45
      38
      42
      63
      46
      52
      52
      58
      50
      69
      59
      41
      45
      59
      45
      54
      46
      47
      65
      56
      46
      52
      51
      50
      49
      50
      44
      55
      49
      43
      57
      63
      45
      46
      44
      45
      49
      44
      53
      52
      49
      45
      43
      56
      54
      51
      48
      52
      37
      52
      41
      52
      49
      48
      44
      39
      35
      46
      63
      52
      50
      55
      42
      51
      55
      44
      56
      48
      66
      62
      44
      54
      40
      44
      59
      51
      55
      50
      52
      45
      48
      39
      38
      49
      59
      42
      49
      44
      36
      45
      46
      55
      52
      51
      43
      42
       1
       0
       0
       0
       0
       0
       0
       0
       0
       0
       0
       0
       0
       0
       0
       0
       0
       0
       0
       0
       0
       0
       0
       0
       0
       0
       0
       0
       0
       0
       0
       0
       0
       0
       0
       0
       0
       0
       0
       0
       0
       0
       0
       0
       0
       0
       0
       0
       0
       0
       0
       0
       0
       0
       0
       0
       0
       0
       0
       0
       0
       0
       0
       0
       0
       0
       0
       0
$ROI:
2
95 97
514 605
$PRESETS:
Real Time
200
0
$ENER_FIT:
-289.438599 1.280702
$MCA_CAL:
3
-2.894386E+002 1.280702E+000 0.000000E+000
$SHAPE_CAL:
3
0.000000E+000 0.000000E+000 0.000000E+000
