$SPEC_ID:
MEASURE 220.
$SPEC_REM:
DET# 1
DETDESC# MCB 25
AP# Maestro Version 6.05
$DATE_MEA:
04/04/2003 02:28:28
$MEAS_TIM:
195 200
$DATA:
0 1023
       0
       0
       0
       0
       0
       0
       0
       0
       0
       0
       0
       0
       0
       0
       0
       0
       0
       0
       0
       0
       0
       0
       0
       0
       0
       0
       0
       0
       0
       0
       0
       0
       0
       0
       0
       0
       0
       0
       0
       0
       0
       0
       0
       0
     139
     262
     298
     288
     284
     286
     277
     289
     294
     288
     267
     289
     283
     295
     332
     296
     311
     318
     330
     286
     307
     299
     303
     299
     306
     351
     297
     309
     313
     313
     325
     333
     319
     302
     358
     350
     338
     330
     349
     354
     351
     406
     379
     407
     401
     362
     391
     384
     392
     433
     402
     422
     440
     436
     472
     432
     486
     465
     490
     463
     524
     482
     470
     473
     450
     524
     502
     516
     508
     522
     540
     508
     537
     517
     523
     593
     616
     550
     527
     596
     515
     575
     611
     583
     564
     565
     626
     579
     570
     637
     562
     627
     630
     611
     623
     593
     594
     573
     603
     622
     631
     649
     684
     618
     640
     630
     681
     611
     632
     666
     618
     612
     631
     604
     650
     684
     661
     631
     658
     656
     620
     673
     648
     697
     669
     648
     687
     630
     677
     651
     643
     634
     660
     694
     668
     718
     635
     661
     654
     655
     672
     665
     641
     664
     713
     657
     691
     628
     631
     646
     709
     709
     659
     706
     650
     734
     712
     672
     691
     716
     732
     686
     748
     777
     712
     728
     698
     690
     724
     728
     742
     751
     824
     738
     809
     775
     722
     793
     792
     751
     744
     722
     744
     755
     737
     746
     723
     692
     762
     730
     699
     705
     699
     681
     698
     611
     665
     614
     701
     684
     645
     650
     637
     604
     673
     614
     618
     612
     582
     646
     655
     646
     559
     596
     663
     582
     594
     595
     600
     607
     569
     575
     591
     570
     578
     609
     558
     602
     564
     541
     558
     523
     561
     581
     561
     577
     522
     554
     558
     524
     544
     544
     565
     499
     557
     548
     518
     501
     522
     520
     488
     495
     512
     470
     476
     485
     468
     476
     474
     504
     482
     437
     486
     476
     447
     464
     450
     444
     476
     460
     461
     422
     457
     445
     460
     447
     436
     448
     417
     420
     445
     418
     411
     428
     427
     415
     402
     408
     403
     410
     397
     353
     412
     401
     394
     411
     422
     405
     398
     409
     373
     372
     371
     387
     371
     393
     361
     360
     378
     375
     349
     397
     366
     366
     392
     360
     390
     348
     377
     365
     374
     364
     379
     384
     347
     340
     372
     329
     358
     340
     358
     372
     340
     331
     298
     341
     295
     324
     319
     330
     339
     312
     299
     296
     315
     287
     316
     285
     305
     292
     269
     312
     275
     254
     286
     275
     266
     237
     244
     220
     252
     219
     220
     262
     235
     226
     218
     214
     205
     223
     190
     211
     181
     211
     212
     209
     220
     189
     208
     191
     172
     209
     203
     180
     185
     167
     187
     186
     177
     194
     166
     153
     189
     168
     161
     150
     176
     157
     135
     170
     171
     156
     163
     147
     144
     154
     168
     177
     150
     160
     142
     165
     156
     126
     156
     137
     151
     150
     147
     129
     113
     151
     162
     145
     150
     147
     127
     149
     145
     140
     131
     143
     135
     123
     140
     150
     149
     132
     135
     119
     151
     138
     139
     152
     113
     136
     143
     124
     130
     130
     133
     129
     141
     127
     127
     119
     116
     132
     141
     126
     121
     109
     133
     146
     133
     115
     142
     114
     129
     141
     142
     134
     140
     129
     139
     122
     132
     146
     134
     143
     113
     131
     146
     157
     140
     138
     150
     154
     149
     130
     161
     136
     165
     163
     169
     176
     175
     170
     184
     199
     187
     234
     216
     242
     232
     240
     258
     271
     296
     307
     320
     325
     356
     372
     358
     393
     407
     425
     458
     488
     502
     519
     588
     598
     599
     647
     646
     689
     797
     800
     770
     896
     899
     905
     898
    1017
     981
    1063
    1041
    1104
    1102
    1189
    1199
    1221
    1300
    1272
    1285
    1310
    1347
    1386
    1377
    1403
    1484
    1454
    1507
    1427
    1447
    1410
    1400
    1416
    1360
    1407
    1355
    1325
    1327
    1273
    1284
    1255
    1224
    1191
    1105
    1040
    1074
     944
     956
     963
     898
     864
     845
     788
     741
     694
     684
     623
     630
     567
     551
     511
     448
     427
     401
     409
     347
     354
     345
     261
     297
     264
     233
     237
     184
     186
     190
     170
     141
     134
     116
     124
     106
      89
     102
      88
      88
      76
      79
      78
      75
      68
      64
      62
      63
      64
      52
      60
      52
      68
      72
      61
      46
      66
      50
      64
      41
      54
      53
      50
      56
      53
      47
      59
      56
      50
      47
      42
      45
      52
      50
      45
      56
      55
      59
      44
      45
      50
      43
      42
      58
      56
      46
      39
      45
      50
      44
      50
      49
      48
      49
      49
      56
      50
      42
      55
      45
      43
      48
      44
      47
      43
      62
      54
      49
      54
      37
      49
      49
      41
      34
      42
      48
      49
      31
      41
      46
      43
      48
      51
      43
      36
      63
      38
      47
      50
      44
      50
      44
      45
      38
      54
      39
      48
      54
      46
      50
      42
      34
      43
      50
      52
      42
      45
      56
      52
      41
      64
      58
      39
      48
      40
      40
      46
      53
      38
      57
      47
      35
      48
      49
      50
      47
      50
      62
      38
      47
      38
      51
      53
      53
      63
      52
      58
      49
      59
      55
      45
      44
      45
      55
      49
      39
      52
      46
      40
      36
      53
      48
      41
      48
      44
      47
      45
      47
      51
      50
      46
      45
      52
      58
      50
      54
      51
      58
      46
      42
      50
      36
      49
      36
      63
      51
      38
      34
      63
      49
      60
      61
      46
      57
      43
      45
      48
      42
      44
      53
      54
      48
      51
      49
      45
      43
      53
      44
      64
      61
      49
      46
      42
      48
      50
      45
      49
      46
      45
      51
      39
      50
      40
      51
      34
      57
      50
      46
      46
      48
      37
      59
      43
      52
      46
      41
      55
      49
      57
      35
      40
      41
      49
      50
      50
      46
      54
      45
      54
      50
      51
      46
      59
      59
      59
      43
      59
      48
      53
      38
      45
      56
      45
      46
      51
      52
      41
      38
      48
      47
      44
      41
      51
      54
      59
      44
      47
      40
      50
      55
      42
      42
      36
      38
      48
      42
      52
      46
      46
      40
      50
      42
      45
      53
      34
      53
      46
      55
      45
      50
      52
      37
      49
      42
      36
      45
      57
      51
      31
       1
       0
       0
       0
       0
       0
       0
       0
       0
       0
       0
       0
       0
       0
       0
       0
       0
       0
       0
       0
       0
       0
       0
       0
       0
       0
       0
       0
       0
       0
       0
       0
       0
       0
       0
       0
       0
       0
       0
       0
       0
       0
       0
       0
       0
       0
       0
       0
       0
       0
       0
       0
       0
       0
       0
       0
       0
       0
       0
       0
       0
       0
       0
       0
       0
       0
       0
       0
$ROI:
2
95 97
514 605
$PRESETS:
Real Time
200
0
$ENER_FIT:
-289.438599 1.280702
$MCA_CAL:
3
-2.894386E+002 1.280702E+000 0.000000E+000
$SHAPE_CAL:
3
0.000000E+000 0.000000E+000 0.000000E+000
