$SPEC_ID:
MEASURE 354.
$SPEC_REM:
DET# 1
DETDESC# MCB 25
AP# Maestro Version 6.05
$DATE_MEA:
04/04/2003 13:38:28
$MEAS_TIM:
195 200
$DATA:
0 1023
       0
       0
       0
       0
       0
       0
       0
       0
       0
       0
       0
       0
       0
       0
       0
       0
       0
       0
       0
       0
       0
       0
       0
       0
       0
       0
       0
       0
       0
       0
       0
       0
       0
       0
       0
       0
       0
       0
       0
       0
       0
       0
       0
       0
     130
     277
     289
     255
     307
     289
     288
     271
     240
     287
     260
     255
     288
     291
     290
     259
     284
     292
     292
     297
     290
     304
     308
     305
     327
     309
     319
     335
     319
     285
     356
     340
     316
     276
     300
     349
     352
     348
     369
     394
     402
     394
     356
     404
     376
     383
     422
     458
     389
     386
     434
     424
     444
     416
     450
     452
     459
     403
     486
     473
     454
     466
     448
     494
     501
     516
     492
     488
     493
     523
     508
     572
     522
     526
     549
     556
     556
     536
     553
     559
     508
     557
     574
     586
     582
     574
     606
     581
     573
     588
     622
     618
     570
     546
     613
     609
     591
     600
     632
     627
     622
     634
     620
     602
     603
     646
     653
     666
     659
     613
     638
     651
     655
     664
     601
     665
     605
     657
     703
     570
     666
     659
     642
     698
     636
     629
     625
     664
     636
     642
     640
     655
     695
     604
     678
     654
     669
     655
     648
     636
     661
     627
     653
     615
     622
     628
     622
     646
     640
     650
     623
     614
     661
     653
     681
     667
     686
     712
     702
     680
     701
     724
     698
     709
     670
     680
     679
     719
     691
     735
     784
     716
     783
     706
     769
     774
     749
     728
     756
     771
     732
     777
     731
     746
     778
     724
     734
     724
     764
     685
     731
     693
     646
     710
     686
     688
     668
     644
     617
     646
     673
     639
     652
     659
     578
     662
     629
     570
     579
     620
     618
     597
     624
     600
     641
     600
     616
     624
     636
     617
     554
     604
     593
     584
     592
     575
     613
     596
     578
     565
     552
     551
     575
     543
     558
     565
     517
     566
     594
     522
     530
     526
     551
     491
     510
     534
     537
     547
     547
     468
     500
     487
     515
     497
     434
     520
     485
     485
     480
     496
     471
     477
     451
     456
     485
     435
     457
     449
     452
     428
     463
     464
     451
     491
     443
     471
     428
     448
     419
     433
     426
     430
     404
     432
     432
     401
     431
     428
     425
     402
     429
     437
     430
     378
     425
     403
     390
     420
     394
     362
     406
     393
     414
     380
     392
     406
     370
     364
     375
     396
     427
     374
     387
     407
     385
     366
     397
     383
     361
     358
     378
     357
     363
     344
     371
     353
     348
     357
     346
     345
     349
     346
     313
     348
     335
     307
     360
     349
     304
     319
     321
     339
     322
     355
     333
     308
     287
     288
     277
     301
     268
     281
     278
     269
     273
     242
     265
     237
     252
     259
     253
     249
     278
     233
     237
     258
     246
     221
     223
     233
     210
     203
     212
     193
     216
     215
     200
     204
     205
     196
     199
     193
     168
     209
     200
     179
     177
     177
     184
     152
     176
     212
     191
     178
     167
     171
     166
     173
     161
     166
     155
     156
     168
     172
     163
     164
     159
     147
     133
     150
     159
     144
     169
     145
     143
     154
     154
     156
     148
     136
     133
     151
     125
     137
     126
     158
     157
     126
     137
     138
     154
     146
     160
     148
     159
     125
     135
     115
     134
     146
     146
     137
     146
     136
     140
     128
     146
     137
     141
     117
     121
     134
     152
     138
     121
     120
     123
     138
     114
     121
     118
     127
     139
     121
     128
     126
     145
     135
     126
     137
     115
     123
     161
     132
     116
     115
     130
     137
     133
     123
     113
     130
     143
     162
     129
     112
     132
     179
     150
     159
     134
     168
     142
     155
     156
     149
     176
     164
     179
     168
     162
     179
     175
     184
     191
     210
     180
     233
     242
     238
     267
     243
     272
     332
     296
     323
     347
     354
     368
     397
     391
     415
     461
     457
     472
     509
     530
     581
     597
     588
     646
     700
     741
     715
     773
     867
     791
     899
     900
     996
    1101
    1016
    1030
    1106
    1159
    1244
    1188
    1206
    1239
    1329
    1301
    1309
    1389
    1364
    1288
    1348
    1417
    1406
    1375
    1402
    1454
    1401
    1397
    1351
    1417
    1357
    1319
    1339
    1311
    1294
    1247
    1209
    1176
    1130
    1086
    1128
    1059
    1036
     960
     945
     912
     874
     792
     815
     761
     739
     703
     629
     631
     597
     529
     489
     471
     426
     406
     383
     370
     349
     313
     280
     269
     233
     234
     207
     214
     182
     154
     155
     156
     150
     117
     127
     105
     102
      99
      97
      88
      83
      77
      81
      68
      78
      64
      59
      56
      88
      61
      56
      45
      48
      58
      54
      38
      55
      56
      39
      61
      67
      51
      58
      51
      51
      54
      53
      56
      64
      45
      71
      45
      46
      57
      58
      57
      60
      57
      49
      49
      56
      60
      44
      56
      40
      45
      36
      43
      49
      63
      60
      60
      48
      63
      33
      60
      49
      62
      44
      55
      50
      48
      54
      52
      39
      35
      48
      47
      38
      43
      46
      49
      43
      39
      40
      55
      43
      50
      46
      59
      50
      51
      63
      31
      53
      56
      46
      37
      46
      48
      38
      52
      43
      62
      46
      46
      52
      56
      55
      44
      41
      58
      41
      40
      33
      46
      48
      43
      39
      51
      41
      54
      46
      45
      41
      49
      54
      49
      61
      47
      60
      44
      38
      59
      50
      50
      42
      43
      39
      49
      44
      43
      51
      45
      45
      48
      46
      51
      43
      54
      56
      44
      39
      34
      42
      39
      53
      38
      41
      45
      56
      45
      57
      46
      41
      38
      54
      51
      31
      51
      49
      60
      49
      48
      66
      57
      56
      47
      42
      56
      58
      48
      51
      35
      54
      51
      44
      47
      36
      41
      44
      53
      44
      48
      35
      43
      40
      38
      56
      53
      48
      45
      42
      57
      59
      43
      54
      35
      31
      32
      46
      50
      57
      37
      42
      48
      48
      62
      44
      53
      64
      54
      42
      38
      55
      51
      45
      56
      37
      60
      55
      40
      46
      56
      43
      53
      52
      51
      41
      53
      43
      49
      37
      40
      56
      45
      49
      35
      60
      52
      44
      59
      48
      49
      39
      57
      50
      50
      43
      44
      49
      50
      43
      59
      56
      50
      50
      59
      49
      53
      38
      51
      38
      38
      50
      46
      44
      56
      54
      44
      53
      52
      47
      42
      47
      48
      38
      60
      45
      47
      55
      46
      50
      50
      48
      50
      55
      74
      44
      58
      60
      38
      48
      36
      34
       3
       0
       0
       0
       0
       0
       0
       0
       0
       0
       0
       0
       0
       0
       0
       0
       0
       0
       0
       0
       0
       0
       0
       0
       0
       0
       0
       0
       0
       0
       0
       0
       0
       0
       0
       0
       0
       0
       0
       0
       0
       0
       0
       0
       0
       0
       0
       0
       0
       0
       0
       0
       0
       0
       0
       0
       0
       0
       0
       0
       0
       0
       0
       0
       0
       0
       0
       0
$ROI:
2
95 97
514 605
$PRESETS:
Real Time
200
0
$ENER_FIT:
-289.438599 1.280702
$MCA_CAL:
3
-2.894386E+002 1.280702E+000 0.000000E+000
$SHAPE_CAL:
3
0.000000E+000 0.000000E+000 0.000000E+000
