$SPEC_ID:
MEASURE 095.
$SPEC_REM:
DET# 1
DETDESC# MCB 25
AP# Maestro Version 6.05
$DATE_MEA:
04/03/2003 16:03:28
$MEAS_TIM:
195 200
$DATA:
0 1023
       0
       0
       0
       0
       0
       0
       0
       0
       0
       0
       0
       0
       0
       0
       0
       0
       0
       0
       0
       0
       0
       0
       0
       0
       0
       0
       0
       0
       0
       0
       0
       0
       0
       0
       0
       0
       0
       0
       0
       0
       0
       0
       0
       0
     134
     280
     268
     287
     296
     293
     276
     298
     283
     284
     274
     273
     326
     299
     287
     283
     312
     333
     281
     302
     307
     298
     321
     342
     293
     307
     287
     327
     342
     321
     339
     323
     352
     340
     360
     367
     342
     358
     385
     384
     366
     396
     390
     381
     424
     407
     398
     411
     440
     387
     412
     402
     417
     437
     441
     450
     491
     463
     459
     473
     465
     499
     496
     518
     483
     514
     481
     506
     511
     551
     542
     534
     548
     546
     530
     567
     568
     568
     591
     570
     641
     559
     611
     592
     593
     606
     563
     572
     601
     641
     634
     604
     589
     626
     642
     656
     602
     630
     687
     612
     665
     618
     628
     697
     654
     650
     594
     680
     624
     670
     658
     655
     702
     637
     686
     663
     611
     658
     690
     653
     626
     654
     699
     674
     638
     633
     671
     633
     673
     642
     674
     658
     660
     690
     673
     691
     634
     671
     688
     649
     635
     645
     690
     630
     639
     668
     639
     688
     690
     737
     680
     707
     734
     672
     710
     715
     711
     695
     679
     698
     698
     764
     733
     765
     718
     775
     744
     754
     754
     778
     725
     769
     755
     770
     755
     754
     777
     738
     795
     719
     743
     726
     760
     728
     732
     746
     721
     672
     701
     702
     689
     666
     741
     624
     671
     689
     710
     713
     669
     696
     683
     687
     630
     605
     603
     629
     594
     653
     619
     644
     650
     570
     639
     633
     586
     593
     573
     556
     619
     584
     574
     588
     617
     550
     596
     604
     580
     582
     573
     528
     586
     555
     582
     565
     574
     542
     509
     497
     500
     535
     537
     497
     549
     512
     546
     520
     472
     476
     566
     487
     520
     503
     477
     527
     496
     482
     472
     494
     485
     457
     472
     431
     482
     448
     482
     454
     466
     427
     452
     443
     466
     425
     438
     447
     462
     453
     416
     452
     417
     449
     395
     432
     434
     423
     431
     408
     415
     434
     415
     364
     410
     383
     396
     398
     398
     415
     374
     423
     368
     408
     372
     399
     403
     422
     425
     357
     400
     410
     393
     370
     405
     391
     381
     382
     339
     394
     375
     417
     374
     345
     390
     344
     328
     324
     373
     348
     351
     336
     372
     355
     309
     341
     344
     363
     326
     335
     341
     306
     277
     289
     327
     268
     311
     289
     291
     280
     268
     271
     273
     285
     268
     257
     268
     257
     247
     237
     247
     220
     248
     227
     222
     230
     227
     220
     202
     236
     192
     214
     219
     205
     225
     232
     180
     205
     201
     197
     174
     189
     195
     174
     187
     167
     176
     166
     158
     183
     157
     175
     169
     161
     155
     173
     151
     173
     161
     151
     162
     163
     150
     162
     156
     157
     137
     146
     160
     153
     142
     159
     154
     156
     136
     135
     154
     142
     136
     148
     150
     163
     145
     133
     167
     146
     146
     122
     135
     150
     136
     127
     135
     136
     151
     122
     136
     116
     139
     144
     124
     146
     143
     118
     127
     138
     140
     158
     136
     122
     143
     137
     141
     152
     133
     118
     126
     135
     130
     118
     148
     149
     123
     136
     132
     147
     133
     149
     127
     140
     127
     126
     137
     139
     125
     142
     125
     135
     162
     131
     126
     138
     127
     160
     162
     142
     146
     161
     177
     153
     157
     170
     161
     178
     188
     195
     192
     191
     186
     208
     211
     235
     245
     256
     239
     262
     271
     285
     290
     316
     344
     337
     390
     393
     450
     432
     450
     490
     543
     542
     513
     588
     658
     625
     711
     756
     734
     749
     857
     850
     913
     936
     940
    1012
    1062
    1080
    1084
    1183
    1178
    1174
    1262
    1242
    1253
    1222
    1317
    1313
    1315
    1442
    1364
    1455
    1395
    1405
    1454
    1401
    1384
    1436
    1454
    1435
    1367
    1371
    1353
    1376
    1306
    1298
    1233
    1258
    1150
    1141
    1073
    1085
    1042
    1002
     968
     913
     901
     799
     799
     780
     743
     693
     663
     614
     611
     580
     511
     490
     467
     357
     403
     374
     339
     331
     271
     256
     275
     227
     207
     192
     174
     186
     145
     152
     135
     140
     125
     101
     114
      91
      92
      96
      96
      82
      81
      42
      64
      63
      61
      55
      57
      57
      70
      52
      42
      56
      59
      43
      48
      53
      59
      54
      48
      49
      44
      57
      64
      56
      43
      51
      49
      64
      58
      51
      55
      53
      44
      47
      55
      60
      47
      57
      42
      58
      59
      56
      61
      51
      67
      49
      59
      54
      47
      57
      53
      59
      55
      41
      53
      65
      53
      46
      65
      54
      54
      54
      48
      43
      52
      43
      52
      48
      54
      49
      43
      56
      52
      46
      60
      40
      59
      36
      46
      46
      58
      45
      56
      42
      60
      56
      33
      64
      39
      51
      45
      41
      50
      55
      47
      54
      45
      47
      55
      33
      52
      46
      52
      54
      45
      45
      54
      43
      56
      52
      40
      42
      43
      45
      37
      39
      43
      50
      45
      46
      43
      53
      29
      50
      58
      37
      40
      56
      49
      57
      52
      47
      50
      45
      47
      51
      37
      50
      39
      43
      44
      32
      45
      58
      49
      41
      39
      44
      52
      49
      43
      52
      36
      42
      42
      40
      46
      43
      46
      46
      33
      51
      42
      46
      47
      44
      39
      38
      50
      54
      44
      44
      45
      57
      44
      38
      40
      58
      46
      45
      50
      55
      43
      51
      59
      47
      55
      54
      64
      40
      37
      51
      46
      47
      54
      44
      39
      51
      64
      60
      39
      46
      51
      38
      56
      53
      47
      48
      44
      50
      56
      55
      55
      57
      47
      46
      48
      49
      34
      57
      30
      40
      57
      52
      48
      39
      48
      53
      52
      49
      41
      54
      60
      53
      49
      45
      46
      43
      48
      45
      55
      55
      45
      60
      45
      47
      52
      47
      49
      50
      65
      56
      46
      56
      44
      45
      60
      41
      59
      60
      45
      51
      54
      43
      44
      53
      48
      45
      48
      62
      42
      61
      62
      49
      29
      48
      47
      40
      38
      51
      43
      56
      49
      50
      47
      53
      52
      46
      59
      70
      58
      53
      52
      53
      53
      51
      45
      46
      53
      42
      44
      37
      46
      36
       0
       0
       0
       0
       0
       0
       0
       0
       0
       0
       0
       0
       0
       0
       0
       0
       0
       0
       0
       0
       0
       0
       0
       0
       0
       0
       0
       0
       0
       0
       0
       0
       0
       0
       0
       0
       0
       0
       0
       0
       0
       0
       0
       0
       0
       0
       0
       0
       0
       0
       0
       0
       0
       0
       0
       0
       0
       0
       0
       0
       0
       0
       0
       0
       0
       0
       0
       0
$ROI:
2
95 97
514 605
$PRESETS:
Real Time
200
0
$ENER_FIT:
-289.438599 1.280702
$MCA_CAL:
3
-2.894386E+002 1.280702E+000 0.000000E+000
$SHAPE_CAL:
3
0.000000E+000 0.000000E+000 0.000000E+000
