$SPEC_ID:
MEASURE 491.
$SPEC_REM:
DET# 1
DETDESC# MCB 25
AP# Maestro Version 6.05
$DATE_MEA:
04/05/2003 01:03:28
$MEAS_TIM:
195 200
$DATA:
0 1023
       0
       0
       0
       0
       0
       0
       0
       0
       0
       0
       0
       0
       0
       0
       0
       0
       0
       0
       0
       0
       0
       0
       0
       0
       0
       0
       0
       0
       0
       0
       0
       0
       0
       0
       0
       0
       0
       0
       0
       0
       0
       0
       0
       0
     163
     260
     254
     272
     295
     276
     282
     310
     272
     263
     286
     275
     307
     264
     284
     287
     295
     285
     281
     283
     296
     303
     304
     300
     338
     305
     313
     307
     284
     317
     322
     338
     324
     311
     331
     361
     311
     355
     334
     370
     356
     384
     354
     380
     367
     386
     392
     422
     399
     397
     445
     414
     401
     439
     469
     439
     426
     469
     447
     466
     459
     447
     467
     487
     482
     509
     500
     514
     451
     532
     529
     515
     514
     542
     502
     575
     511
     517
     517
     545
     552
     545
     567
     583
     608
     561
     630
     554
     540
     539
     595
     585
     631
     605
     604
     639
     593
     584
     615
     623
     619
     631
     627
     631
     602
     618
     638
     617
     609
     665
     677
     610
     644
     652
     651
     652
     613
     594
     645
     662
     630
     630
     642
     650
     611
     651
     660
     652
     587
     637
     652
     637
     664
     579
     645
     647
     646
     650
     602
     657
     644
     628
     648
     665
     597
     630
     694
     713
     665
     664
     668
     671
     662
     650
     672
     677
     597
     669
     715
     694
     700
     707
     705
     704
     757
     736
     747
     714
     716
     783
     712
     725
     757
     694
     718
     741
     735
     791
     762
     776
     761
     713
     817
     749
     752
     754
     723
     706
     681
     738
     699
     677
     682
     739
     723
     681
     702
     678
     628
     701
     653
     704
     650
     615
     619
     633
     634
     677
     619
     634
     643
     661
     633
     617
     629
     586
     562
     593
     581
     620
     595
     575
     571
     583
     573
     569
     584
     574
     580
     545
     554
     552
     548
     604
     567
     567
     521
     524
     524
     544
     555
     548
     534
     512
     512
     521
     524
     468
     475
     473
     501
     482
     492
     446
     546
     478
     477
     503
     476
     461
     516
     473
     438
     429
     457
     454
     476
     469
     457
     461
     432
     444
     449
     454
     429
     419
     459
     428
     449
     451
     424
     422
     422
     476
     443
     405
     391
     385
     449
     400
     460
     408
     386
     441
     409
     392
     397
     404
     389
     396
     395
     459
     400
     375
     402
     381
     382
     404
     382
     403
     389
     385
     382
     415
     366
     370
     344
     359
     343
     387
     380
     361
     360
     364
     404
     382
     337
     357
     349
     345
     336
     331
     368
     363
     355
     320
     359
     355
     341
     345
     345
     341
     321
     313
     297
     316
     313
     308
     292
     274
     289
     300
     280
     283
     290
     274
     264
     277
     245
     248
     252
     268
     258
     242
     236
     223
     275
     245
     230
     213
     228
     231
     215
     225
     179
     220
     206
     191
     203
     204
     209
     193
     174
     187
     184
     171
     173
     174
     187
     163
     172
     164
     163
     175
     165
     161
     155
     168
     182
     152
     152
     165
     166
     159
     161
     146
     177
     153
     150
     150
     154
     168
     154
     150
     149
     164
     153
     138
     131
     154
     142
     155
     155
     130
     136
     165
     137
     132
     152
     126
     134
     154
     116
     142
     141
     153
     129
     146
     135
     138
     125
     116
     124
     155
     136
     133
     144
     141
     133
     123
     121
     138
     134
     146
     133
     120
     109
     124
     122
     136
     129
     138
     123
     124
     141
     142
     151
     136
     123
     111
     158
     134
     121
     149
     126
     117
     119
     123
     145
     123
     128
     139
     137
     143
     131
     142
     147
     140
     149
     132
     146
     182
     135
     147
     142
     161
     171
     162
     146
     140
     167
     143
     184
     175
     188
     202
     213
     181
     212
     226
     216
     214
     248
     259
     254
     292
     303
     294
     330
     344
     329
     363
     392
     411
     410
     465
     494
     509
     562
     561
     536
     597
     566
     615
     675
     674
     784
     795
     806
     807
     889
     916
     923
     982
    1018
    1107
    1069
    1147
    1206
    1193
    1212
    1195
    1349
    1270
    1321
    1244
    1317
    1340
    1395
    1432
    1432
    1322
    1408
    1439
    1368
    1316
    1404
    1352
    1417
    1372
    1304
    1257
    1329
    1187
    1290
    1111
    1163
    1146
    1127
    1117
    1022
     978
     933
     928
     897
     903
     808
     802
     799
     735
     681
     664
     555
     577
     542
     536
     422
     418
     404
     388
     379
     329
     310
     292
     266
     234
     214
     192
     173
     174
     175
     157
     133
     149
     116
     119
     114
     110
      93
     102
      87
      82
      60
      71
      69
      63
      65
      59
      76
      79
      92
      72
      59
      50
      66
      61
      51
      65
      71
      47
      57
      44
      44
      51
      53
      53
      52
      51
      51
      76
      51
      64
      41
      43
      47
      60
      51
      52
      55
      38
      45
      39
      54
      54
      61
      47
      41
      61
      49
      62
      52
      55
      42
      61
      54
      59
      55
      41
      46
      44
      47
      41
      57
      50
      46
      66
      41
      46
      41
      57
      55
      43
      56
      34
      52
      34
      49
      49
      63
      51
      50
      61
      53
      40
      36
      43
      54
      40
      43
      47
      36
      55
      55
      53
      50
      44
      49
      44
      48
      52
      43
      50
      44
      46
      42
      37
      30
      51
      50
      53
      38
      46
      51
      39
      45
      49
      45
      53
      50
      55
      50
      45
      54
      49
      38
      47
      38
      51
      39
      40
      37
      42
      46
      41
      51
      45
      41
      50
      50
      47
      45
      50
      36
      47
      49
      50
      47
      48
      36
      55
      45
      53
      51
      45
      41
      31
      44
      58
      44
      47
      39
      44
      40
      53
      37
      38
      48
      52
      47
      47
      51
      58
      44
      37
      46
      52
      50
      36
      54
      45
      50
      35
      54
      38
      45
      41
      54
      49
      45
      37
      57
      53
      43
      50
      47
      39
      47
      34
      48
      33
      60
      46
      54
      56
      37
      41
      43
      41
      51
      35
      55
      36
      45
      55
      46
      36
      35
      47
      50
      48
      46
      45
      49
      39
      40
      58
      44
      44
      52
      38
      28
      49
      45
      54
      54
      41
      57
      50
      44
      53
      43
      53
      43
      52
      44
      63
      48
      59
      48
      43
      50
      47
      44
      46
      48
      56
      43
      33
      46
      49
      54
      46
      50
      35
      50
      50
      46
      52
      57
      43
      53
      51
      55
      39
      46
      65
      54
      42
      56
      47
      38
      44
      53
      48
      41
      57
      36
      41
      35
      49
      48
      45
       0
       0
       0
       0
       0
       0
       0
       0
       0
       0
       0
       0
       0
       0
       0
       0
       0
       0
       0
       0
       0
       0
       0
       0
       0
       0
       0
       0
       0
       0
       0
       0
       0
       0
       0
       0
       0
       0
       0
       0
       0
       0
       0
       0
       0
       0
       0
       0
       0
       0
       0
       0
       0
       0
       0
       0
       0
       0
       0
       0
       0
       0
       0
       0
       0
       0
       0
       0
$ROI:
2
95 97
514 605
$PRESETS:
Real Time
200
0
$ENER_FIT:
-289.438599 1.280702
$MCA_CAL:
3
-2.894386E+002 1.280702E+000 0.000000E+000
$SHAPE_CAL:
3
0.000000E+000 0.000000E+000 0.000000E+000
