$SPEC_ID:
MEASURE 481.
$SPEC_REM:
DET# 1
DETDESC# MCB 25
AP# Maestro Version 6.05
$DATE_MEA:
04/05/2003 00:13:28
$MEAS_TIM:
195 200
$DATA:
0 1023
       0
       0
       0
       0
       0
       0
       0
       0
       0
       0
       0
       0
       0
       0
       0
       0
       0
       0
       0
       0
       0
       0
       0
       0
       0
       0
       0
       0
       0
       0
       0
       0
       0
       0
       0
       0
       0
       0
       0
       0
       0
       0
       0
       0
     138
     282
     268
     291
     296
     271
     284
     264
     282
     273
     285
     291
     262
     296
     266
     298
     265
     303
     315
     289
     286
     321
     332
     292
     311
     331
     359
     300
     314
     298
     358
     327
     320
     333
     331
     346
     317
     356
     345
     353
     352
     352
     378
     358
     393
     364
     412
     431
     406
     412
     449
     398
     420
     436
     427
     447
     439
     471
     496
     450
     465
     453
     466
     453
     492
     503
     518
     465
     506
     505
     496
     528
     516
     549
     562
     499
     519
     538
     531
     509
     520
     539
     573
     558
     547
     586
     555
     598
     576
     594
     552
     557
     613
     632
     575
     647
     573
     617
     637
     598
     622
     637
     645
     648
     632
     617
     651
     625
     647
     632
     649
     633
     583
     643
     654
     688
     657
     686
     673
     661
     612
     644
     657
     649
     646
     604
     640
     648
     635
     633
     675
     640
     654
     652
     670
     670
     665
     640
     661
     652
     630
     665
     634
     637
     628
     674
     654
     615
     693
     651
     684
     626
     648
     684
     687
     682
     699
     678
     687
     662
     687
     673
     700
     710
     676
     696
     726
     759
     753
     710
     715
     730
     704
     757
     791
     774
     758
     754
     775
     781
     805
     768
     760
     742
     767
     763
     747
     712
     759
     765
     689
     694
     720
     709
     676
     658
     676
     651
     681
     673
     631
     669
     646
     714
     607
     654
     595
     607
     609
     601
     659
     651
     587
     620
     608
     621
     585
     550
     604
     566
     578
     622
     597
     556
     571
     559
     568
     550
     580
     542
     536
     548
     588
     561
     525
     562
     555
     582
     516
     541
     528
     542
     521
     506
     513
     511
     509
     520
     512
     507
     499
     509
     497
     491
     482
     504
     453
     491
     484
     485
     456
     502
     504
     433
     453
     460
     451
     440
     486
     457
     468
     430
     463
     428
     444
     454
     450
     449
     457
     454
     399
     445
     458
     450
     413
     401
     417
     419
     410
     465
     409
     411
     424
     406
     384
     419
     373
     413
     422
     366
     388
     413
     400
     368
     418
     377
     399
     390
     355
     390
     389
     385
     414
     383
     375
     393
     400
     363
     371
     349
     426
     376
     380
     347
     364
     377
     337
     401
     369
     368
     351
     335
     340
     341
     350
     365
     321
     350
     338
     329
     355
     344
     301
     336
     308
     313
     320
     314
     312
     295
     280
     261
     250
     280
     289
     264
     264
     264
     255
     244
     282
     250
     229
     239
     243
     241
     232
     222
     261
     236
     257
     217
     199
     225
     209
     203
     197
     199
     195
     177
     191
     202
     177
     194
     204
     210
     186
     184
     162
     176
     186
     182
     148
     162
     169
     177
     176
     180
     141
     184
     164
     171
     160
     155
     164
     161
     173
     154
     158
     148
     157
     140
     136
     166
     124
     145
     140
     165
     140
     130
     180
     144
     140
     152
     136
     151
     149
     141
     127
     152
     142
     144
     135
     135
     136
     135
     139
     135
     138
     143
     137
     147
     128
     128
     125
     131
     144
     147
     133
     131
     131
     134
     104
     113
     138
     147
     132
     117
     118
     140
     123
     118
     131
     130
     121
     128
     125
     114
     130
     116
     126
     130
     136
     121
     133
     131
     139
     147
     131
     131
     138
     132
     129
     134
     146
     117
     135
     123
     117
     132
     137
     149
     172
     138
     136
     168
     145
     139
     144
     154
     151
     191
     154
     177
     188
     188
     202
     217
     231
     209
     233
     262
     255
     263
     287
     273
     292
     293
     316
     333
     358
     343
     364
     439
     453
     447
     466
     486
     526
     517
     545
     609
     662
     675
     719
     774
     752
     782
     842
     902
     889
     989
     973
     905
    1056
    1089
    1110
    1075
    1132
    1191
    1199
    1263
    1294
    1332
    1262
    1276
    1332
    1357
    1415
    1357
    1412
    1389
    1419
    1419
    1443
    1448
    1467
    1313
    1393
    1283
    1382
    1329
    1300
    1300
    1269
    1182
    1170
    1101
    1121
    1133
    1071
    1059
     974
     891
     870
     812
     779
     771
     770
     654
     692
     631
     538
     544
     491
     465
     426
     414
     414
     352
     371
     313
     291
     278
     300
     252
     238
     214
     187
     166
     166
     154
     136
     131
     126
     107
     122
     101
      93
      83
      99
      82
      78
      80
      75
      65
      64
      65
      61
      56
      62
      48
      72
      61
      49
      46
      48
      56
      71
      52
      62
      55
      47
      54
      46
      64
      42
      54
      48
      46
      45
      48
      45
      59
      46
      39
      41
      46
      61
      45
      65
      49
      54
      45
      47
      48
      55
      35
      42
      47
      45
      54
      44
      55
      49
      52
      49
      54
      53
      64
      49
      52
      53
      50
      46
      50
      51
      51
      51
      67
      60
      34
      51
      49
      54
      49
      50
      42
      47
      54
      42
      48
      52
      57
      46
      52
      48
      51
      37
      44
      40
      55
      45
      44
      28
      58
      52
      38
      38
      52
      54
      52
      49
      28
      52
      39
      49
      47
      48
      59
      47
      41
      49
      52
      56
      49
      53
      53
      42
      45
      49
      47
      45
      45
      54
      38
      42
      45
      55
      42
      50
      40
      46
      57
      41
      40
      35
      43
      47
      49
      57
      54
      56
      38
      43
      53
      47
      40
      46
      59
      43
      43
      41
      51
      52
      42
      39
      42
      44
      47
      40
      46
      40
      41
      42
      35
      37
      36
      36
      46
      47
      51
      43
      44
      57
      45
      45
      56
      37
      45
      49
      45
      38
      36
      43
      37
      55
      46
      54
      46
      40
      41
      42
      30
      44
      54
      44
      41
      44
      39
      43
      44
      62
      51
      31
      46
      38
      55
      58
      44
      46
      49
      57
      45
      45
      45
      47
      60
      60
      50
      46
      50
      43
      46
      38
      46
      56
      48
      38
      61
      54
      51
      26
      47
      42
      53
      50
      42
      40
      59
      55
      50
      49
      46
      47
      43
      42
      53
      50
      53
      56
      40
      40
      48
      46
      44
      39
      38
      49
      51
      42
      54
      29
      51
      57
      42
      54
      42
      80
      45
      63
      46
      52
      44
      43
      37
      49
      52
      39
      52
      44
      42
      49
      38
      40
      42
      57
      53
      54
      55
      43
      36
       0
       0
       0
       0
       0
       0
       0
       0
       0
       0
       0
       0
       0
       0
       0
       0
       0
       0
       0
       0
       0
       0
       0
       0
       0
       0
       0
       0
       0
       0
       0
       0
       0
       0
       0
       0
       0
       0
       0
       0
       0
       0
       0
       0
       0
       0
       0
       0
       0
       0
       0
       0
       0
       0
       0
       0
       0
       0
       0
       0
       0
       0
       0
       0
       0
       0
       0
       0
$ROI:
2
95 97
514 605
$PRESETS:
Real Time
200
0
$ENER_FIT:
-289.438599 1.280702
$MCA_CAL:
3
-2.894386E+002 1.280702E+000 0.000000E+000
$SHAPE_CAL:
3
0.000000E+000 0.000000E+000 0.000000E+000
