$SPEC_ID:
MEASURE 511.
$SPEC_REM:
DET# 1
DETDESC# MCB 25
AP# Maestro Version 6.05
$DATE_MEA:
04/05/2003 02:43:28
$MEAS_TIM:
195 200
$DATA:
0 1023
       0
       0
       0
       0
       0
       0
       0
       0
       0
       0
       0
       0
       0
       0
       0
       0
       0
       0
       0
       0
       0
       0
       0
       0
       0
       0
       0
       0
       0
       0
       0
       0
       0
       0
       0
       0
       0
       0
       0
       0
       0
       0
       0
       0
     132
     297
     269
     268
     304
     269
     318
     291
     294
     280
     301
     312
     272
     316
     261
     272
     323
     313
     281
     317
     256
     311
     324
     309
     303
     285
     345
     340
     306
     334
     320
     327
     320
     286
     327
     361
     329
     341
     324
     324
     376
     353
     382
     383
     379
     359
     411
     397
     395
     380
     391
     412
     409
     440
     447
     434
     445
     470
     474
     468
     450
     499
     446
     504
     508
     501
     513
     477
     491
     489
     533
     527
     535
     544
     532
     500
     521
     548
     560
     543
     524
     517
     554
     523
     568
     583
     617
     545
     576
     566
     575
     557
     602
     619
     629
     598
     605
     598
     600
     579
     603
     634
     647
     642
     622
     668
     632
     625
     657
     636
     627
     648
     630
     635
     609
     644
     633
     633
     616
     594
     645
     620
     652
     647
     628
     642
     660
     647
     633
     633
     662
     627
     664
     599
     656
     655
     665
     653
     651
     663
     661
     662
     611
     645
     690
     622
     599
     681
     640
     633
     635
     622
     660
     721
     736
     673
     707
     676
     674
     632
     669
     723
     683
     695
     703
     689
     747
     669
     739
     791
     763
     741
     760
     715
     753
     793
     695
     742
     756
     786
     755
     756
     717
     692
     725
     790
     739
     758
     760
     787
     692
     730
     712
     702
     669
     709
     679
     716
     640
     668
     637
     667
     621
     621
     640
     694
     658
     702
     613
     570
     625
     610
     618
     591
     574
     605
     587
     630
     617
     566
     614
     551
     580
     595
     579
     571
     568
     598
     595
     525
     568
     559
     534
     583
     566
     550
     525
     519
     539
     557
     500
     513
     500
     524
     543
     526
     509
     507
     514
     510
     506
     525
     493
     490
     490
     503
     516
     542
     486
     474
     505
     474
     477
     503
     456
     453
     479
     444
     462
     445
     444
     433
     448
     485
     476
     442
     411
     439
     455
     417
     391
     434
     405
     413
     384
     402
     447
     393
     390
     391
     372
     425
     432
     415
     398
     414
     387
     385
     389
     396
     390
     380
     435
     407
     436
     394
     402
     389
     384
     379
     408
     419
     357
     382
     373
     432
     418
     390
     373
     365
     401
     378
     350
     372
     362
     357
     366
     366
     346
     342
     390
     366
     339
     343
     329
     339
     354
     349
     324
     304
     362
     333
     322
     310
     313
     306
     331
     314
     290
     305
     282
     304
     272
     260
     281
     287
     273
     273
     276
     262
     296
     249
     266
     241
     215
     221
     235
     217
     233
     212
     220
     211
     239
     206
     218
     226
     203
     220
     193
     221
     191
     176
     215
     180
     159
     176
     192
     166
     213
     163
     172
     192
     174
     178
     165
     178
     172
     167
     164
     139
     167
     160
     161
     168
     172
     153
     153
     143
     139
     149
     157
     148
     147
     153
     154
     141
     127
     126
     144
     135
     158
     133
     131
     171
     160
     131
     141
     140
     134
     134
     136
     152
     158
     122
     135
     142
     145
     122
     141
     135
     122
     135
     146
     138
     124
     119
     152
     127
     134
     133
     126
     118
     110
     135
     157
     115
     139
     143
     127
     132
     148
     152
     139
     130
     121
     128
     122
     112
     111
     108
     121
     150
     123
     144
     123
     141
     134
     133
     123
     121
     128
     132
     123
     126
     134
     143
     124
     136
     141
     152
     167
     145
     138
     150
     134
     133
     154
     163
     156
     155
     146
     176
     173
     176
     195
     164
     188
     186
     212
     206
     196
     234
     224
     247
     251
     267
     284
     304
     302
     333
     361
     387
     386
     412
     461
     432
     435
     470
     517
     537
     591
     616
     675
     664
     699
     725
     762
     770
     790
     879
     848
     964
     929
     961
     999
    1048
    1080
    1153
    1081
    1147
    1134
    1156
    1215
    1240
    1271
    1326
    1362
    1331
    1365
    1380
    1447
    1433
    1431
    1362
    1431
    1413
    1405
    1365
    1387
    1345
    1302
    1329
    1349
    1211
    1202
    1199
    1199
    1123
    1092
    1043
    1020
    1045
     963
    1046
     919
     922
     825
     763
     810
     723
     635
     638
     619
     537
     562
     503
     481
     403
     422
     370
     369
     325
     277
     282
     270
     265
     246
     216
     179
     179
     167
     138
     140
     150
     116
     122
      91
     103
      94
      98
     100
      76
      83
      68
      53
      68
      65
      59
      55
      60
      56
      55
      60
      59
      46
      49
      51
      47
      46
      42
      49
      40
      53
      51
      49
      49
      49
      42
      42
      36
      51
      45
      46
      57
      60
      42
      51
      57
      51
      50
      52
      39
      39
      53
      47
      52
      50
      56
      51
      50
      40
      52
      53
      57
      48
      54
      54
      70
      47
      46
      41
      33
      44
      57
      54
      54
      54
      43
      45
      64
      44
      49
      53
      50
      54
      48
      49
      50
      54
      50
      47
      49
      48
      43
      49
      47
      44
      44
      55
      60
      55
      42
      52
      39
      48
      46
      46
      41
      54
      34
      48
      33
      47
      48
      44
      45
      47
      43
      47
      42
      43
      64
      57
      45
      41
      44
      49
      46
      39
      44
      42
      63
      45
      47
      33
      54
      53
      62
      35
      48
      42
      60
      47
      61
      49
      43
      40
      55
      43
      48
      52
      41
      42
      42
      52
      46
      52
      45
      47
      46
      30
      50
      47
      50
      28
      52
      42
      49
      47
      48
      60
      47
      54
      35
      49
      36
      41
      25
      40
      60
      43
      41
      45
      45
      42
      46
      44
      37
      44
      50
      30
      46
      50
      40
      58
      46
      44
      41
      57
      35
      61
      38
      49
      46
      48
      39
      45
      41
      42
      54
      44
      39
      39
      41
      46
      43
      46
      53
      49
      55
      38
      49
      54
      43
      47
      43
      53
      49
      38
      36
      39
      50
      47
      49
      50
      57
      59
      37
      35
      40
      45
      47
      44
      39
      45
      43
      41
      44
      47
      59
      52
      47
      34
      41
      43
      57
      30
      52
      50
      57
      44
      47
      54
      56
      43
      38
      58
      52
      44
      50
      48
      44
      51
      48
      53
      51
      53
      49
      39
      42
      56
      50
      33
      54
      44
      49
      57
      46
      57
      55
      52
      56
      52
      54
      50
      52
      39
      51
      48
      45
      42
      35
       2
       0
       0
       0
       0
       0
       0
       0
       0
       0
       0
       0
       0
       0
       0
       0
       0
       0
       0
       0
       0
       0
       0
       0
       0
       0
       0
       0
       0
       0
       0
       0
       0
       0
       0
       0
       0
       0
       0
       0
       0
       0
       0
       0
       0
       0
       0
       0
       0
       0
       0
       0
       0
       0
       0
       0
       0
       0
       0
       0
       0
       0
       0
       0
       0
       0
       0
       0
$ROI:
2
95 97
514 605
$PRESETS:
Real Time
200
0
$ENER_FIT:
-289.438599 1.280702
$MCA_CAL:
3
-2.894386E+002 1.280702E+000 0.000000E+000
$SHAPE_CAL:
3
0.000000E+000 0.000000E+000 0.000000E+000
