$SPEC_ID:
MEASURE 029.
$SPEC_REM:
DET# 1
DETDESC# MCB 25
AP# Maestro Version 6.05
$DATE_MEA:
05/29/2003 04:16:15
$MEAS_TIM:
190 200
$DATA:
0 1023
       0
       0
       0
       0
       0
       0
       0
       0
       0
       0
       0
       0
       0
       0
       0
       0
       0
       0
       0
       0
       0
       0
       0
       0
       0
       0
       0
       0
       0
       0
       0
       0
       0
       0
       0
       0
       0
       0
       0
       0
       0
       0
       0
       0
       0
       0
       0
       0
       0
       0
       0
       0
       0
       0
       0
       0
       0
       0
       0
       0
       0
       0
       0
       0
       0
       0
       0
       0
       0
       0
       0
       0
       0
       0
       0
       0
       0
       0
       0
       0
       0
       0
       0
       0
       0
       0
       0
       0
       0
       6
      24
      18
      31
      17
      20
      20
      16
      23
      20
      21
      20
      17
      18
      24
      14
      25
      21
      25
      16
      26
      23
      27
      29
      20
      22
      26
      16
      21
      21
      27
      17
      28
      23
      22
      26
      24
      28
      25
      25
      24
      23
      24
      18
      28
      20
      24
      14
      18
      18
      21
      19
      16
      25
      18
      16
      26
      20
      14
      17
      13
      27
      27
      17
      29
      30
      19
      23
      16
      33
      26
      27
      17
      31
      28
      22
      20
      20
      25
      24
      27
      28
      27
      18
      23
      25
      21
      18
      25
      23
      23
      25
      30
      24
      31
      28
      35
      27
      36
      26
      25
      40
      37
      22
      31
      28
      38
      26
      28
      24
      37
      27
      27
      29
      27
      37
      29
      23
      35
      22
      28
      24
      28
      27
      26
      25
      22
      24
      27
      26
      34
      21
      30
      25
      23
      25
      33
      29
      22
      17
      24
      22
      18
      26
      21
      15
      26
      25
      23
      20
      22
      25
      21
      23
      19
      22
      24
      22
      25
      23
      25
      25
      24
      15
      17
      24
      13
      18
      23
      13
      14
      29
      21
      21
      19
      20
      24
      16
      17
      25
      31
      21
      17
      24
      18
      17
      21
      18
      12
      15
      23
      22
      22
      22
      26
      26
      24
      20
      26
      28
      17
      35
      13
      23
      20
      18
      20
      26
      20
      26
      34
      22
      22
      21
      22
      20
      16
      20
      22
      23
      17
      22
      15
      26
      36
      24
      27
      23
      18
      22
      22
      23
      23
      26
      20
      13
      23
      28
      21
      26
      25
      27
      30
      18
      22
      22
      23
      29
      21
      24
      28
      19
      24
      22
      26
      15
      22
      13
      17
      19
      15
      17
      29
      14
      14
      12
      18
       7
      13
      11
      11
      11
       9
       8
       6
       8
       9
       9
       6
      12
       6
       3
       9
       5
      10
       8
       6
       7
       2
       9
       9
       6
       7
       7
       5
       0
       5
       6
       6
       9
       5
       4
       4
       3
       6
       3
       3
       2
       3
       2
       5
       3
       6
       5
       2
       0
       5
       0
       6
       7
       3
       4
       3
       5
       2
       1
       3
       2
       4
       2
       0
       2
       3
       0
       4
       5
       2
       2
       3
       1
       3
       4
       2
       2
       2
       2
       1
       0
       2
       0
       4
       3
       2
       1
       6
       1
       1
       2
       1
       4
       1
       1
       3
       3
       1
       0
       2
       4
       1
       3
       1
       5
       5
       4
       4
       5
       1
       1
       5
       1
       2
       4
       3
       2
       5
       3
       1
       3
       3
       4
       1
       3
       7
       5
       5
       8
      11
       5
       8
      12
       9
       8
      14
      17
      21
      16
      23
      17
      29
      15
      27
      30
      40
      43
      53
      42
      52
      69
      71
      69
      57
     103
     101
      96
      94
     120
     123
     100
     135
     129
     142
     155
     153
     168
     168
     171
     203
     191
     190
     183
     194
     211
     231
     219
     192
     235
     246
     206
     213
     210
     204
     230
     213
     193
     203
     209
     205
     205
     191
     188
     186
     174
     155
     144
     137
     136
     124
     142
     121
     108
      88
     100
      87
      71
      62
      70
      61
      53
      53
      40
      40
      37
      31
      32
      26
      20
      25
      20
      16
      13
       6
      12
       6
       9
       6
       5
       6
       3
       3
       4
       1
       1
       3
       0
       1
       3
       2
       1
       0
       0
       0
       1
       2
       0
       0
       0
       0
       1
       0
       1
       0
       0
       0
       0
       0
       0
       0
       2
       0
       0
       0
       1
       0
       0
       1
       0
       0
       0
       2
       0
       0
       0
       0
       0
       1
       0
       0
       0
       0
       0
       0
       0
       0
       1
       0
       0
       0
       0
       1
       0
       1
       0
       0
       0
       0
       0
       0
       0
       0
       0
       0
       0
       0
       1
       0
       0
       0
       0
       0
       0
       0
       0
       0
       0
       0
       0
       0
       1
       0
       0
       1
       0
       0
       0
       0
       0
       0
       0
       0
       0
       0
       0
       0
       0
       1
       0
       0
       0
       0
       0
       0
       0
       0
       0
       0
       0
       0
       0
       0
       0
       0
       0
       0
       1
       1
       0
       1
       0
       0
       0
       1
       1
       0
       1
       0
       0
       0
       2
       0
       0
       0
       0
       0
       0
       0
       0
       0
       0
       0
       0
       0
       0
       0
       0
       0
       1
       0
       0
       0
       0
       0
       0
       0
       0
       0
       0
       1
       0
       0
       0
       1
       0
       0
       0
       0
       0
       1
       0
       0
       0
       1
       0
       0
       0
       0
       0
       0
       1
       1
       1
       0
       0
       0
       0
       0
       0
       0
       0
       1
       0
       0
       0
       0
       1
       0
       0
       0
       1
       0
       0
       0
       0
       0
       0
       0
       0
       0
       0
       0
       0
       0
       0
       0
       0
       0
       1
       1
       0
       0
       0
       0
       0
       0
       0
       0
       0
       0
       0
       0
       0
       0
       0
       0
       0
       1
       0
       0
       0
       0
       1
       0
       0
       0
       0
       0
       0
       0
       0
       0
       0
       0
       0
       1
       0
       1
       1
       0
       0
       0
       0
       0
       0
       0
       0
       0
       0
       0
       0
       0
       0
       0
       0
       0
       0
       0
       0
       0
       0
       0
       0
       0
       1
       0
       0
       0
       1
       0
       0
       0
       0
       1
       0
       0
       0
       0
       0
       0
       0
       0
       0
       0
       0
       0
       0
       0
       1
       0
       0
       0
       0
       0
       0
       0
       1
       0
       0
       0
       0
       0
       1
       0
       0
       1
       0
       0
       0
       0
       0
       0
       0
       0
       0
       0
       0
       0
       0
       0
       0
       0
       0
       0
       0
       0
       0
       0
       0
       0
       0
       0
       0
       0
       0
       0
       0
       0
       0
       0
       0
       0
       0
       0
       0
       0
       0
       0
       0
       0
       0
       0
       0
       0
       0
       0
       0
       0
       0
       0
       0
       0
       0
       0
       0
       0
       0
       0
       0
       0
       0
       0
       0
       0
       0
       0
       0
       0
       0
       0
       0
       0
       0
       0
       0
       0
       0
       0
       0
       0
       0
       0
       0
       0
       0
       0
       0
       0
       0
       0
       0
       0
       0
       0
       0
       0
       0
       0
$ROI:
1
1023 1023
$PRESETS:
Real Time
200
0
$ENER_FIT:
-289.438599 1.280702
$MCA_CAL:
3
-2.894386E+002 1.280702E+000 0.000000E+000
$SHAPE_CAL:
3
0.000000E+000 0.000000E+000 0.000000E+000
