0
0
0
0
0
0
0
0
0
0
0
267
394
380
394
373
400
406
393
421
435
391
408
409
460
434
422
473
405
447
427
402
453
482
447
460
459
489
455
472
474
465
430
452
460
492
476
468
514
485
489
469
517
473
460
510
458
489
523
529
511
504
513
499
498
488
493
501
532
524
549
516
510
525
529
502
549
555
542
517
533
497
560
516
558
585
551
587
592
579
582
592
605
606
627
649
601
619
657
595
672
664
680
654
668
645
654
674
669
742
744
762
726
743
748
766
744
808
695
747
775
713
789
861
774
775
822
783
750
792
800
848
871
829
838
820
869
905
821
904
884
850
859
870
907
870
947
868
928
975
818
881
905
914
912
938
942
948
889
961
850
965
1000
982
958
953
980
937
981
921
1003
974
910
973
945
976
994
1005
987
984
924
903
925
1003
1034
985
956
941
1012
1002
988
1003
945
943
926
920
939
985
999
1009
965
1009
1014
977
963
1027
985
997
1025
1006
1070
1025
1078
1147
1054
1102
1000
1087
1167
1097
1130
1183
1107
1177
1144
1211
1188
1177
1190
1185
1176
1153
1178
1189
1208
1174
1153
1181
1222
1192
1123
1116
1112
1131
1091
1069
1053
1035
1081
1141
1057
1074
998
1037
1047
986
1006
1042
974
973
935
990
950
900
1029
935
873
894
923
985
930
922
908
907
913
905
881
910
921
918
929
897
866
860
871
911
908
891
879
893
873
813
819
881
839
894
814
860
854
828
820
827
782
749
773
803
842
845
803
770
795
732
801
768
798
778
725
829
762
704
714
729
741
715
711
794
727
726
723
756
707
722
712
723
726
748
736
792
689
689
702
700
743
693
650
711
679
662
652
714
700
683
711
654
651
678
641
643
688
653
630
635
666
630
693
631
636
662
654
681
656
675
646
619
616
631
676
634
642
588
623
610
649
584
602
597
669
641
581
549
580
591
609
574
617
580
584
611
585
600
569
580
590
609
554
525
556
575
549
565
513
499
481
500
500
491
462
480
467
501
435
436
444
474
459
483
445
423
391
413
425
432
404
372
379
391
397
376
362
371
372
356
339
351
311
330
343
361
368
313
316
328
302
328
307
309
318
316
305
311
293
303
297
307
303
309
356
297
312
313
312
299
308
287
288
283
275
273
262
259
271
295
276
239
260
275
246
268
244
266
282
270
251
262
246
254
247
255
261
247
250
221
244
253
247
249
235
235
267
240
236
247
226
237
242
246
271
239
218
267
224
231
244
266
253
223
270
227
231
221
230
223
249
237
247
254
251
242
237
241
227
251
212
249
255
246
228
246
251
248
236
252
240
257
232
233
229
248
262
276
236
255
246
272
260
305
269
285
246
270
296
317
318
323
313
299
336
346
366
367
405
396
446
437
422
470
473
496
549
553
568
625
634
675
730
783
761
800
881
906
900
973
1066
1045
1210
1203
1260
1339
1383
1474
1447
1572
1665
1743
1802
1841
1894
1918
1980
2004
2161
2147
2301
2285
2298
2376
2432
2414
2525
2522
2617
2687
2619
2774
2622
2639
2613
2667
2747
2676
2709
2586
2567
2458
2531
2497
2428
2434
2293
2237
2221
2193
1974
1975
2001
1905
1827
1734
1694
1593
1559
1447
1435
1411
1225
1156
1105
1088
1012
950
874
811
782
687
660
624
555
530
464
471
427
385
376
338
315
284
290
256
260
225
235
192
188
173
167
156
156
153
146
128
125
127
125
105
130
108
89
111
81
86
122
107
93
79
99
84
97
99
95
96
88
106
93
92
86
87
73
88
83
80
88
95
87
91
90
81
93
83
75
94
91
90
82
79
84
76
89
75
98
84
76
77
89
91
100
84
95
73
83
71
93
82
73
85
83
67
93
103
91
84
82
90
86
84
71
88
87
89
107
89
84
84
75
91
77
76
74
79
87
85
74
85
102
84
96
78
67
81
81
64
97
82
91
91
72
107
93
90
90
89
89
88
85
82
88
77
88
97
87
81
82
78
94
89
68
77
101
76
80
82
81
101
68
81
80
88
64
89
80
70
90
87
101
74
82
98
77
77
77
84
81
100
93
81
78
82
78
80
97
93
69
74
90
85
92
78
77
85
83
66
88
79
86
92
80
77
78
89
78
78
88
94
83
64
78
89
88
77
83
80
77
80
84
66
92
85
81
91
91
93
84
75
79
80
88
83
73
69
88
93
83
94
71
74
84
96
74
86
100
68
88
101
77
62
93
62
71
94
81
85
73
103
90
91
81
82
67
85
69
88
95
65
95
89
77
84
94
81
76
105
80
90
99
86
79
102
90
74
81
92
105
80
75
18
0
0
2
0
0
1
0
0
0
0
0
0
0
0
0
0
0
0
0
0
0
0
0
0
0
0
0
0
0
0
0
0
0
0
0
0
0
0