$SPEC_ID:
No sample description was entered.
$SPEC_REM:
DET# 1
DETDESC# MCB 25
AP# Maestro Version 6.05
$DATE_MEA:
03/06/2003 06:06:38
$MEAS_TIM:
200 206
$DATA:
0 1023
       0
       0
       0
       0
       0
       0
       0
       0
       0
       0
       0
       0
       0
       0
       0
       0
     188
     539
     539
     594
     565
     517
     567
     588
     550
     545
     571
     586
     586
     600
     666
     568
     611
     593
     637
     546
     627
     613
     641
     628
     571
     625
     613
     622
     616
     623
     653
     618
     611
     609
     613
     667
     654
     626
     707
     625
     623
     681
     663
     663
     686
     708
     698
     657
     783
     708
     729
     740
     794
     768
     743
     746
     788
     814
     768
     770
     826
     783
     858
     867
     822
     869
     920
     938
     881
     863
     869
     920
     951
     912
    1008
     998
     987
     940
     975
    1025
    1026
     965
     975
    1032
    1028
    1013
    1022
    1060
    1057
    1075
    1054
    1069
    1096
    1114
    1142
    1070
    1166
    1123
    1125
    1177
    1106
    1155
    1159
    1269
    1202
    1171
    1205
    1222
    1208
    1192
    1225
    1178
    1222
    1211
    1254
    1157
    1227
    1223
    1212
    1184
    1238
    1275
    1198
    1204
    1155
    1205
    1280
    1226
    1205
    1219
    1262
    1240
    1258
    1185
    1290
    1200
    1306
    1251
    1207
    1245
    1238
    1293
    1325
    1288
    1295
    1223
    1279
    1294
    1339
    1339
    1312
    1344
    1375
    1312
    1420
    1394
    1429
    1400
    1468
    1448
    1546
    1478
    1514
    1491
    1571
    1610
    1547
    1540
    1544
    1524
    1556
    1482
    1447
    1528
    1481
    1445
    1499
    1407
    1378
    1344
    1414
    1328
    1344
    1278
    1348
    1269
    1284
    1215
    1241
    1315
    1261
    1275
    1173
    1167
    1201
    1230
    1188
    1183
    1204
    1203
    1149
    1174
    1106
    1192
    1180
    1160
    1114
    1141
    1129
    1102
    1089
    1138
    1107
    1060
    1122
    1103
    1056
    1079
    1111
    1066
    1019
    1017
    1127
    1024
    1086
    1065
    1072
    1015
    1048
    1013
     993
    1031
     987
    1009
     986
     972
    1003
     987
     912
     949
     963
     946
     935
     900
     950
     897
     937
     925
     909
     955
     899
     892
     880
     919
     831
     892
     906
     879
     880
     869
     862
     892
     853
     873
     837
     892
     775
     852
     772
     846
     794
     842
     794
     827
     769
     801
     796
     784
     843
     799
     771
     784
     826
     818
     782
     823
     809
     782
     776
     778
     806
     812
     761
     793
     755
     772
     742
     703
     762
     723
     712
     672
     723
     781
     721
     723
     729
     687
     677
     700
     703
     655
     627
     637
     615
     591
     590
     604
     596
     590
     588
     531
     559
     571
     511
     521
     494
     537
     473
     498
     483
     474
     458
     463
     448
     466
     428
     445
     448
     407
     423
     406
     466
     406
     426
     433
     435
     392
     447
     370
     393
     382
     363
     381
     369
     393
     376
     382
     386
     340
     386
     337
     357
     332
     341
     371
     324
     356
     352
     357
     316
     336
     337
     313
     350
     351
     302
     348
     339
     326
     322
     319
     331
     319
     328
     304
     321
     319
     303
     334
     336
     323
     291
     333
     315
     270
     296
     289
     307
     300
     316
     292
     320
     319
     306
     310
     303
     297
     302
     299
     304
     301
     270
     285
     291
     305
     320
     300
     286
     296
     330
     291
     311
     322
     299
     299
     308
     336
     328
     325
     342
     339
     345
     371
     369
     321
     350
     367
     361
     393
     430
     386
     458
     454
     442
     476
     503
     549
     589
     611
     649
     627
     688
     790
     795
     869
     907
     961
    1074
    1150
    1171
    1241
    1319
    1409
    1554
    1681
    1697
    1800
    1860
    2034
    2069
    2163
    2277
    2380
    2607
    2532
    2564
    2784
    2807
    2880
    2897
    3035
    3114
    3287
    3228
    3230
    3234
    3355
    3329
    3321
    3308
    3350
    3333
    3233
    3322
    3195
    3130
    3116
    3046
    2937
    2958
    2650
    2678
    2559
    2387
    2265
    2250
    2119
    1886
    1865
    1798
    1637
    1525
    1419
    1401
    1235
    1194
    1089
     996
     911
     820
     710
     697
     617
     559
     509
     449
     428
     400
     303
     316
     273
     260
     236
     202
     192
     197
     187
     161
     161
     158
     155
     152
     145
     139
     122
     126
     134
     120
     122
     119
     114
     115
      96
     114
     105
     115
     114
     112
     114
     117
     110
      96
     117
     108
     121
     102
      89
     117
     121
     100
     123
     101
      97
     117
     101
      92
     105
     111
      99
     105
     100
     122
     117
     118
     113
     105
     108
     111
     119
     116
     104
     125
     107
     114
     109
     104
     117
     109
      98
     100
     107
     114
     124
     105
     101
      94
     101
     100
     111
     100
     109
     109
     102
     104
      99
     112
     120
      96
     129
     107
      99
     106
     114
      93
      97
     106
     103
     102
     100
      95
     102
     103
     102
     110
     122
     107
     103
     119
     106
      78
     107
     101
     104
     101
     101
      99
     105
     101
     108
      98
     103
     114
     105
      87
      95
     113
     100
      99
     107
     103
     100
      98
      83
      97
     109
      94
     113
     110
      83
     105
     119
      98
      92
     107
      96
      93
     106
      96
     109
     112
      96
      99
      92
     129
     116
      98
     101
      96
      95
      90
      81
      94
     115
      99
     107
     113
     102
     102
     112
     129
      98
     118
     101
     112
      97
      99
     114
     132
     113
     103
      91
      97
      96
     126
     100
     118
     109
     117
      92
     106
     104
     115
      98
     121
     105
     105
     108
     114
     110
      97
     105
     105
      99
     109
     108
     109
     112
     131
     131
     103
     102
     131
     110
     126
     122
     100
     125
      95
     114
     106
     113
     101
     110
     120
     114
     109
      94
     116
     119
     111
     119
     107
     106
     101
     127
     117
      96
     107
     107
     100
     109
      92
     103
     117
      99
     102
     111
     110
     110
     111
     130
     103
     115
      85
     114
      93
     101
     104
     114
     110
     113
      98
     139
      92
     104
     101
     102
      94
     125
     113
     123
      92
     112
     130
     115
      97
      99
     114
     128
     109
     122
     128
     120
     121
     126
     112
     117
     125
      96
     100
     119
     102
     117
     116
     117
     129
     104
     124
     116
     112
      96
     117
     108
     108
     121
     122
     108
     116
     116
     109
     112
     121
     124
     100
     115
     124
     130
     102
     112
      86
     157
      94
     103
     110
     100
     114
     123
     122
     116
     116
     117
     111
     106
     126
     131
     130
     112
     125
     113
     132
     117
     108
     107
     109
     142
     123
     134
     123
     117
     122
     123
     122
     126
     142
     118
     127
     118
     135
     100
     128
     122
     124
     119
     113
     136
     126
     157
     137
     133
     121
     141
     130
     119
     121
     103
     120
     116
     119
     145
     134
     109
     131
     123
     125
     136
     117
     133
     142
     124
     135
     125
     144
     126
     153
     131
     108
     126
     126
     137
     141
     131
     120
     130
     120
     119
     132
     141
     142
     110
     129
     106
     126
     106
     110
     129
      67
       4
       1
       3
       1
       1
       1
       1
       0
       0
       0
       0
       0
       0
       0
       0
       0
       0
       0
       0
       0
       0
       0
       0
       0
       0
       0
       0
       0
       0
       0
       0
       0
       0
       0
       0
       0
       0
       0
       0
       0
       0
       0
       0
       0
       0
       0
       0
       0
       0
       0
       0
       0
       0
       0
       0
       0
       0
       0
       0
       0
       0
$ROI:
0
$PRESETS:
Live Time
200
0
$ENER_FIT:
-289.438599 1.280702
$MCA_CAL:
3
-2.894386E+002 1.280702E+000 0.000000E+000
$SHAPE_CAL:
3
0.000000E+000 0.000000E+000 0.000000E+000
