$SPEC_ID:
MEASURE 059.
$SPEC_REM:
DET# 1
DETDESC# MCB 25
AP# Maestro Version 6.05
$DATE_MEA:
05/13/2003 14:35:51
$MEAS_TIM:
186 200
$DATA:
0 1023
       0
       0
       0
       0
       0
       0
       0
       0
       0
       0
       0
       0
       0
       0
       0
       0
       0
       0
       0
       0
       0
       0
       0
       0
       0
       0
       0
       0
       0
       0
       0
       0
       0
       0
       0
       0
       0
       0
       0
       0
       0
       0
       0
       0
       0
       0
       0
       0
       0
       0
       0
       0
       0
       0
       0
       0
       0
       0
       0
       0
       0
       0
       0
       0
       0
       0
       0
       0
       0
       0
       0
       0
       0
       0
       0
       0
       0
       0
       0
       0
       0
       0
       0
       0
       0
       0
       0
       0
       0
      13
      28
      30
      31
      29
      32
      30
      28
      30
      35
      26
      35
      36
      29
      27
      34
      37
      21
      31
      32
      28
      30
      38
      22
      28
      18
      27
      43
      27
      31
      30
      37
      22
      30
      25
      17
      30
      25
      35
      25
      31
      28
      30
      22
      39
      34
      26
      23
      29
      32
      26
      26
      27
      35
      33
      20
      26
      28
      25
      33
      30
      26
      24
      28
      31
      30
      33
      34
      29
      18
      32
      25
      32
      33
      30
      30
      37
      20
      29
      37
      32
      19
      22
      30
      26
      31
      29
      28
      32
      27
      27
      24
      26
      38
      35
      40
      50
      39
      37
      24
      27
      31
      38
      39
      31
      33
      35
      37
      35
      36
      24
      36
      42
      30
      33
      38
      29
      29
      37
      32
      26
      32
      40
      36
      35
      38
      36
      26
      33
      23
      26
      23
      29
      23
      25
      38
      22
      28
      27
      27
      29
      33
      28
      33
      34
      29
      24
      27
      25
      31
      28
      35
      31
      31
      26
      33
      29
      27
      28
      25
      21
      32
      31
      24
      29
      30
      31
      30
      26
      31
      34
      26
      31
      34
      36
      31
      36
      27
      33
      32
      26
      23
      19
      28
      30
      28
      26
      34
      25
      20
      25
      32
      25
      25
      24
      31
      22
      23
      30
      26
      29
      27
      25
      27
      28
      25
      36
      17
      37
      23
      34
      22
      36
      36
      31
      33
      27
      19
      24
      31
      34
      39
      32
      27
      27
      36
      32
      34
      33
      39
      35
      44
      34
      27
      31
      27
      37
      36
      33
      40
      35
      28
      34
      34
      31
      40
      28
      28
      36
      32
      41
      34
      24
      28
      30
      29
      28
      34
      19
      22
      23
      31
      23
      19
      17
      29
      22
      18
      12
      20
      21
      11
      20
      12
      16
      19
      13
      10
       9
      10
      16
      12
      15
      14
      11
       9
       6
       7
       9
      11
       7
       9
      10
       3
       9
       9
       3
       7
       3
       7
       6
       9
      14
       8
       4
      10
       3
       4
       3
       3
       4
       5
       3
       5
       4
       5
       4
       4
       7
       4
       5
       5
       6
       8
       4
       4
       7
       6
       2
       5
       1
       4
       1
       1
       1
       1
       4
       4
       1
       2
       4
       0
       3
       3
       1
       5
       2
       1
       4
       5
       2
       4
       4
       2
       1
       3
       1
       1
       3
       3
       2
       4
       3
       2
       2
       2
       5
       4
       2
       1
       1
       5
       2
       5
       3
       2
       2
       0
       4
       6
       4
       3
       4
       0
       2
       3
       3
       6
       5
       4
       8
       1
       5
       3
       5
       8
       5
       5
       5
       4
      11
      11
       9
      12
      18
      11
      12
      17
       9
      15
      16
      18
      29
      35
      40
      44
      46
      47
      53
      48
      48
      62
      78
      60
      98
      83
     100
      98
     117
     110
     113
     116
     120
     154
     177
     163
     174
     200
     215
     197
     202
     229
     249
     242
     231
     263
     254
     264
     269
     272
     302
     295
     293
     292
     308
     281
     292
     295
     282
     264
     289
     274
     241
     240
     234
     246
     247
     241
     233
     213
     175
     199
     166
     178
     147
     149
     122
     126
     101
     114
     114
      80
      86
      92
      76
      62
      49
      57
      51
      49
      36
      33
      30
      14
      24
      19
      20
      12
      11
      17
       8
       4
       9
       6
       5
       2
       4
       3
       1
       4
       1
       3
       0
       2
       3
       1
       0
       0
       0
       0
       0
       0
       0
       1
       0
       0
       0
       2
       0
       0
       0
       1
       0
       0
       0
       0
       0
       1
       0
       0
       0
       1
       0
       0
       1
       1
       0
       0
       1
       1
       0
       0
       0
       0
       0
       0
       1
       0
       0
       0
       0
       0
       0
       1
       0
       1
       0
       0
       0
       0
       0
       0
       0
       1
       0
       0
       1
       0
       1
       0
       0
       0
       0
       1
       0
       0
       0
       0
       0
       0
       1
       0
       0
       0
       0
       0
       0
       0
       1
       0
       0
       0
       0
       0
       1
       0
       0
       0
       1
       1
       0
       0
       0
       0
       0
       0
       0
       0
       0
       0
       0
       0
       0
       0
       0
       0
       1
       0
       1
       0
       1
       0
       1
       0
       0
       0
       1
       0
       0
       0
       1
       1
       0
       0
       0
       1
       1
       0
       0
       1
       0
       0
       0
       0
       0
       0
       0
       0
       0
       1
       0
       0
       0
       0
       0
       0
       0
       0
       0
       0
       0
       0
       0
       0
       0
       0
       0
       1
       1
       0
       0
       0
       0
       0
       0
       0
       0
       0
       0
       0
       0
       0
       0
       0
       0
       0
       0
       0
       0
       0
       0
       0
       0
       0
       0
       0
       0
       0
       0
       0
       0
       0
       0
       0
       0
       0
       0
       2
       1
       1
       0
       0
       0
       0
       0
       0
       0
       0
       0
       0
       0
       0
       0
       0
       0
       0
       0
       0
       0
       0
       0
       0
       0
       0
       2
       0
       1
       0
       0
       0
       0
       0
       0
       0
       0
       0
       0
       0
       0
       0
       0
       0
       0
       0
       0
       1
       0
       0
       0
       0
       0
       0
       0
       1
       0
       0
       0
       0
       0
       0
       0
       0
       0
       0
       0
       0
       0
       1
       0
       0
       0
       0
       0
       0
       0
       2
       1
       0
       0
       1
       1
       0
       0
       0
       0
       0
       1
       0
       0
       0
       0
       0
       0
       0
       0
       0
       0
       0
       0
       1
       0
       0
       0
       0
       1
       0
       0
       0
       0
       0
       2
       0
       0
       0
       0
       0
       0
       0
       0
       0
       0
       1
       0
       0
       0
       0
       0
       0
       0
       0
       0
       0
       0
       0
       0
       0
       0
       0
       0
       0
       0
       0
       0
       0
       0
       0
       0
       0
       0
       0
       0
       0
       0
       0
       0
       0
       0
       0
       0
       0
       0
       0
       0
       0
       0
       0
       0
       0
       0
       0
       0
       0
       0
       0
       0
       0
       0
       0
       0
       0
       0
       0
       0
       0
       0
       0
       0
       0
       0
       0
       0
       0
       0
       0
       0
       0
       0
       0
       0
       0
       0
       0
       0
       0
       0
       0
       0
       0
       0
       0
       0
       0
       0
       0
       0
$ROI:
1
1023 1023
$PRESETS:
Real Time
200
0
$ENER_FIT:
-289.438599 1.280702
$MCA_CAL:
3
-2.894386E+002 1.280702E+000 0.000000E+000
$SHAPE_CAL:
3
0.000000E+000 0.000000E+000 0.000000E+000
