$SPEC_ID:
MEASURE 148.
$SPEC_REM:
DET# 1
DETDESC# MCB 25
AP# Maestro Version 6.05
$DATE_MEA:
05/14/2003 01:03:18
$MEAS_TIM:
175 200
$DATA:
0 1023
       0
       0
       0
       0
       0
       0
       0
       0
       0
       0
       0
       0
       0
       0
       0
       0
       0
       0
       0
       0
       0
       0
       0
       0
       0
       0
       0
       0
       0
       0
       0
       0
       0
       0
       0
       0
       0
       0
       0
       0
       0
       0
       0
       0
       0
       0
       0
       0
       0
       0
       0
       0
       0
       0
       0
       0
       0
       0
       0
       0
       0
       0
       0
       0
       0
       0
       0
       0
       0
       0
       0
       0
       0
       0
       0
       0
       0
       0
       0
       0
       0
       0
       0
       0
       0
       0
       0
       0
       0
       1
       3
       3
       2
       2
       5
       5
       5
       1
       4
       4
       5
       2
       5
       5
       5
       1
       2
      10
       4
       2
       6
       3
       2
       2
       5
       6
       3
       3
       6
       4
       2
       6
       4
       5
       8
       4
       4
       4
       2
       5
       5
       3
       4
       3
       2
       1
      13
       3
       3
       8
       1
       4
       0
       8
       6
       5
       4
       2
       0
       3
       4
       2
       8
       4
       5
       6
       5
       2
       4
       4
       2
       2
       2
       6
       2
       4
       3
       3
       4
       5
       4
       8
       5
       8
       2
       6
       3
       3
       5
       6
       6
       7
       3
       8
       2
       4
       3
       8
       5
       4
       5
       5
       8
       6
       4
       5
       7
       4
       3
       7
       8
       6
       7
       6
       3
       5
       5
       6
       6
       4
       4
       5
       3
       4
       1
       7
       4
       3
       1
       4
       7
       6
       5
       5
       2
       9
       6
       6
       8
       5
       4
       3
       1
       2
       1
       4
       5
       3
       3
       4
       1
       4
       5
       2
       5
       4
       5
       6
       3
       4
       4
       3
       5
       4
       6
       5
       1
       5
       3
       0
       7
       6
       5
       6
       4
       7
       0
       5
       2
       1
       2
       3
      10
       6
       2
       5
       1
       4
       3
       7
       4
       2
       4
       5
       2
       1
       1
       9
       4
       6
       4
       4
       6
       2
       4
       2
       8
       4
       1
       5
       3
       7
       6
       4
       8
       3
       5
       2
       3
       8
       4
       3
       4
       6
       6
       4
       5
       9
       6
       7
       5
       5
       3
       2
       5
       3
       5
       0
       2
       1
       4
       6
       7
       7
       4
       0
       6
       6
       6
       4
       2
       4
       1
       2
       3
       8
       5
       0
       3
       0
       6
       2
       2
       5
       3
       0
       1
       2
       4
       1
       3
       4
       1
       2
       1
       0
       3
       2
       2
       5
       1
       1
       0
       0
       1
       0
       0
       0
       1
       1
       1
       1
       1
       1
       0
       2
       1
       2
       1
       1
       1
       1
       2
       1
       0
       0
       2
       0
       0
       3
       1
       0
       1
       1
       0
       0
       2
       2
       2
       3
       0
       0
       3
       1
       0
       2
       1
       2
       1
       0
       1
       0
       1
       0
       1
       0
       1
       1
       0
       0
       0
       0
       1
       0
       2
       1
       1
       2
       0
       0
       0
       0
       0
       0
       0
       2
       0
       0
       0
       1
       2
       0
       1
       1
       0
       1
       2
       2
       1
       1
       0
       0
       0
       1
       0
       2
       0
       2
       1
       2
       0
       1
       1
       0
       0
       2
       3
       2
       4
       1
       1
       1
       2
       1
       2
       1
       2
       4
       4
       2
       0
       5
       2
       1
       4
       4
       4
       4
       9
       3
       7
       2
       9
       6
       5
       7
       3
       6
       8
       8
       5
      11
       9
       9
       8
       5
      14
      18
      15
      11
      18
       8
      16
      15
      24
      21
      18
      15
      20
      26
      15
      16
      19
      24
      21
      26
      21
      12
      21
      25
      20
      13
      20
      15
      22
      23
      14
      16
      11
      20
      24
      13
      12
      11
      14
      13
      11
      14
      13
      12
      16
       9
      10
      15
       9
      11
       6
       5
       5
       6
       6
       8
       6
       5
       4
       4
       7
       2
       2
       2
       1
       0
       2
       3
       0
       3
       2
       1
       1
       0
       1
       0
       2
       0
       0
       0
       0
       0
       0
       0
       0
       0
       0
       0
       0
       0
       0
       0
       0
       0
       0
       0
       0
       0
       0
       0
       0
       0
       0
       0
       0
       0
       0
       0
       0
       0
       0
       0
       0
       0
       0
       0
       0
       0
       0
       0
       0
       0
       0
       0
       0
       0
       0
       0
       0
       0
       0
       0
       0
       0
       0
       2
       1
       0
       0
       1
       0
       0
       1
       0
       0
       0
       0
       0
       1
       0
       0
       0
       0
       0
       0
       0
       0
       0
       1
       1
       0
       0
       0
       0
       0
       0
       0
       0
       0
       0
       0
       0
       0
       0
       0
       0
       0
       1
       0
       0
       0
       0
       0
       0
       0
       0
       0
       0
       0
       0
       0
       0
       0
       0
       0
       1
       0
       0
       0
       0
       0
       0
       0
       0
       0
       0
       0
       0
       0
       0
       0
       0
       0
       0
       2
       0
       0
       0
       0
       0
       1
       0
       0
       0
       0
       0
       0
       0
       0
       0
       0
       0
       0
       0
       0
       0
       0
       0
       0
       0
       0
       0
       1
       0
       0
       0
       0
       0
       0
       0
       1
       0
       0
       0
       0
       0
       0
       0
       0
       0
       0
       0
       0
       0
       1
       0
       0
       0
       0
       0
       0
       0
       0
       0
       0
       1
       0
       0
       0
       0
       0
       0
       0
       0
       0
       0
       0
       1
       0
       0
       0
       0
       0
       0
       0
       0
       0
       0
       0
       0
       0
       0
       0
       0
       0
       0
       0
       0
       0
       0
       0
       0
       0
       0
       0
       0
       0
       0
       0
       0
       0
       0
       0
       0
       0
       1
       0
       1
       0
       0
       0
       0
       0
       1
       0
       0
       1
       0
       0
       0
       0
       0
       0
       0
       1
       0
       0
       0
       0
       0
       1
       0
       0
       0
       0
       0
       0
       0
       0
       0
       0
       0
       0
       0
       0
       0
       0
       0
       1
       0
       0
       0
       0
       0
       0
       0
       0
       0
       0
       0
       0
       1
       0
       1
       0
       0
       0
       0
       0
       0
       0
       0
       0
       0
       0
       0
       0
       0
       0
       0
       0
       0
       0
       0
       0
       0
       0
       0
       0
       0
       0
       0
       0
       0
       0
       0
       0
       0
       0
       0
       0
       0
       0
       0
       0
       0
       0
       0
       0
       0
       0
       0
       0
       0
       0
       0
       0
       0
       0
       0
       0
       0
       0
       0
       0
       0
       0
       0
       0
       0
       0
       0
       0
       0
       0
       0
       0
       0
       0
       0
       0
       0
       0
       0
       0
       0
       0
       0
       0
       0
       0
       0
       0
       0
       0
       0
       0
       0
       0
       0
       0
       0
       0
       0
       0
       0
       0
       0
       0
       0
       0
       0
       0
       0
       0
       0
       0
       0
       0
       0
       0
       0
       0
       0
       0
       0
       0
       0
$ROI:
1
1023 1023
$PRESETS:
Real Time
200
0
$ENER_FIT:
-289.438599 1.280702
$MCA_CAL:
3
-2.894386E+002 1.280702E+000 0.000000E+000
$SHAPE_CAL:
3
0.000000E+000 0.000000E+000 0.000000E+000
