$SPEC_ID:
MEASURE 061.
$SPEC_REM:
DET# 1
DETDESC# MCB 25
AP# Maestro Version 6.05
$DATE_MEA:
05/13/2003 14:49:57
$MEAS_TIM:
186 200
$DATA:
0 1023
       0
       0
       0
       0
       0
       0
       0
       0
       0
       0
       0
       0
       0
       0
       0
       0
       0
       0
       0
       0
       0
       0
       0
       0
       0
       0
       0
       0
       0
       0
       0
       0
       0
       0
       0
       0
       0
       0
       0
       0
       0
       0
       0
       0
       0
       0
       0
       0
       0
       0
       0
       0
       0
       0
       0
       0
       0
       0
       0
       0
       0
       0
       0
       0
       0
       0
       0
       0
       0
       0
       0
       0
       0
       0
       0
       0
       0
       0
       0
       0
       0
       0
       0
       0
       0
       0
       0
       0
       0
       7
      29
      26
      25
      30
      32
      23
      35
      23
      24
      30
      27
      28
      31
      24
      26
      24
      36
      26
      28
      25
      18
      34
      34
      33
      37
      27
      23
      30
      32
      26
      34
      30
      33
      29
      35
      35
      24
      25
      29
      24
      28
      32
      27
      22
      33
      34
      33
      32
      27
      40
      28
      24
      27
      32
      25
      35
      28
      34
      34
      37
      28
      41
      40
      27
      43
      42
      30
      22
      35
      29
      28
      39
      27
      36
      31
      30
      28
      25
      26
      35
      38
      37
      24
      24
      41
      29
      38
      34
      35
      31
      36
      45
      30
      39
      44
      31
      33
      35
      26
      41
      36
      32
      35
      39
      29
      37
      29
      32
      40
      37
      44
      37
      35
      29
      36
      36
      33
      37
      38
      44
      39
      30
      36
      28
      22
      36
      35
      33
      26
      32
      40
      42
      38
      32
      37
      22
      35
      30
      29
      22
      31
      36
      35
      25
      26
      23
      28
      32
      32
      31
      26
      37
      30
      32
      23
      26
      34
      24
      26
      28
      23
      31
      28
      28
      31
      32
      33
      29
      31
      26
      19
      31
      30
      27
      39
      32
      29
      29
      45
      25
      37
      30
      34
      30
      29
      32
      30
      28
      35
      19
      28
      24
      25
      37
      35
      36
      27
      20
      32
      25
      31
      32
      33
      28
      29
      24
      40
      39
      30
      17
      36
      42
      38
      35
      40
      28
      29
      33
      31
      30
      28
      28
      36
      26
      30
      32
      33
      34
      35
      31
      34
      25
      29
      40
      29
      46
      35
      37
      40
      32
      40
      39
      34
      35
      25
      27
      43
      31
      28
      24
      35
      28
      34
      30
      37
      29
      30
      26
      24
      21
      27
      17
      21
      26
      18
      28
      18
      25
      22
      18
      11
      21
      18
      19
      18
      17
      13
       7
      16
      10
       6
      11
       8
      10
       9
       6
      10
       7
       7
       7
      10
       3
       8
       6
       3
       2
      11
       3
       0
       7
       7
       5
       7
      10
       6
       8
       8
       4
       8
       9
       3
       7
      11
       3
       6
       3
       1
       4
       5
       4
       2
       4
       1
       6
       3
       5
       2
       1
       4
       2
       4
       3
       3
      10
       5
       5
       4
       4
       4
       3
       3
       3
       0
       6
       3
       3
       2
       5
       1
       3
       7
       4
       2
       1
       1
       2
       2
       3
       3
       3
       4
       4
       2
       2
       0
       1
       2
       3
       1
       2
       1
       1
       6
       3
       2
       2
       5
       3
       4
       5
       2
       6
       5
       3
       1
       1
       3
       6
       2
       4
       4
       3
       4
       2
       6
       3
       6
       8
      10
      11
       6
       9
       6
      19
      15
      14
      18
      20
      20
      13
      23
      31
      25
      33
      29
      41
      49
      53
      61
      59
      49
      68
      58
      91
     101
     114
     120
      92
     134
     142
     159
     142
     166
     179
     185
     171
     213
     195
     237
     216
     256
     281
     278
     272
     271
     274
     289
     270
     274
     319
     258
     290
     292
     325
     284
     303
     332
     299
     280
     295
     282
     281
     268
     259
     266
     236
     217
     221
     200
     205
     185
     197
     144
     163
     152
     151
     119
     118
     106
     109
      96
      84
      81
      72
      57
      64
      49
      49
      40
      25
      17
      26
      21
      24
      18
      21
      18
      15
      13
       6
       1
       8
       6
       1
       4
       6
       3
       4
       0
       4
       2
       4
       2
       3
       3
       1
       0
       0
       1
       1
       0
       2
       0
       0
       2
       0
       0
       0
       1
       0
       1
       0
       1
       0
       0
       1
       0
       0
       0
       0
       0
       0
       1
       0
       2
       0
       0
       0
       0
       0
       0
       0
       0
       0
       1
       0
       0
       0
       0
       0
       0
       0
       0
       1
       0
       1
       2
       0
       0
       0
       0
       0
       1
       0
       0
       0
       0
       1
       0
       0
       0
       1
       0
       0
       1
       0
       0
       0
       0
       0
       0
       0
       2
       0
       0
       0
       0
       0
       0
       1
       0
       0
       0
       0
       0
       0
       0
       0
       1
       0
       0
       1
       1
       0
       1
       0
       0
       0
       1
       0
       1
       1
       0
       0
       0
       0
       0
       0
       0
       0
       0
       0
       0
       0
       0
       0
       0
       0
       0
       0
       1
       0
       0
       0
       0
       0
       0
       1
       0
       0
       0
       0
       0
       0
       0
       1
       0
       0
       1
       0
       0
       0
       0
       0
       1
       1
       0
       0
       0
       1
       1
       0
       0
       0
       0
       0
       0
       0
       0
       0
       0
       0
       0
       0
       0
       1
       1
       0
       1
       0
       0
       0
       1
       0
       0
       0
       0
       0
       0
       0
       0
       1
       0
       0
       0
       0
       0
       0
       0
       1
       0
       0
       0
       1
       0
       0
       0
       0
       0
       0
       0
       1
       1
       0
       0
       0
       0
       0
       0
       0
       0
       0
       0
       0
       0
       0
       0
       0
       0
       0
       0
       0
       0
       0
       0
       0
       0
       0
       0
       0
       0
       0
       0
       0
       0
       0
       0
       0
       0
       0
       0
       0
       1
       0
       1
       0
       0
       0
       0
       1
       0
       0
       0
       0
       1
       0
       0
       0
       0
       0
       0
       0
       0
       0
       0
       0
       0
       0
       0
       0
       0
       0
       0
       0
       0
       1
       0
       0
       0
       0
       0
       0
       0
       1
       0
       0
       0
       0
       0
       0
       0
       0
       0
       0
       1
       0
       0
       0
       0
       0
       0
       0
       0
       0
       0
       0
       1
       0
       0
       0
       0
       1
       0
       0
       0
       0
       0
       0
       0
       1
       0
       0
       0
       0
       0
       0
       0
       0
       0
       0
       0
       0
       0
       0
       0
       0
       0
       0
       0
       0
       0
       0
       0
       0
       0
       0
       0
       0
       0
       0
       0
       0
       0
       0
       0
       0
       0
       0
       0
       0
       0
       0
       0
       0
       0
       0
       0
       0
       0
       0
       0
       0
       0
       0
       0
       0
       0
       0
       0
       0
       0
       0
       0
       0
       0
       0
       0
       0
       0
       0
       0
       0
       0
       0
       0
       0
       0
       0
       0
       0
       0
       0
       0
       0
       0
       0
       0
       0
       0
       0
       0
       0
       0
       0
$ROI:
1
1023 1023
$PRESETS:
Real Time
200
0
$ENER_FIT:
-289.438599 1.280702
$MCA_CAL:
3
-2.894386E+002 1.280702E+000 0.000000E+000
$SHAPE_CAL:
3
0.000000E+000 0.000000E+000 0.000000E+000
