0
0
0
0
0
0
0
0
0
0
0
219
344
314
345
332
353
351
350
331
360
357
366
367
364
381
386
382
374
434
409
376
394
406
391
358
408
425
398
406
418
428
415
424
399
409
421
435
413
395
398
442
460
416
433
444
488
460
400
418
436
419
437
416
441
460
431
437
453
448
446
435
447
449
448
463
446
463
444
442
438
478
469
486
480
456
449
503
520
464
503
506
516
482
561
471
496
551
527
545
553
533
530
539
545
549
569
623
594
543
620
619
578
588
600
630
635
597
649
662
669
668
697
629
649
658
640
732
717
689
693
660
668
716
779
699
736
738
729
798
730
768
703
758
726
810
764
776
735
752
767
830
790
750
755
775
778
791
790
825
849
809
835
859
931
860
839
823
875
849
808
816
907
874
858
929
907
855
857
830
875
904
922
888
947
920
947
892
913
915
901
891
841
959
871
837
903
877
881
887
841
864
870
938
852
872
920
863
866
913
906
844
959
896
879
886
813
963
915
855
933
936
921
893
872
917
886
950
875
940
927
903
919
910
947
992
965
972
995
991
989
1058
1036
1046
1067
1036
1031
1039
1083
1060
1107
1093
1046
1111
1057
1120
1025
1079
1092
1100
1036
1155
1077
1036
1003
1089
993
1035
1045
1016
1031
1028
1028
950
1025
986
994
960
974
936
945
870
977
924
920
947
890
867
905
844
886
899
875
904
865
818
823
854
864
837
824
871
849
837
858
862
842
824
843
870
770
814
881
789
825
831
802
787
795
777
777
815
798
805
784
749
781
778
763
738
718
754
760
747
742
731
734
733
696
675
709
690
705
700
733
696
719
769
722
716
713
693
705
639
670
738
663
680
689
670
646
697
648
641
697
698
641
641
637
647
606
630
672
649
616
604
651
617
613
652
625
622
573
615
615
671
641
612
587
608
586
643
574
616
581
599
590
639
604
644
593
590
600
629
563
608
574
576
605
610
594
575
632
579
603
585
553
570
588
568
542
613
595
557
617
589
558
550
542
536
573
516
507
532
544
498
499
566
533
516
571
510
525
544
537
489
517
494
503
502
515
491
470
498
480
480
477
460
475
442
435
446
459
412
427
417
372
438
414
391
398
380
375
386
352
351
391
380
354
356
332
344
326
323
295
322
331
310
327
321
332
316
298
280
301
314
271
301
328
286
299
296
271
312
282
297
291
289
284
278
288
309
279
240
295
253
256
270
267
282
256
243
248
274
248
271
255
245
248
254
242
239
245
237
261
257
245
248
249
238
248
258
249
226
243
247
226
247
231
240
229
234
215
244
219
214
243
230
192
252
230
229
227
198
221
210
217
240
221
211
225
191
198
247
226
236
229
206
182
202
225
216
215
209
197
246
231
219
211
196
218
227
226
192
220
195
204
210
228
235
192
249
205
215
213
206
243
230
246
217
217
245
215
222
210
219
227
257
263
238
211
258
255
263
299
270
258
273
273
302
337
307
314
343
337
374
364
387
393
394
404
443
445
451
497
523
554
613
616
622
701
692
810
768
759
839
901
955
931
1011
1034
1138
1109
1194
1228
1240
1303
1408
1458
1528
1551
1637
1708
1721
1783
1798
1832
1944
1915
1955
2068
2061
2098
2256
2207
2240
2278
2350
2375
2319
2335
2447
2404
2334
2413
2419
2435
2328
2429
2412
2372
2326
2294
2342
2278
2171
2092
2144
2057
2075
2043
1914
1933
1862
1775
1790
1668
1622
1618
1517
1445
1350
1320
1273
1242
1177
1066
1066
954
979
837
814
752
720
705
642
615
590
512
516
451
398
405
358
354
325
306
292
288
229
220
213
211
208
188
165
172
150
131
135
150
115
112
122
128
127
91
118
84
94
89
88
91
85
89
88
99
99
94
83
85
88
87
85
98
82
92
86
75
85
70
89
86
91
69
94
73
70
89
84
102
82
89
83
87
77
79
79
86
84
89
76
71
84
90
74
74
88
75
69
72
94
79
85
89
76
79
89
76
80
86
88
96
70
74
70
80
84
84
95
78
82
91
74
69
65
74
95
87
90
94
58
61
80
77
83
91
76
77
66
87
72
87
72
83
67
70
77
71
89
75
74
72
75
80
76
72
72
70
78
86
87
75
94
81
73
81
69
75
92
83
81
80
84
78
80
90
71
60
75
68
87
76
66
77
69
76
91
82
73
79
86
92
65
63
88
70
70
88
66
84
72
90
92
81
91
79
95
76
61
65
88
73
53
82
80
69
77
82
81
60
80
80
72
87
94
69
82
86
90
89
97
83
80
81
96
85
90
74
71
70
73
87
55
13
1
0
0
0
0
1
0
0
0
0
0
0
0
0
0
0
0
0
0
0
0
0
0
0
0
0
0
0
0
0
0
0
0
0
0
0
0