0
0
0
0
0
0
0
0
0
0
0
225
409
397
373
424
426
426
423
397
403
390
462
422
445
437
440
453
466
411
462
458
481
455
452
475
474
462
478
490
470
526
494
432
458
482
460
477
500
559
494
490
501
499
496
551
485
448
531
544
508
497
512
517
506
522
496
539
542
508
533
528
579
572
552
556
583
554
607
575
584
607
609
573
645
606
643
610
647
621
675
646
668
710
691
691
726
714
678
705
760
695
747
763
780
770
810
821
778
811
810
808
834
788
791
847
865
857
896
876
880
852
915
834
895
886
840
864
933
944
943
941
896
875
940
991
981
960
945
975
972
1006
933
958
998
976
1015
1019
977
1024
1006
1024
959
1018
1023
1029
980
1019
993
932
953
1026
1046
944
1053
985
1014
1044
993
1020
1004
999
965
990
1032
986
969
1017
973
983
985
987
1076
1042
1040
1107
1083
1110
1035
1084
1066
1113
1045
1047
1078
1077
1146
1106
1135
1244
1091
1180
1189
1118
1128
1241
1215
1164
1239
1228
1300
1190
1163
1237
1128
1215
1213
1204
1189
1205
1162
1130
1151
1188
1089
1077
1115
1125
1084
1117
1120
1081
1059
1047
1032
1103
1078
1085
1011
1024
1070
978
974
951
935
970
1021
932
950
934
995
1001
969
954
879
957
960
891
899
932
933
859
836
876
853
896
839
898
871
912
826
859
826
826
812
841
805
805
803
773
856
749
821
825
810
810
766
840
745
819
751
739
736
756
730
745
789
689
764
748
701
688
735
685
735
716
695
664
651
696
727
705
699
712
659
657
694
678
673
720
675
668
671
710
683
654
681
700
612
675
671
658
694
666
648
642
646
619
667
613
676
620
602
581
614
616
639
629
571
620
620
643
643
576
610
606
635
630
621
642
572
550
595
563
560
585
579
577
561
593
557
579
572
540
562
533
520
540
489
505
546
504
500
469
436
471
497
462
452
440
440
450
413
398
420
392
360
360
392
359
417
410
372
368
315
342
363
357
361
342
328
356
330
352
326
313
344
336
319
316
307
304
331
308
274
289
316
327
300
290
296
279
263
279
273
306
296
297
276
329
286
302
299
275
256
285
279
259
266
303
290
276
294
287
286
267
251
280
251
290
267
241
275
261
297
280
247
262
246
245
266
259
262
262
244
268
236
249
247
261
244
277
235
276
260
268
238
221
273
243
228
231
258
239
252
237
237
253
256
234
257
233
221
253
275
250
259
271
269
273
265
258
241
263
268
271
273
261
278
276
300
289
284
284
288
318
322
360
339
393
362
392
407
444
410
473
486
486
512
540
615
645
596
687
703
750
782
865
885
936
956
971
1058
1060
1191
1258
1363
1360
1391
1467
1478
1652
1704
1753
1756
1811
1942
2036
2058
2166
2193
2238
2214
2261
2409
2469
2551
2491
2536
2587
2572
2654
2647
2628
2596
2557
2572
2541
2527
2541
2515
2442
2476
2361
2408
2216
2243
2169
2043
2046
1974
1832
1812
1712
1621
1529
1484
1373
1248
1269
1177
1065
1011
987
878
830
840
705
653
624
582
539
534
470
437
363
368
347
312
284
276
284
215
207
201
199
167
168
140
138
149
120
132
117
119
113
119
119
104
101
117
107
89
112
112
94
82
87
99
82
76
77
109
82
98
95
89
103
82
90
70
85
91
91
79
85
76
87
97
80
97
89
95
80
89
93
93
82
88
86
87
86
86
76
80
88
78
93
87
96
77
84
80
81
89
92
85
86
107
92
89
86
88
78
108
95
82
87
93
75
87
85
77
84
79
98
80
93
77
75
97
84
72
84
87
94
80
93
75
74
97
87
80
77
79
106
78
84
85
86
84
84
92
96
113
80
62
90
78
85
94
90
81
77
77
93
91
79
83
67
87
96
88
92
70
83
81
85
71
80
93
82
79
82
80
77
68
94
76
91
64
86
82
68
68
88
81
93
85
86
86
74
76
76
77
80
93
82
84
92
89
80
82
88
91
85
81
77
101
74
98
101
83
69
84
83
90
96
78
69
73
88
103
88
85
86
91
81
78
94
74
88
85
82
77
86
90
97
91
75
82
93
83
93
78
83
83
79
99
81
91
85
89
90
93
89
88
91
83
78
88
83
85
88
101
85
83
78
89
96
90
105
94
87
87
87
85
83
81
101
87
85
85
88
102
87
90
87
71
93
92
89
83
78
86
86
82
82
102
98
88
78
80
93
109
82
71
89
88
68
88
99
78
105
85
96
88
109
88
68
78
75
62
100
79
98
84
82
93
93
77
87
89
90
101
80
76
83
73
78
85
85
97
85
89
91
86
81
90
89
33
1
0
1
0
0
0
0
0
0
0
0
0
0
0
0
0
0
0
0
0
0
0
0
0
0
0
0
0
0
0
0
0
0
0
0
0
0
0
0
0
0
