$SPEC_ID:
No sample description was entered.
$SPEC_REM:
DET# 1
DETDESC# MCB 25
AP# Maestro Version 6.05
$DATE_MEA:
03/06/2003 06:41:21
$MEAS_TIM:
200 265
$DATA:
0 1023
       0
       0
       0
       0
       0
       0
       0
       0
       0
       0
       0
       0
       0
       0
       0
       0
       0
       2
     262
     343
     323
     356
     377
     356
     354
     366
     372
     364
     356
     349
     428
     375
     397
     394
     364
     393
     382
     385
     431
     384
     371
     382
     413
     405
     371
     424
     397
     422
     393
     433
     431
     434
     398
     420
     399
     421
     394
     425
     440
     424
     441
     459
     482
     494
     459
     429
     458
     455
     515
     506
     507
     502
     523
     503
     486
     534
     546
     545
     505
     548
     543
     549
     561
     521
     593
     581
     606
     643
     636
     604
     658
     616
     627
     641
     638
     679
     659
     642
     662
     699
     657
     720
     684
     736
     720
     724
     716
     731
     759
     754
     743
     737
     751
     776
     747
     763
     753
     722
     718
     720
     734
     805
     820
     771
     770
     766
     775
     783
     785
     818
     749
     810
     794
     806
     825
     789
     767
     849
     833
     826
     861
     825
     844
     910
     812
     865
     826
     819
     889
     847
     863
     809
     911
     848
     779
     862
     866
     870
     877
     840
     861
     880
     842
     893
     834
     847
     801
     821
     849
     794
     823
     836
     830
     855
     810
     835
     789
     809
     853
     846
     827
     916
     821
     831
     790
     925
     850
     825
     894
     796
     866
     857
     814
     856
     915
     899
     875
     870
     868
     891
     956
     854
     944
     916
     973
     916
    1002
     998
     984
     997
    1026
    1003
     934
    1023
     986
    1056
    1044
    1075
    1075
    1002
    1031
    1039
     988
    1005
     955
    1001
     945
     944
     960
     968
     966
     907
     842
     900
     910
     852
     848
     821
     838
     848
     808
     792
     793
     788
     783
     800
     780
     836
     780
     797
     747
     762
     729
     742
     796
     728
     768
     739
     725
     757
     700
     685
     701
     704
     712
     701
     719
     685
     678
     755
     679
     716
     655
     723
     699
     664
     685
     652
     712
     675
     674
     661
     639
     656
     662
     592
     696
     672
     619
     647
     585
     673
     612
     612
     621
     578
     579
     647
     611
     567
     580
     583
     607
     603
     555
     570
     580
     591
     605
     554
     564
     569
     559
     539
     595
     566
     551
     546
     542
     534
     517
     567
     551
     551
     519
     546
     563
     531
     531
     557
     555
     510
     518
     522
     525
     515
     571
     537
     529
     471
     529
     498
     509
     531
     478
     506
     542
     500
     496
     523
     506
     494
     497
     522
     512
     524
     530
     518
     484
     480
     473
     491
     503
     553
     485
     472
     471
     492
     488
     492
     485
     523
     458
     471
     442
     458
     429
     452
     487
     433
     441
     431
     424
     440
     386
     376
     409
     402
     370
     357
     372
     396
     341
     351
     354
     367
     359
     346
     334
     329
     324
     303
     300
     289
     296
     290
     290
     289
     266
     266
     270
     258
     259
     301
     271
     272
     239
     274
     251
     264
     247
     266
     246
     250
     247
     247
     260
     228
     253
     243
     238
     226
     221
     229
     246
     201
     207
     222
     220
     185
     247
     222
     187
     225
     223
     233
     211
     193
     206
     199
     200
     193
     189
     221
     172
     202
     205
     209
     197
     188
     190
     169
     194
     199
     194
     194
     174
     192
     202
     181
     182
     174
     170
     150
     182
     193
     192
     182
     196
     155
     201
     208
     206
     186
     173
     148
     152
     174
     189
     152
     159
     203
     160
     176
     194
     168
     150
     186
     161
     156
     183
     167
     163
     177
     161
     159
     174
     175
     175
     169
     177
     185
     194
     168
     169
     209
     180
     214
     176
     182
     203
     187
     171
     181
     176
     181
     180
     158
     189
     187
     212
     184
     187
     204
     184
     212
     220
     185
     215
     219
     228
     247
     268
     262
     275
     293
     307
     260
     350
     340
     355
     389
     437
     451
     467
     496
     520
     550
     609
     616
     686
     713
     736
     787
     804
     921
    1039
     990
    1056
    1153
    1182
    1313
    1299
    1393
    1447
    1570
    1611
    1678
    1774
    1824
    1806
    1817
    1957
    1979
    2067
    2127
    2135
    2143
    2233
    2215
    2293
    2236
    2398
    2363
    2391
    2310
    2361
    2290
    2336
    2348
    2200
    2226
    2227
    2110
    2121
    2033
    2011
    1966
    1881
    1802
    1754
    1772
    1661
    1612
    1505
    1486
    1350
    1218
    1174
    1090
    1049
     996
     943
     835
     812
     748
     679
     586
     647
     579
     505
     491
     422
     412
     361
     343
     339
     277
     267
     245
     235
     211
     186
     179
     175
     187
     135
     135
     122
     117
     134
     123
     127
     119
     109
     112
      97
     131
     103
      99
     100
      89
      95
      89
     112
      90
      88
      97
     100
      84
      95
      87
      88
      81
      96
      89
      77
      86
      96
      95
     101
      88
      91
      94
      94
      76
      76
      91
      81
      92
     108
      86
      85
      79
      77
      90
      93
      81
      90
      99
      91
      99
      90
      70
      91
      92
      90
      83
      86
     102
      84
      84
      68
      74
      83
      82
      83
      94
      77
      90
      86
     106
      89
      84
      92
      93
      95
      79
      83
      80
      75
      86
      84
      96
      90
      77
      99
      73
      76
      89
      67
      78
      76
      66
      89
      91
      81
      85
      82
      89
      73
      95
      81
      82
      82
      85
      78
     107
      77
      85
      77
      70
     101
      89
      79
      88
      88
      93
     102
      75
      71
      85
      88
      85
      74
      94
      85
      70
      85
      83
      93
      80
     105
      80
      77
      88
      84
      87
      71
      81
      79
      77
      74
      96
      83
      73
      71
      82
      95
      81
      63
      84
      76
      73
      95
      77
      84
      76
      83
      75
      75
      85
      68
      87
      71
      73
      93
      67
      88
      82
      66
      67
      72
      76
      84
      77
      60
      86
      82
      84
      88
      87
      89
     102
      71
      79
      91
      86
      66
      74
      67
      82
      77
      85
      81
      74
      80
      66
      86
      79
      74
      75
      78
      71
      77
      84
      82
      90
      91
      80
      72
      90
      68
      86
      68
      76
      92
      91
      98
      89
      68
      80
      72
      76
      72
      83
      62
      72
      83
      88
      66
      79
      75
      85
      82
      87
      76
      94
      78
      94
      82
      85
      93
      84
      73
      82
      74
      61
      95
      77
      80
      80
      73
      82
      79
      78
      75
      72
      71
      63
      81
      74
      76
     106
      69
      94
      70
      76
      64
      74
      84
      70
      62
      73
      80
      85
      75
      73
      67
      72
      79
      96
      78
      95
      72
      87
      65
      72
      79
      80
      82
      76
      83
      67
      78
      91
      85
      63
      87
      86
      27
       0
       0
       0
       0
       0
       0
       0
       0
       0
       0
       0
       0
       0
       0
       0
       0
       0
       0
       0
       0
       0
       0
       0
       0
       0
       0
       0
       0
       0
       0
       0
       0
       0
       0
       0
       0
       0
       0
       0
       0
       0
       0
       0
       0
       0
       0
       0
       0
       0
       0
       0
       0
       0
       0
       0
       0
       0
       0
       0
       0
       0
       0
       0
       0
       0
       0
       0
       0
       0
       0
       0
       0
       0
$ROI:
0
$PRESETS:
Live Time
200
0
$ENER_FIT:
-289.438599 1.280702
$MCA_CAL:
3
-2.894386E+002 1.280702E+000 0.000000E+000
$SHAPE_CAL:
3
0.000000E+000 0.000000E+000 0.000000E+000
